#Quasar bolometric luminosity function in different Eddington ratio bins from TRINITY PaperIII (Fig. 8, Zhang+2024, MNRAS, 529, 2777)
#z: 0.10
#log10(Lbol [erg/s])(0) log10(QLF_total [Mpc^-3 dex^-1])(1) log10(QLF(-3<logEta<-2) [Mpc^-3 dex^-1])(2) log10(QLF(-3<logEta<-2)_16th [Mpc^-3 dex^-1])(3) log10(QLF(-3<logEta<-2)_84th [Mpc^-3 dex^-1])(4)
#log10(QLF(-2<logEta<-1) [Mpc^-3 dex^-1])(5) log10(QLF(-2<logEta<-1)_16th [Mpc^-3 dex^-1])(6) log10(QLF(-2<logEta<-1)_84th [Mpc^-3 dex^-1])(7)
#log10(QLF(-1<logEta<0) [Mpc^-3 dex^-1])(8) log10(QLF(-1<logEta<0)_16th [Mpc^-3 dex^-1])(9) log10(QLF(-1<logEta<0)_84th [Mpc^-3 dex^-1])(10)
#log10(QLF(0<logEta<1) [Mpc^-3 dex^-1])(11) log10(QLF(0<logEta<1)_16th [Mpc^-3 dex^-1])(12) log10(QLF(0<logEta<1)_84th [Mpc^-3 dex^-1])(13)
40.000000 -2.767491 -3.688108 -3.911185 -3.466370 -3.357881 -3.582476 -3.107737 -3.296793 -3.682506 -3.198665 -inf nan nan
40.040000 -2.771796 -3.695450 -3.916688 -3.473236 -3.366247 -3.587206 -3.118222 -3.292196 -3.676434 -3.202641 nan nan nan
40.080000 -2.776144 -3.702938 -3.922309 -3.479785 -3.374232 -3.591939 -3.127876 -3.288190 -3.670796 -3.207220 nan nan nan
40.120000 -2.781087 -3.710160 -3.927619 -3.487965 -3.382237 -3.596642 -3.137912 -3.292060 -3.670545 -3.215521 -5.138086 -5.650961 -5.074001
40.160000 -2.786647 -3.717428 -3.933087 -3.497988 -3.390111 -3.601404 -3.147886 -3.302008 -3.674367 -3.226553 -4.707018 -5.232505 -4.604240
40.200000 -2.792278 -3.724624 -3.938538 -3.508098 -3.397668 -3.606023 -3.157374 -3.310744 -3.680013 -3.238428 -4.528012 -5.079417 -4.373493
40.240000 -2.798607 -3.731705 -3.943544 -3.517525 -3.405787 -3.611123 -3.168025 -3.321424 -3.686211 -3.249659 -4.409357 -4.957818 -4.236930
40.280000 -2.805029 -3.738781 -3.949179 -3.526794 -3.413564 -3.616176 -3.178030 -3.330391 -3.693795 -3.261716 -4.342095 -4.891944 -4.160073
40.320000 -2.811586 -3.745696 -3.953896 -3.536714 -3.421392 -3.621570 -3.188360 -3.340785 -3.700698 -3.273863 -4.281421 -4.800305 -4.099640
40.360000 -2.818283 -3.752670 -3.959631 -3.546733 -3.429343 -3.629072 -3.198652 -3.350516 -3.708045 -3.285835 -4.241817 -4.724159 -4.059690
40.400000 -2.825084 -3.759473 -3.964891 -3.556494 -3.436827 -3.636290 -3.208665 -3.360182 -3.716002 -3.297418 -4.212954 -4.715961 -4.014214
40.440000 -2.832308 -3.766374 -3.970410 -3.566408 -3.444950 -3.643669 -3.218767 -3.370684 -3.723135 -3.308206 -4.189330 -4.717848 -3.982453
40.480000 -2.839654 -3.773119 -3.975742 -3.575983 -3.452677 -3.650818 -3.228555 -3.380643 -3.731349 -3.319810 -4.176508 -4.731159 -3.954605
40.520000 -2.847290 -3.779900 -3.981488 -3.585636 -3.460462 -3.657863 -3.238361 -3.390928 -3.739466 -3.331056 -4.168478 -4.747438 -3.933305
40.560000 -2.855229 -3.786740 -3.988980 -3.595267 -3.468383 -3.664954 -3.248486 -3.401198 -3.747801 -3.342898 -4.167444 -4.755543 -3.930677
40.600000 -2.863315 -3.793528 -3.996275 -3.604828 -3.475810 -3.671630 -3.257895 -3.411352 -3.757282 -3.355652 -4.172496 -4.769474 -3.927521
40.640000 -2.871707 -3.800378 -4.003565 -3.614472 -3.483921 -3.678926 -3.268288 -3.421841 -3.765596 -3.367479 -4.178128 -4.773333 -3.925969
40.680000 -2.880263 -3.807153 -4.009904 -3.624019 -3.491549 -3.685836 -3.278316 -3.432859 -3.775396 -3.380668 -4.186567 -4.808638 -3.939631
40.720000 -2.888884 -3.814011 -4.015134 -3.633734 -3.499574 -3.692970 -3.288733 -3.443114 -3.785491 -3.393125 -4.200932 -4.829915 -3.952388
40.760000 -2.897569 -3.820723 -4.019096 -3.643327 -3.507988 -3.700420 -3.299892 -3.454434 -3.794894 -3.406180 -4.211583 -4.831779 -3.964940
40.800000 -2.906432 -3.827557 -4.023264 -3.653136 -3.515940 -3.707371 -3.305102 -3.464564 -3.813263 -3.419688 -4.235020 -4.856319 -3.977318
40.840000 -2.915109 -3.834141 -4.028439 -3.662755 -3.524456 -3.715715 -3.313722 -3.476058 -3.820278 -3.433173 -4.244431 -4.854296 -3.990458
40.880000 -2.923963 -3.840775 -4.032663 -3.672472 -3.532463 -3.723585 -3.322673 -3.487014 -3.831235 -3.447447 -4.263332 -4.867961 -4.004445
40.920000 -2.932840 -3.847327 -4.036199 -3.682205 -3.540632 -3.731310 -3.333073 -3.497764 -3.840703 -3.461686 -4.283162 -4.884989 -4.015872
40.960000 -2.941738 -3.853791 -4.039353 -3.691852 -3.548842 -3.738816 -3.339187 -3.509500 -3.852451 -3.474504 -4.296511 -4.888056 -4.027464
41.000000 -2.950822 -3.860247 -4.042475 -3.701522 -3.556611 -3.745907 -3.345180 -3.519649 -3.865606 -3.485962 -4.327126 -4.922766 -4.045745
41.040000 -2.959796 -3.866553 -4.045475 -3.710990 -3.565340 -3.753126 -3.356489 -3.532125 -3.876660 -3.498789 -4.333951 -4.919321 -4.054250
41.080000 -2.968958 -3.872917 -4.051531 -3.720537 -3.573562 -3.761096 -3.366650 -3.543151 -3.890476 -3.512663 -4.357629 -4.942648 -4.072949
41.120000 -2.978138 -3.879127 -4.057842 -3.729783 -3.581652 -3.770468 -3.377496 -3.555019 -3.903827 -3.526333 -4.375391 -4.957610 -4.089037
41.160000 -2.987330 -3.885427 -4.064517 -3.739183 -3.589477 -3.779741 -3.388086 -3.566874 -3.917763 -3.540156 -4.392319 -4.971515 -4.103506
41.200000 -2.996721 -3.891596 -4.070959 -3.748232 -3.596831 -3.787195 -3.398204 -3.578337 -3.933771 -3.554947 -4.420959 -4.999919 -4.117873
41.240000 -3.005976 -3.897785 -4.077372 -3.757336 -3.604342 -3.789549 -3.409352 -3.590938 -3.947051 -3.567565 -4.431366 -5.005336 -4.132779
41.280000 -3.015433 -3.904010 -4.083663 -3.766424 -3.611297 -3.797844 -3.419685 -3.602845 -3.963030 -3.578924 -4.456024 -5.028210 -4.146926
41.320000 -3.024875 -3.910182 -4.089874 -3.775394 -3.618332 -3.805370 -3.430297 -3.615444 -3.978615 -3.590942 -4.474825 -5.043685 -4.162647
41.360000 -3.034296 -3.916386 -4.096064 -3.784401 -3.625427 -3.812876 -3.441215 -3.627628 -3.990056 -3.602539 -4.495893 -5.061419 -4.176293
41.400000 -3.043926 -3.922510 -4.102205 -3.793310 -3.631990 -3.820007 -3.451368 -3.640454 -3.997114 -3.614691 -4.522548 -5.081605 -4.192931
41.440000 -3.053388 -3.928665 -4.108350 -3.802370 -3.639304 -3.827704 -3.462876 -3.653264 -4.004708 -3.626855 -4.537005 -5.087430 -4.207290
41.480000 -3.063061 -3.934668 -4.114480 -3.811523 -3.646185 -3.835006 -3.473922 -3.666397 -4.012088 -3.639398 -4.559290 -5.100558 -4.223639
41.520000 -3.072737 -3.940742 -4.120656 -3.820459 -3.653084 -3.842292 -3.484901 -3.679263 -4.019502 -3.650008 -4.582941 -5.126032 -4.239121
41.560000 -3.082410 -3.946549 -4.126766 -3.829430 -3.660321 -3.849739 -3.496625 -3.692565 -4.027492 -3.659320 -4.601191 -5.144636 -4.255433
41.600000 -3.092304 -3.952388 -4.132920 -3.838467 -3.666838 -3.863706 -3.507174 -3.705751 -4.034776 -3.667501 -4.633591 -5.182794 -4.284371
41.640000 -3.101881 -3.958056 -4.138959 -3.847505 -3.674445 -3.878142 -3.518924 -3.719075 -4.043277 -3.676393 -4.648214 -5.194380 -4.300229
41.680000 -3.111674 -3.963648 -4.144978 -3.856458 -3.681403 -3.884399 -3.529788 -3.732937 -4.051504 -3.684727 -4.671774 -5.215171 -4.323135
41.720000 -3.121443 -3.969130 -4.150857 -3.863609 -3.688994 -3.889337 -3.540664 -3.746129 -4.059476 -3.692713 -4.700380 -5.242509 -4.348741
41.760000 -3.131182 -3.974468 -4.156585 -3.865517 -3.697366 -3.893970 -3.552048 -3.760570 -4.072782 -3.702005 -4.715337 -5.253717 -4.365814
41.800000 -3.141144 -3.979760 -4.162236 -3.868928 -3.704885 -3.898111 -3.562013 -3.774468 -4.086977 -3.717431 -4.753508 -5.290512 -4.398135
41.840000 -3.150813 -3.984863 -4.164593 -3.877363 -3.713828 -3.902958 -3.574285 -3.788868 -4.094513 -3.733313 -4.764076 -5.298000 -4.411304
41.880000 -3.160701 -3.989984 -4.168131 -3.885315 -3.721802 -3.910779 -3.584965 -3.803482 -4.102317 -3.750820 -4.792543 -5.324003 -4.434217
41.920000 -3.170590 -3.994851 -4.173428 -3.893918 -3.729915 -3.918828 -3.596485 -3.818106 -4.108903 -3.762649 -4.817835 -5.347002 -4.455033
41.960000 -3.180475 -3.999756 -4.178418 -3.902554 -3.737752 -3.926812 -3.608079 -3.833271 -4.120941 -3.774001 -4.837027 -5.363645 -4.472861
42.000000 -3.190591 -4.004426 -4.177696 -3.911071 -3.744824 -3.934353 -3.618683 -3.848605 -4.142547 -3.785902 -4.876485 -5.400418 -4.488611
42.040000 -3.200658 -4.009107 -4.173576 -3.919443 -3.753593 -3.941608 -3.631136 -3.864005 -4.157762 -3.798777 -4.886946 -5.408237 -4.498552
42.080000 -3.210965 -4.013586 -4.172105 -3.927798 -3.761356 -3.948252 -3.642239 -3.879705 -4.177843 -3.811087 -4.920373 -5.439999 -4.513185
42.120000 -3.221327 -4.017964 -4.175629 -3.936005 -3.769535 -3.955023 -3.654028 -3.895881 -4.196200 -3.824244 -4.942139 -5.460566 -4.532470
42.160000 -3.231741 -4.022238 -4.178981 -3.944227 -3.777456 -3.961706 -3.665592 -3.912075 -4.215559 -3.837055 -4.965783 -5.483421 -4.552656
42.200000 -3.242412 -4.026233 -4.182145 -3.952323 -3.784963 -3.966993 -3.676718 -3.929106 -4.237702 -3.848848 -5.002016 -5.521175 -4.581440
42.240000 -3.252789 -4.030290 -4.184176 -3.960443 -3.793459 -3.974844 -3.689201 -3.945168 -4.254843 -3.861257 -5.017327 -5.534421 -4.598313
42.280000 -3.263421 -4.033897 -4.182473 -3.968055 -3.801318 -3.981247 -3.701086 -3.962342 -4.276244 -3.873253 -5.046997 -5.563644 -4.623999
42.320000 -3.274116 -4.037596 -4.189040 -3.975161 -3.809402 -3.987665 -3.712997 -3.979456 -4.297385 -3.885463 -5.074841 -5.591244 -4.644806
42.360000 -3.284873 -4.040870 -4.193907 -3.982699 -3.817902 -3.994245 -3.725479 -3.996477 -4.318320 -3.897627 -5.099079 -5.614648 -4.662180
42.400000 -3.295904 -4.044103 -4.199242 -3.990609 -3.825439 -4.000293 -3.736914 -4.015325 -4.346083 -3.909895 -5.137334 -5.653849 -4.693786
42.440000 -3.306862 -4.047153 -4.202942 -3.994576 -3.834424 -4.007280 -3.749927 -4.031922 -4.363976 -3.922162 -5.157617 -5.672832 -4.713917
42.480000 -3.318103 -4.050032 -4.206048 -4.000617 -3.842607 -4.013909 -3.762385 -4.050809 -4.388459 -3.939179 -5.184243 -5.698557 -4.740094
42.520000 -3.329604 -4.052805 -4.203389 -4.007761 -3.850658 -4.020536 -3.774900 -4.069492 -4.413523 -3.957173 -5.217667 -5.732135 -4.761404
42.560000 -3.341377 -4.055409 -4.203748 -4.013604 -3.859571 -4.028169 -3.786086 -4.087780 -4.422908 -3.972640 -5.238000 -5.751233 -4.777675
42.600000 -3.353479 -4.057943 -4.204494 -4.018809 -3.866760 -4.036025 -3.797480 -4.108968 -4.450729 -3.989760 -5.282771 -5.797151 -4.801189
42.640000 -3.365528 -4.060381 -4.211276 -4.024654 -3.876434 -4.051674 -3.814251 -4.126719 -4.466743 -4.003256 -5.297864 -5.811016 -4.815500
42.680000 -3.377921 -4.062882 -4.217727 -4.030607 -3.884578 -4.067194 -3.827934 -4.147764 -4.490900 -4.016968 -5.329949 -5.843247 -4.843158
42.720000 -3.390455 -4.065134 -4.223769 -4.033607 -3.893255 -4.082921 -3.832928 -4.168091 -4.515527 -4.030562 -5.363638 -5.877180 -4.872556
42.760000 -3.403133 -4.067629 -4.229845 -4.035173 -3.902453 -4.099312 -3.837174 -4.188578 -4.540839 -4.044746 -5.383801 -5.896850 -4.894565
42.800000 -3.416192 -4.069894 -4.236095 -4.036016 -3.910012 -4.104927 -3.840545 -4.212514 -4.575609 -4.061346 -5.433841 -5.948649 -4.935703
42.840000 -3.429329 -4.072561 -4.242682 -4.037934 -3.920874 -4.110995 -3.844539 -4.231749 -4.596913 -4.078357 -5.443745 -5.957519 -4.950621
42.880000 -3.442876 -4.075173 -4.244913 -4.038512 -3.929714 -4.115381 -3.847391 -4.255735 -4.629362 -4.092727 -5.480311 -5.995318 -4.983257
42.920000 -3.456546 -4.077989 -4.245397 -4.034543 -3.940096 -4.125783 -3.860333 -4.277625 -4.656937 -4.106562 -5.509517 -6.024914 -5.010834
42.960000 -3.470337 -4.081116 -4.247172 -4.030858 -3.950550 -4.136348 -3.873263 -4.300291 -4.684893 -4.120928 -5.535108 -6.050351 -5.035530
43.000000 -3.484581 -4.084280 -4.249475 -4.027075 -3.960060 -4.145711 -3.886313 -4.326665 -4.717218 -4.135807 -5.580519 -6.097565 -5.074616
43.040000 -3.498838 -4.088125 -4.251104 -4.024064 -3.971767 -4.153099 -3.901884 -4.347335 -4.737146 -4.151996 -5.596647 -6.112845 -5.092218
43.080000 -3.513579 -4.092156 -4.252945 -4.020995 -3.982136 -4.161139 -3.914929 -4.372781 -4.766334 -4.173887 -5.633885 -6.150651 -5.124100
43.120000 -3.528590 -4.096665 -4.256655 -4.018613 -3.993484 -4.176061 -3.925395 -4.397322 -4.794216 -4.192901 -5.664681 -6.181970 -5.152500
43.160000 -3.543882 -4.101838 -4.263327 -4.016693 -4.005411 -4.190572 -3.938015 -4.421426 -4.820408 -4.212801 -5.695873 -6.212964 -5.179593
43.200000 -3.559732 -4.107298 -4.273656 -4.014882 -4.016470 -4.203163 -3.942606 -4.450831 -4.856064 -4.231206 -5.738881 -6.256639 -5.216499
43.240000 -3.575621 -4.113810 -4.284820 -4.014163 -4.030212 -4.214849 -3.953986 -4.473465 -4.879542 -4.241693 -5.760005 -6.277664 -5.236763
43.280000 -3.592113 -4.120862 -4.296747 -4.014541 -4.043594 -4.226737 -3.966515 -4.500250 -4.908715 -4.262654 -5.793494 -6.311468 -5.264953
43.320000 -3.608957 -4.128576 -4.309177 -4.016590 -4.056652 -4.237944 -3.980776 -4.528031 -4.940533 -4.283018 -5.829853 -6.348255 -5.293035
43.360000 -3.626168 -4.137561 -4.322980 -4.019232 -4.070647 -4.249155 -3.996893 -4.552943 -4.965365 -4.298841 -5.856020 -6.375058 -5.316216
43.400000 -3.644090 -4.146730 -4.337051 -4.027238 -4.083069 -4.257628 -4.010674 -4.586892 -5.004607 -4.323863 -5.904972 -6.424640 -5.353585
43.440000 -3.662152 -4.157880 -4.352848 -4.036907 -4.098113 -4.273639 -4.023882 -4.609537 -5.025355 -4.344101 -5.925311 -6.445770 -5.371816
43.480000 -3.680998 -4.169308 -4.362900 -4.047735 -4.112184 -4.285058 -4.033573 -4.640212 -5.056822 -4.368872 -5.959270 -6.481074 -5.400077
43.520000 -3.700387 -4.182286 -4.369606 -4.059674 -4.126397 -4.295398 -4.044038 -4.670569 -5.088296 -4.393981 -6.000513 -6.522747 -5.430301
43.560000 -3.720354 -4.196246 -4.382513 -4.071719 -4.141974 -4.302550 -4.055948 -4.697465 -5.112319 -4.418234 -6.021486 -6.545892 -5.448782
43.600000 -3.741285 -4.211223 -4.400512 -4.088125 -4.155754 -4.316797 -4.067550 -4.736691 -5.154340 -4.435801 -6.075787 -6.601127 -5.487812
43.640000 -3.762136 -4.227942 -4.419572 -4.103322 -4.173111 -4.330935 -4.082644 -4.759008 -5.173474 -4.458471 -6.090890 -6.617718 -5.502301
43.680000 -3.784039 -4.245325 -4.439806 -4.120199 -4.189113 -4.343022 -4.102969 -4.793836 -5.208245 -4.487881 -6.129988 -6.657381 -5.533112
43.720000 -3.806354 -4.264765 -4.462174 -4.138258 -4.206246 -4.353993 -4.120761 -4.825075 -5.237431 -4.509123 -6.166385 -6.686694 -5.572567
43.760000 -3.829084 -4.284726 -4.485276 -4.156010 -4.224272 -4.367059 -4.132051 -4.855065 -5.264211 -4.527732 -6.193244 -6.704375 -5.596834
43.800000 -3.853070 -4.307062 -4.510313 -4.176037 -4.241862 -4.377828 -4.141627 -4.896046 -5.306495 -4.548252 -6.247283 -6.749298 -5.640653
43.840000 -3.876648 -4.330124 -4.536018 -4.191496 -4.260494 -4.392464 -4.154169 -4.920644 -5.327478 -4.566079 -6.264334 -6.754946 -5.656431
43.880000 -3.901579 -4.355186 -4.559677 -4.208032 -4.278629 -4.413155 -4.167395 -4.957645 -5.365632 -4.586934 -6.308668 -6.790723 -5.692264
43.920000 -3.926997 -4.381371 -4.582090 -4.225924 -4.297784 -4.426861 -4.180737 -4.990885 -5.398691 -4.611298 -6.342032 -6.811164 -5.719883
43.960000 -3.952898 -4.409164 -4.606087 -4.245496 -4.317047 -4.438556 -4.193707 -5.024130 -5.431134 -4.636653 -6.374959 -6.834343 -5.746982
44.000000 -3.980443 -4.438695 -4.630537 -4.268739 -4.337403 -4.455413 -4.206853 -5.066045 -5.473993 -4.660750 -6.425908 -6.872788 -5.788711
44.040000 -4.007274 -4.469216 -4.655991 -4.294793 -4.358118 -4.465939 -4.222564 -5.092938 -5.498207 -4.679524 -6.448631 -6.885236 -5.807915
44.080000 -4.035872 -4.502094 -4.683601 -4.327835 -4.379957 -4.479954 -4.238331 -5.129334 -5.532986 -4.707586 -6.489490 -6.914193 -5.842042
44.120000 -4.064959 -4.535536 -4.711793 -4.363643 -4.401928 -4.496498 -4.255079 -5.166517 -5.568817 -4.736291 -6.528728 -6.941970 -5.874060
44.160000 -4.094500 -4.571644 -4.747113 -4.402876 -4.425078 -4.516316 -4.273708 -5.197835 -5.595081 -4.762664 -6.561547 -6.964210 -5.902362
44.200000 -4.126197 -4.608691 -4.786553 -4.443912 -4.449147 -4.532973 -4.292108 -5.244942 -5.637541 -4.796011 -6.614023 -7.003863 -5.948765
44.240000 -4.156763 -4.647465 -4.821475 -4.485051 -4.473558 -4.548437 -4.312646 -5.271702 -5.656613 -4.823350 -6.640614 -7.021713 -5.972024
44.280000 -4.189644 -4.687783 -4.857876 -4.524845 -4.499977 -4.570719 -4.334061 -5.309512 -5.685757 -4.856891 -6.677038 -7.045125 -6.004543
44.320000 -4.223134 -4.729651 -4.896274 -4.565345 -4.526377 -4.592386 -4.356524 -5.350811 -5.720436 -4.890288 -6.720993 -7.078981 -6.043118
44.360000 -4.257166 -4.773044 -4.937915 -4.607595 -4.555214 -4.615266 -4.381878 -5.379859 -5.738773 -4.918460 -6.748671 -7.104138 -6.068150
44.400000 -4.294093 -4.818276 -4.981374 -4.652537 -4.585093 -4.647650 -4.406721 -5.431678 -5.782534 -4.959532 -6.805538 -7.161495 -6.119205
44.440000 -4.328671 -4.864512 -5.030293 -4.697389 -4.614466 -4.678117 -4.432321 -5.455555 -5.795642 -4.984700 -6.827465 -7.188943 -6.138380
44.480000 -4.366242 -4.912419 -5.081879 -4.745402 -4.645704 -4.704376 -4.456573 -5.497274 -5.827305 -5.021121 -6.869031 -7.234088 -6.176069
44.520000 -4.404067 -4.962220 -5.134965 -4.797448 -4.677881 -4.730632 -4.482792 -5.536302 -5.855554 -5.055789 -6.912646 -7.279709 -6.214761
44.560000 -4.441894 -5.013007 -5.189622 -4.848798 -4.710926 -4.757947 -4.510852 -5.568764 -5.876651 -5.087358 -6.941961 -7.314758 -6.241246
44.600000 -4.483334 -5.066208 -5.247129 -4.901034 -4.746745 -4.787894 -4.545666 -5.622126 -5.918047 -5.131228 -7.003510 -7.362823 -6.296992
44.640000 -4.521648 -5.119625 -5.305600 -4.952381 -4.781165 -4.817050 -4.580822 -5.645619 -5.931158 -5.158054 -7.022326 -7.377076 -6.313894
44.680000 -4.563672 -5.175551 -5.367439 -5.006925 -4.818085 -4.854141 -4.608381 -5.691208 -5.966682 -5.199444 -7.069400 -7.412695 -6.356357
44.720000 -4.605957 -5.232322 -5.429360 -5.066660 -4.856483 -4.894779 -4.637696 -5.727543 -5.992960 -5.234710 -7.109638 -7.442759 -6.393322
44.760000 -4.648128 -5.291075 -5.494659 -5.122702 -4.893884 -4.935425 -4.667671 -5.763013 -6.019524 -5.268181 -7.143959 -7.468812 -6.424793
44.800000 -4.694838 -5.351175 -5.559810 -5.183916 -4.936403 -4.975109 -4.708915 -5.814243 -6.056518 -5.313410 -7.202062 -7.512337 -6.478630
44.840000 -4.736673 -5.412239 -5.627045 -5.243721 -4.974456 -5.016710 -4.748191 -5.840723 -6.075189 -5.342761 -7.225774 -7.530059 -6.500481
44.880000 -4.782972 -5.475226 -5.695395 -5.308890 -5.017283 -5.063550 -4.792012 -5.882964 -6.105164 -5.384694 -7.272318 -7.564872 -6.543792
44.920000 -4.829311 -5.539794 -5.765783 -5.375043 -5.059940 -5.110290 -4.837752 -5.923944 -6.133468 -5.425273 -7.313157 -7.597402 -6.582847
44.960000 -4.875088 -5.605668 -5.831160 -5.440813 -5.102375 -5.149242 -4.876861 -5.959098 -6.158080 -5.462187 -7.351217 -7.627664 -6.618822
45.000000 -4.926264 -5.673660 -5.897337 -5.510092 -5.150271 -5.198146 -4.915431 -6.011886 -6.194189 -5.513776 -7.404595 -7.670673 -6.672903
45.040000 -4.971301 -5.742820 -5.965441 -5.579248 -5.192172 -5.243652 -4.949242 -6.041978 -6.214755 -5.546794 -7.432142 -7.692212 -6.700160
45.080000 -5.021554 -5.813067 -6.034970 -5.650422 -5.240635 -5.285829 -4.990223 -6.082113 -6.241450 -5.589888 -7.474116 -7.723081 -6.742757
45.120000 -5.071724 -5.887106 -6.109199 -5.724473 -5.287453 -5.339344 -5.040617 -6.127626 -6.273226 -5.635909 -7.518758 -7.756852 -6.788351
45.160000 -5.120977 -5.959416 -6.181294 -5.792403 -5.335529 -5.398195 -5.101375 -6.160851 -6.294248 -5.672451 -7.552303 -7.781115 -6.822236
45.200000 -5.176539 -6.037066 -6.265961 -5.863440 -5.388101 -5.460342 -5.168639 -6.219271 -6.343217 -5.729596 -7.610585 -7.840428 -6.874345
45.240000 -5.224818 -6.113176 -6.347617 -5.930670 -5.434600 -5.510547 -5.215023 -6.247142 -6.364610 -5.761539 -7.637528 -7.866560 -6.900930
45.280000 -5.279142 -6.193444 -6.433960 -6.002315 -5.486368 -5.560592 -5.265166 -6.293056 -6.404609 -5.809289 -7.680020 -7.908841 -6.945657
45.320000 -5.333174 -6.274892 -6.521017 -6.077901 -5.537591 -5.610396 -5.318602 -6.340167 -6.447078 -5.857557 -7.728724 -7.957783 -6.997664
45.360000 -5.385772 -6.357539 -6.608587 -6.156692 -5.588786 -5.661122 -5.366272 -6.376115 -6.474443 -5.897381 -7.757782 -7.985221 -7.033684
45.400000 -5.445630 -6.445170 -6.714634 -6.240992 -5.644853 -5.715608 -5.422756 -6.439810 -6.519912 -5.960426 -7.820569 -8.040798 -7.099586
45.440000 -5.496345 -6.529882 -6.803288 -6.323416 -5.695110 -5.766344 -5.483919 -6.467253 -6.537057 -5.993483 -7.841967 -8.057172 -7.125134
45.480000 -5.553774 -6.623983 -6.898911 -6.413789 -5.749393 -5.823989 -5.549532 -6.518698 -6.585027 -6.046784 -7.888114 -8.093870 -7.180305
45.520000 -5.610728 -6.711082 -6.987648 -6.499543 -5.805260 -5.882295 -5.619704 -6.565623 -6.624364 -6.097198 -7.931305 -8.127909 -7.234864
45.560000 -5.665784 -6.807971 -7.089125 -6.592340 -5.859004 -5.944030 -5.683493 -6.606784 -6.666629 -6.143939 -7.963761 -8.154570 -7.264897
45.600000 -5.728847 -6.901781 -7.188710 -6.684429 -5.920052 -6.019573 -5.748340 -6.670079 -6.722136 -6.208716 -8.024822 -8.203908 -7.323429
45.640000 -5.781963 -7.000998 -7.295412 -6.779432 -5.973010 -6.073409 -5.804898 -6.702784 -6.742210 -6.247146 -8.045963 -8.220440 -7.349552
45.680000 -5.842494 -7.102225 -7.403363 -6.877212 -6.031980 -6.150235 -5.868417 -6.755773 -6.790547 -6.304589 -8.094734 -8.267386 -7.401525
45.720000 -5.902558 -7.203637 -7.510584 -6.975533 -6.091412 -6.224268 -5.934209 -6.805347 -6.831708 -6.360181 -8.133048 -8.306566 -7.449172
45.760000 -5.960502 -7.313703 -7.629281 -7.080185 -6.148654 -6.280057 -5.997162 -6.850753 -6.869060 -6.410986 -8.169202 -8.343229 -7.491280
45.800000 -6.027386 -7.416544 -7.736210 -7.181248 -6.214712 -6.345440 -6.072779 -6.913384 -6.938127 -6.480986 -8.224494 -8.400950 -7.557269
45.840000 -6.082982 -7.536908 -7.863852 -7.294024 -6.270959 -6.401424 -6.139491 -6.950088 -6.968079 -6.525157 -8.250131 -8.425143 -7.583460
45.880000 -6.146755 -7.640208 -7.975694 -7.395945 -6.335822 -6.469931 -6.209486 -7.001733 -7.011598 -6.586226 -8.294233 -8.465842 -7.628981
45.920000 -6.210196 -7.762280 -8.102571 -7.503923 -6.399405 -6.534409 -6.281411 -7.054859 -7.055253 -6.647610 -8.337017 -8.503834 -7.682240
45.960000 -6.271439 -7.875658 -8.228347 -7.610774 -6.463276 -6.606623 -6.355691 -7.098096 -7.101478 -6.701550 -8.373004 -8.515241 -7.727976
46.000000 -6.342759 -7.998436 -8.367860 -7.726814 -6.534631 -6.680378 -6.438212 -7.164256 -7.160336 -6.778419 -8.429737 -8.550058 -7.796381
46.040000 -6.401747 -8.123582 -8.508192 -7.841938 -6.597633 -6.753564 -6.510553 -7.200807 -7.194651 -6.826541 -8.459621 -8.561102 -7.833702
46.080000 -6.470025 -8.246089 -8.628416 -7.961215 -6.669258 -6.836872 -6.590813 -7.253176 -7.247846 -6.892630 -8.501003 -8.573419 -7.890420
46.120000 -6.537961 -8.384641 -8.775845 -8.098027 -6.739373 -6.921043 -6.669265 -7.308888 -7.303350 -6.960415 -8.548817 -8.605686 -7.945830
46.160000 -6.603246 -8.506133 -8.905139 -8.209770 -6.810998 -6.992711 -6.740455 -7.349834 -7.350956 -7.020831 -8.581830 -8.633040 -7.978675
46.200000 -6.680111 -8.659477 -9.072699 -8.346475 -6.889384 -7.089996 -6.817058 -7.418585 -7.417116 -7.104874 -8.644145 -8.692517 -8.036666
46.240000 -6.742564 -8.779317 -9.192967 -8.465690 -6.960789 -7.159772 -6.889719 -7.453002 -7.451889 -7.158745 -8.670797 -8.719160 -8.064790
46.280000 -6.815532 -8.930702 -9.350088 -8.612051 -7.039780 -7.237250 -6.971460 -7.508365 -7.513778 -7.220040 -8.718049 -8.762949 -8.118128
46.320000 -6.888223 -9.066345 -9.488894 -8.740363 -7.119548 -7.317254 -7.051786 -7.562090 -7.579652 -7.289780 -8.767059 -8.811167 -8.174822
46.360000 -6.957842 -9.214839 -9.641366 -8.875089 -7.198804 -7.404532 -7.132153 -7.607129 -7.637012 -7.351765 -8.802402 -8.846459 -8.221347
46.400000 -7.040791 -9.367899 -9.799970 -9.014759 -7.287416 -7.502177 -7.220957 -7.676811 -7.711477 -7.434532 -8.870183 -8.922644 -8.305918
46.440000 -7.107119 -9.512838 -9.947422 -9.147198 -7.367329 -7.585505 -7.302498 -7.714045 -7.752885 -7.480841 -8.895758 -8.949613 -8.333119
46.480000 -7.185436 -9.684912 -10.124330 -9.299974 -7.455518 -7.680519 -7.392155 -7.773331 -7.822042 -7.549050 -8.948693 -9.001579 -8.376837
46.520000 -7.263429 -9.825635 -10.269119 -9.432362 -7.546279 -7.773951 -7.484442 -7.828765 -7.888169 -7.618707 -8.996880 -9.063703 -8.417084
46.560000 -7.337578 -10.017975 -10.470315 -9.606213 -7.634756 -7.867690 -7.576251 -7.879004 -7.947370 -7.688659 -9.038237 -9.116841 -8.453759
46.600000 -7.427048 -10.154271 -10.607397 -9.736018 -7.736012 -7.973672 -7.677082 -7.951313 -8.028737 -7.774201 -9.104871 -9.196922 -8.512526
46.640000 -7.497273 -10.339274 -10.800029 -9.906515 -7.825062 -8.071271 -7.765532 -7.995076 -8.086665 -7.828481 -9.136575 -9.219842 -8.547030
46.680000 -7.581084 -10.500477 -10.975854 -10.057432 -7.925591 -8.169253 -7.866141 -8.058014 -8.154853 -7.901850 -9.191360 -9.266476 -8.597864
46.720000 -7.664419 -10.678232 -11.169531 -10.225120 -8.026951 -8.276151 -7.967742 -8.121046 -8.221417 -7.968958 -9.241980 -9.306052 -8.668318
46.760000 -7.742823 -10.866527 -11.378552 -10.402753 -8.126804 -8.385448 -8.068242 -8.177085 -8.280494 -8.027153 -9.287981 -9.343410 -8.725801
46.800000 -7.838570 -11.038425 -11.564272 -10.568211 -8.240395 -8.509152 -8.180565 -8.256873 -8.364346 -8.107654 -9.353380 -9.396650 -8.795224
46.840000 -7.912075 -11.258049 -11.808252 -10.773347 -8.340389 -8.622432 -8.276019 -8.307827 -8.417369 -8.162175 -9.389191 -9.422244 -8.841338
46.880000 -8.000607 -11.428214 -11.987081 -10.935469 -8.453468 -8.747643 -8.389238 -8.378427 -8.485143 -8.235822 -9.441914 -9.462787 -8.903035
46.920000 -8.088602 -11.690417 -12.278873 -11.177389 -8.567065 -8.874167 -8.497232 -8.449485 -8.566795 -8.308343 -9.496365 -9.505723 -8.962502
46.960000 -8.170727 -11.869541 -12.462078 -11.351729 -8.679698 -8.981555 -8.604448 -8.513691 -8.633694 -8.383838 -9.539301 -9.545156 -9.017710
47.000000 -8.272091 -12.155992 -12.767098 -11.624661 -8.806792 -9.098484 -8.722973 -8.602104 -8.720914 -8.469889 -9.608314 -9.624530 -9.093951
47.040000 -8.348312 -12.452144 -13.073527 -11.913089 -8.919392 -9.199898 -8.830545 -8.661481 -8.790517 -8.533928 -9.643569 -9.676697 -9.141436
47.080000 -8.440820 -12.941650 -13.559301 -12.403117 -9.045361 -9.334160 -8.948883 -8.741288 -8.885106 -8.614564 -9.696302 -9.733536 -9.209213
47.120000 -8.532660 nan nan nan -9.172640 -9.466410 -9.054321 -8.820948 -8.971029 -8.695247 -9.753395 -9.789247 -9.276233
47.160000 -8.617620 nan nan nan -9.297939 -9.600076 -9.166477 -8.894916 -9.043913 -8.773010 -9.792840 -9.826577 -9.346636
47.200000 -8.723346 -inf nan nan -9.440425 -9.751934 -9.298591 -8.991880 -9.142217 -8.866221 -9.864528 -9.901100 -9.446562
47.240000 -8.801780 -inf nan nan -9.564816 -9.884031 -9.422762 -9.061673 -9.215881 -8.939801 -9.896457 -9.931352 -9.507441
47.280000 -8.897571 -inf nan nan -9.706639 -10.037084 -9.565556 -9.150256 -9.308607 -9.030036 -9.952261 -9.992726 -9.574738
47.320000 -8.992621 -inf nan nan -9.846449 -10.186395 -9.700744 -9.240574 -9.403359 -9.121982 -10.006423 -10.054975 -9.640180
47.360000 -9.079951 -inf nan nan -9.987458 -10.340694 -9.833717 -9.323462 -9.493314 -9.208005 -10.050135 -10.108745 -9.697062
47.400000 -9.189377 -inf nan nan -10.143900 -10.508589 -9.977208 -9.430759 -9.597093 -9.315457 -10.122575 -10.191459 -9.782277
47.440000 -9.269587 -inf nan nan -10.283709 -10.661868 -10.110802 -9.510072 -9.676337 -9.398806 -10.157073 -10.234893 -9.829904
47.480000 -9.368045 -inf nan nan -10.442489 -10.836273 -10.260416 -9.608112 -9.775176 -9.498982 -10.217542 -10.307963 -9.895633
47.520000 -9.465809 -inf nan nan -10.597047 -11.004800 -10.410270 -9.709076 -9.880125 -9.601727 -10.273123 -10.383785 -9.961815
47.560000 -9.555300 -inf nan nan -10.760446 -11.190525 -10.565864 -9.801098 -9.976151 -9.694358 -10.323088 -10.446722 -10.011942
47.600000 -9.668148 -inf nan nan -10.929782 -11.364025 -10.718202 -9.919898 -10.100660 -9.808452 -10.398707 -10.540776 -10.096319
47.640000 -9.750032 -inf nan nan -11.093302 -11.538917 -10.866030 -10.008409 -10.194623 -9.896431 -10.440875 -10.588398 -10.150242
47.680000 -9.851028 -inf nan nan -11.265798 -11.720343 -11.027292 -10.118036 -10.308450 -9.987344 -10.505776 -10.666156 -10.224083
47.720000 -9.951361 -inf nan nan -11.447139 -11.916678 -11.197043 -10.228381 -10.422136 -10.075809 -10.570758 -10.747334 -10.295156
47.760000 -10.042835 -inf nan nan -11.628219 -12.117261 -11.363537 -10.331607 -10.529326 -10.179491 -10.627570 -10.801795 -10.350667
47.800000 -10.158861 -inf nan nan -11.827725 -12.316487 -11.552505 -10.460456 -10.659549 -10.305004 -10.712455 -10.884284 -10.449485
47.840000 -10.242597 -inf nan nan -12.024672 -12.543748 -11.737117 -10.559524 -10.757934 -10.408453 -10.763193 -10.936419 -10.505565
47.880000 -10.346430 -inf nan nan -12.228770 -12.744644 -11.931627 -10.680481 -10.869337 -10.528945 -10.836759 -11.015783 -10.583301
47.920000 -10.449800 -inf nan nan -12.473184 -13.017675 -12.169422 -10.801307 -10.992465 -10.653628 -10.912049 -11.094619 -10.658128
47.960000 -10.543897 -inf nan nan -12.696282 -13.230766 -12.390273 -10.916539 -11.110214 -10.771930 -10.977791 -11.162138 -10.733532
48.000000 -10.664188 -inf nan nan -13.004408 -13.544139 -12.697284 -11.056291 -11.253455 -10.913372 -11.074459 -11.269123 -10.831983
48.040000 -10.750437 -inf nan nan -13.329823 -13.867661 -13.011856 -11.167502 -11.368262 -11.028396 -11.134450 -11.330021 -10.893268
48.080000 -10.858169 -inf nan nan -13.900471 -14.402953 -13.577250 -11.299583 -11.505479 -11.142685 -11.219585 -11.420537 -10.982074
48.120000 -10.965803 -inf nan nan nan nan nan -11.433813 -11.641782 -11.267139 -11.305989 -11.512464 -11.080792
48.160000 -11.063678 -inf nan nan nan nan nan -11.561961 -11.773315 -11.389435 -11.383214 -11.593833 -11.169112
48.200000 -11.190231 -inf nan nan -inf nan nan -11.717388 -11.932112 -11.538726 -11.492555 -11.696635 -11.281581
48.240000 -11.280123 -inf nan nan -inf nan nan -11.841236 -12.061819 -11.662189 -11.564010 -11.747298 -11.358882
48.280000 -11.393611 -inf nan nan -inf nan nan -11.988691 -12.216855 -11.812906 -11.661467 -11.846827 -11.460871
48.320000 -11.507513 -inf nan nan -inf nan nan -12.136005 -12.360619 -11.961791 -11.761474 -11.958613 -11.565792
48.360000 -11.610743 -inf nan nan -inf nan nan -12.278250 -12.505374 -12.108387 -11.850145 -12.052060 -11.659703
48.400000 -11.746423 -inf nan nan -inf nan nan -12.446114 -12.675726 -12.269455 -11.975896 -12.173980 -11.788822
48.440000 -11.841317 -inf nan nan -inf nan nan -12.585188 -12.817312 -12.394056 -12.057649 -12.254685 -11.874749
48.480000 -11.962916 -inf nan nan -inf nan nan -12.748223 -12.990720 -12.543494 -12.168994 -12.376486 -11.990739
48.520000 -12.085543 -inf nan nan -inf nan nan -12.909559 -13.161981 -12.694550 -12.283436 -12.501344 -12.111337
48.560000 -12.195667 -inf nan nan -inf nan nan -13.072541 -13.336160 -12.844256 -12.383152 -12.606247 -12.216730
48.600000 -12.343563 -inf nan nan -inf nan nan -13.252442 -13.520488 -13.016234 -12.526911 -12.763450 -12.368410
48.640000 -12.444130 -inf nan nan -inf nan nan -13.414063 -13.687401 -13.163186 -12.617931 -12.859057 -12.465531
48.680000 -12.575234 -inf nan nan -inf nan nan -13.592116 -13.870395 -13.331241 -12.743739 -12.992759 -12.596228
48.720000 -12.708207 -inf nan nan -inf nan nan -13.778266 -14.061704 -13.504810 -12.871442 -13.127397 -12.727835
48.760000 -12.826151 -inf nan nan -inf nan nan -13.960832 -14.256547 -13.664698 -12.983365 -13.241670 -12.834901
48.800000 -12.988583 -inf nan nan -inf nan nan -14.170237 -14.480324 -13.850997 -13.143517 -13.407100 -12.981809
48.840000 -13.095674 -inf nan nan -inf nan nan -14.365454 -14.688514 -14.021642 -13.244280 -13.510813 -13.086586
48.880000 -13.238131 -inf nan nan -inf nan nan -14.576588 -14.910365 -14.210550 -13.384012 -13.658288 -13.234713
48.920000 -13.383737 -inf nan nan -inf nan nan -14.824453 -15.174147 -14.434195 -13.525824 -13.811702 -13.384890
48.960000 -13.510873 -inf nan nan -inf nan nan -15.051654 -15.410610 -14.645922 -13.650128 -13.946089 -13.504054
49.000000 -13.691393 -inf nan nan -inf nan nan -15.368238 -15.742268 -14.939718 -13.828872 -14.136270 -13.683991
49.040000 -13.806319 -inf nan nan -inf nan nan -15.694518 -16.078383 -15.253793 -13.940205 -14.251705 -13.797261
49.080000 -13.963053 -inf nan nan -inf nan nan -16.269685 -16.663610 -15.825631 -14.094261 -14.424129 -13.955515
49.120000 -14.124963 -inf nan nan -inf nan nan nan nan nan -14.255495 -14.595169 -14.122954
49.160000 -14.263223 -inf nan nan -inf nan nan nan nan nan -14.395612 -14.741794 -14.274279
49.200000 -14.467248 -inf nan nan -inf nan nan -inf nan nan -14.602904 -14.964727 -14.495592
49.240000 -14.591095 -inf nan nan -inf nan nan -inf nan nan -14.728268 -15.103540 -14.623574
49.280000 -14.765011 -inf nan nan -inf nan nan -inf nan nan -14.904443 -15.309159 -14.807386
49.320000 -14.948062 -inf nan nan -inf nan nan -inf nan nan -15.090090 -15.531756 -14.993765
49.360000 -15.101587 -inf nan nan -inf nan nan -inf nan nan -15.245086 -15.702167 -15.146560
49.400000 -15.341199 -inf nan nan -inf nan nan -inf nan nan -15.487415 -15.984861 -15.400772
49.440000 -15.479838 -inf nan nan -inf nan nan -inf nan nan -15.627282 -16.132044 -15.547260
49.480000 -15.684698 -inf nan nan -inf nan nan -inf nan nan -15.834242 -16.354596 -15.783263
49.520000 -15.908704 -inf nan nan -inf nan nan -inf nan nan -16.060169 -16.634071 -16.025405
49.560000 -16.089411 -inf nan nan -inf nan nan -inf nan nan -16.241867 -16.829089 -16.211640
49.600000 -16.404590 -inf nan nan -inf nan nan -inf nan nan -16.559002 -17.273581 -16.554338
