#Quasar bolometric luminosity function in different Eddington ratio bins from TRINITY PaperIII (Fig. 8, Zhang+2024, MNRAS, 529, 2777)
#z: 2.00
#log10(Lbol [erg/s])(0) log10(QLF_total [Mpc^-3 dex^-1])(1) log10(QLF(-3<logEta<-2) [Mpc^-3 dex^-1])(2) log10(QLF(-3<logEta<-2)_16th [Mpc^-3 dex^-1])(3) log10(QLF(-3<logEta<-2)_84th [Mpc^-3 dex^-1])(4)
#log10(QLF(-2<logEta<-1) [Mpc^-3 dex^-1])(5) log10(QLF(-2<logEta<-1)_16th [Mpc^-3 dex^-1])(6) log10(QLF(-2<logEta<-1)_84th [Mpc^-3 dex^-1])(7)
#log10(QLF(-1<logEta<0) [Mpc^-3 dex^-1])(8) log10(QLF(-1<logEta<0)_16th [Mpc^-3 dex^-1])(9) log10(QLF(-1<logEta<0)_84th [Mpc^-3 dex^-1])(10)
#log10(QLF(0<logEta<1) [Mpc^-3 dex^-1])(11) log10(QLF(0<logEta<1)_16th [Mpc^-3 dex^-1])(12) log10(QLF(0<logEta<1)_84th [Mpc^-3 dex^-1])(13)
40.000000 -4.396318 -6.623215 -6.898617 -6.317714 -6.879571 -6.974316 -6.338791 -6.419370 -6.511212 -5.982229 -inf nan nan
40.040000 -4.387108 -6.593661 -6.860544 -6.294400 -6.858178 -6.967703 -6.343031 -6.393639 -6.478930 -5.957160 nan nan nan
40.080000 -4.378088 -6.564457 -6.823028 -6.271520 -6.838889 -6.962326 -6.350383 -6.368759 -6.444426 -5.932830 nan nan nan
40.120000 -4.369014 -6.534886 -6.784690 -6.248626 -6.816043 -6.951969 -6.350856 -6.361749 -6.425167 -5.923349 -7.748301 -7.845715 -7.291579
40.160000 -4.359892 -6.506230 -6.747713 -6.225773 -6.792709 -6.940382 -6.342101 -6.373688 -6.426888 -5.928072 -7.253571 -7.349944 -6.757130
40.200000 -4.350958 -6.476353 -6.708994 -6.203141 -6.769471 -6.926189 -6.320615 -6.387151 -6.428345 -5.937298 -7.021421 -7.116252 -6.498882
40.240000 -4.341726 -6.447433 -6.671470 -6.180081 -6.743059 -6.906404 -6.294471 -6.397131 -6.426722 -5.932127 -6.874026 -6.962589 -6.315970
40.280000 -4.332686 -6.417775 -6.632979 -6.157314 -6.717813 -6.881096 -6.270414 -6.409807 -6.424884 -5.919459 -6.757238 -6.841746 -6.176337
40.320000 -4.323547 -6.388770 -6.599794 -6.134644 -6.691098 -6.856162 -6.245200 -6.418249 -6.413604 -5.925252 -6.660276 -6.735394 -6.064855
40.360000 -4.314317 -6.359320 -6.569500 -6.111717 -6.663959 -6.830549 -6.219572 -6.428188 -6.402231 -5.933836 -6.568199 -6.626136 -5.959768
40.400000 -4.305280 -6.330200 -6.539072 -6.089100 -6.637627 -6.799767 -6.195734 -6.436046 -6.385909 -5.940049 -6.493986 -6.541459 -5.877803
40.440000 -4.295779 -6.300957 -6.508257 -6.057496 -6.607803 -6.764154 -6.168931 -6.442717 -6.387788 -5.942682 -6.405339 -6.436435 -5.785818
40.480000 -4.286481 -6.271492 -6.477716 -6.025012 -6.578841 -6.732156 -6.143914 -6.448479 -6.387495 -5.946408 -6.331681 -6.350236 -5.711781
40.520000 -4.276997 -6.242927 -6.445964 -5.993260 -6.549605 -6.707149 -6.118669 -6.452220 -6.385756 -5.945684 -6.255261 -6.258835 -5.642468
40.560000 -4.267344 -6.212863 -6.410303 -5.960239 -6.519131 -6.676540 -6.092765 -6.455284 -6.392855 -5.943717 -6.178142 -6.168247 -5.551865
40.600000 -4.257900 -6.184191 -6.375677 -5.928629 -6.490962 -6.648352 -6.069264 -6.455578 -6.398190 -5.937446 -6.113333 -6.102403 -5.488965
40.640000 -4.247714 -6.154311 -6.337468 -5.895591 -6.459341 -6.617336 -6.041982 -6.455329 -6.408919 -5.934731 -6.027428 -6.004779 -5.382737
40.680000 -4.237762 -6.125301 -6.301610 -5.863569 -6.429978 -6.588580 -6.014373 -6.450888 -6.413891 -5.929467 -5.956503 -5.936372 -5.296079
40.720000 -4.227390 -6.095818 -6.269529 -5.831027 -6.399931 -6.561406 -5.981247 -6.446642 -6.418178 -5.924983 -5.877232 -5.860229 -5.232895
40.760000 -4.216632 -6.066428 -6.235374 -5.801466 -6.369426 -6.533773 -5.947742 -6.438340 -6.418934 -5.910296 -5.795824 -5.772876 -5.169546
40.800000 -4.206133 -6.037337 -6.201348 -5.779141 -6.341370 -6.506832 -5.917302 -6.429810 -6.420572 -5.897590 -5.727095 -5.691468 -5.116295
40.840000 -4.194138 -6.007506 -6.166250 -5.756103 -6.309817 -6.474506 -5.882275 -6.417671 -6.414073 -5.882195 -5.633250 -5.571829 -5.083153
40.880000 -4.182465 -5.978820 -6.132347 -5.733756 -6.281070 -6.445174 -5.850738 -6.404159 -6.413004 -5.866395 -5.556108 -5.506573 -5.046865
40.920000 -4.170332 -5.948448 -6.097968 -5.710554 -6.251298 -6.414306 -5.818089 -6.389075 -6.408371 -5.862965 -5.479971 -5.441556 -5.034402
40.960000 -4.157786 -5.919282 -6.065614 -5.687907 -6.221729 -6.383299 -5.785464 -6.370973 -6.398918 -5.867850 -5.406394 -5.381114 -5.039878
41.000000 -4.145592 -5.889172 -6.032003 -5.665798 -6.193808 -6.353628 -5.755260 -6.353198 -6.387597 -5.854266 -5.343343 -5.356319 -5.023747
41.040000 -4.135035 -5.859467 -5.997807 -5.641584 -6.162475 -6.317566 -5.721155 -6.331124 -6.367680 -5.834347 -5.308611 -5.358367 -5.034214
41.080000 -4.124729 -5.829399 -5.964578 -5.612356 -6.133246 -6.284291 -5.689663 -6.309805 -6.348743 -5.815526 -5.276322 -5.356865 -5.032737
41.120000 -4.115600 -5.799316 -5.930792 -5.580140 -6.103413 -6.249975 -5.658611 -6.285732 -6.339741 -5.794635 -5.279008 -5.351070 -5.043984
41.160000 -4.107579 -5.769297 -5.897478 -5.550244 -6.073643 -6.215741 -5.634358 -6.261246 -6.324759 -5.773714 -5.297979 -5.364606 -5.061142
41.200000 -4.099704 -5.738787 -5.864828 -5.519927 -6.045138 -6.183173 -5.613068 -6.235990 -6.304229 -5.752673 -5.298314 -5.369240 -5.071319
41.240000 -4.092156 -5.709078 -5.833061 -5.490908 -6.014129 -6.147284 -5.588458 -6.209061 -6.282235 -5.729904 -5.325244 -5.380470 -5.085562
41.280000 -4.084737 -5.677630 -5.799163 -5.460688 -5.984751 -6.113602 -5.566152 -6.182179 -6.259440 -5.707977 -5.329403 -5.386936 -5.094787
41.320000 -4.077228 -5.647491 -5.766733 -5.431264 -5.955099 -6.078607 -5.543269 -6.154324 -6.232312 -5.684824 -5.348434 -5.401556 -5.102584
41.360000 -4.069636 -5.615983 -5.732576 -5.399982 -5.924703 -6.042620 -5.517270 -6.126193 -6.207972 -5.662087 -5.361690 -5.413264 -5.113114
41.400000 -4.062175 -5.585337 -5.700450 -5.373055 -5.896531 -6.009622 -5.492584 -6.097922 -6.179932 -5.631760 -5.369044 -5.421440 -5.127339
41.440000 -4.054337 -5.553759 -5.667542 -5.344001 -5.865319 -5.972232 -5.465167 -6.068938 -6.150391 -5.597454 -5.388105 -5.434558 -5.139348
41.480000 -4.046638 -5.522276 -5.634769 -5.309102 -5.836222 -5.937793 -5.443120 -6.039685 -6.121641 -5.565108 -5.397789 -5.446484 -5.149913
41.520000 -4.038832 -5.490835 -5.602115 -5.274402 -5.806984 -5.902993 -5.420855 -6.010656 -6.089964 -5.532492 -5.408332 -5.455949 -5.156531
41.560000 -4.030926 -5.458361 -5.566513 -5.242170 -5.776668 -5.866882 -5.397955 -5.980940 -6.059002 -5.499612 -5.419169 -5.466551 -5.157217
41.600000 -4.023162 -5.427304 -5.531778 -5.211303 -5.749003 -5.834293 -5.376931 -5.952102 -6.028515 -5.469100 -5.423293 -5.474071 -5.158860
41.640000 -4.015002 -5.393438 -5.499342 -5.178072 -5.718107 -5.797358 -5.352545 -5.922029 -5.996317 -5.439980 -5.432618 -5.482126 -5.156969
41.680000 -4.006992 -5.361345 -5.460554 -5.148232 -5.689731 -5.763825 -5.330108 -5.892707 -5.963884 -5.416735 -5.443447 -5.483865 -5.150849
41.720000 -3.998868 -5.327365 -5.430785 -5.114516 -5.660889 -5.728774 -5.306505 -5.863184 -5.930611 -5.393702 -5.443818 -5.474081 -5.155160
41.760000 -3.990640 -5.294095 -5.395817 -5.081439 -5.632261 -5.693207 -5.282350 -5.833478 -5.899160 -5.370038 -5.454374 -5.469893 -5.147070
41.800000 -3.982565 -5.260029 -5.355710 -5.048460 -5.605370 -5.660346 -5.259754 -5.804757 -5.868655 -5.348028 -5.447627 -5.452910 -5.135184
41.840000 -3.974126 -5.225451 -5.324194 -5.015400 -5.575698 -5.621556 -5.234371 -5.774550 -5.835183 -5.323960 -5.456239 -5.447533 -5.125575
41.880000 -3.965849 -5.191172 -5.293554 -4.983264 -5.548394 -5.585639 -5.210177 -5.745535 -5.803171 -5.301596 -5.454891 -5.434454 -5.116348
41.920000 -3.957475 -5.155362 -5.259800 -4.948990 -5.519171 -5.547782 -5.179030 -5.716018 -5.770423 -5.278589 -5.449461 -5.426235 -5.101327
41.960000 -3.949012 -5.121207 -5.228277 -4.916211 -5.489946 -5.510122 -5.145542 -5.686762 -5.737902 -5.255585 -5.451844 -5.434505 -5.097526
42.000000 -3.940711 -5.083834 -5.195483 -4.878233 -5.461934 -5.475283 -5.114504 -5.657934 -5.705942 -5.227738 -5.434912 -5.434634 -5.085349
42.040000 -3.932094 -5.048383 -5.164249 -4.841681 -5.431348 -5.442176 -5.079610 -5.628487 -5.673002 -5.200074 -5.439015 -5.425944 -5.076636
42.080000 -3.923644 -5.010798 -5.131755 -4.804571 -5.402398 -5.411193 -5.047573 -5.599622 -5.640991 -5.177128 -5.426223 -5.414507 -5.064562
42.120000 -3.915125 -4.974201 -5.096772 -4.776029 -5.373129 -5.376569 -5.015067 -5.570712 -5.608598 -5.153315 -5.418004 -5.397094 -5.054106
42.160000 -3.906545 -4.936615 -5.062083 -4.753917 -5.343557 -5.346497 -4.989315 -5.542034 -5.576752 -5.129828 -5.408319 -5.390491 -5.043012
42.200000 -3.898131 -4.898912 -5.028616 -4.721681 -5.315610 -5.316922 -4.968516 -5.513394 -5.544863 -5.106836 -5.391154 -5.383192 -5.030263
42.240000 -3.889460 -4.861569 -4.995144 -4.689111 -5.284668 -5.283169 -4.944051 -5.484561 -5.512714 -5.083218 -5.383289 -5.376026 -5.020617
42.280000 -3.880960 -4.822807 -4.959883 -4.656456 -5.254721 -5.256403 -4.921961 -5.455888 -5.480982 -5.060457 -5.366645 -5.365804 -5.008412
42.320000 -3.872439 -4.786263 -4.926457 -4.625217 -5.224816 -5.219489 -4.899728 -5.427520 -5.449395 -5.037440 -5.353337 -5.355675 -4.997728
42.360000 -3.863904 -4.746548 -4.890728 -4.593045 -5.193679 -5.187901 -4.876989 -5.398860 -5.420303 -5.014908 -5.337239 -5.344120 -4.986807
42.400000 -3.855534 -4.709484 -4.856851 -4.562553 -5.164910 -5.160549 -4.856905 -5.370879 -5.392166 -4.992554 -5.320323 -5.331732 -4.974756
42.440000 -3.846972 -4.670750 -4.821404 -4.531021 -5.132600 -5.130938 -4.828204 -5.342302 -5.363489 -4.970155 -5.306609 -5.320173 -4.966216
42.480000 -3.838576 -4.633492 -4.786519 -4.494428 -5.102437 -5.103428 -4.798706 -5.314186 -5.333838 -4.948378 -5.290896 -5.309258 -4.956613
42.520000 -3.830184 -4.596087 -4.752516 -4.459145 -5.071675 -5.073885 -4.768678 -5.286422 -5.303267 -4.927657 -5.273483 -5.294299 -4.947541
42.560000 -3.821798 -4.559138 -4.718228 -4.424884 -5.040268 -5.040410 -4.738259 -5.258065 -5.274251 -4.907187 -5.258813 -5.282340 -4.939186
42.600000 -3.813572 -4.523248 -4.684648 -4.399371 -5.011329 -5.012920 -4.709191 -5.230655 -5.246244 -4.886822 -5.239120 -5.265612 -4.929023
42.640000 -3.805305 -4.487185 -4.650590 -4.377188 -4.978474 -4.979283 -4.676189 -5.202551 -5.217586 -4.866837 -5.225146 -5.249950 -4.922035
42.680000 -3.797192 -4.453216 -4.618089 -4.355685 -4.948472 -4.948589 -4.645977 -5.175165 -5.189659 -4.844353 -5.209141 -5.234132 -4.912659
42.720000 -3.789122 -4.418345 -4.584695 -4.335049 -4.916588 -4.917027 -4.615617 -5.147655 -5.161599 -4.821058 -5.190869 -5.217887 -4.903292
42.760000 -3.781094 -4.385722 -4.551823 -4.311565 -4.884645 -4.885774 -4.587292 -5.120400 -5.133851 -4.798140 -5.177963 -5.203021 -4.895524
42.800000 -3.773211 -4.353251 -4.515726 -4.288211 -4.853951 -4.854648 -4.560275 -5.093358 -5.106346 -4.775074 -5.158259 -5.187172 -4.884401
42.840000 -3.765249 -4.322519 -4.480362 -4.266210 -4.820331 -4.821768 -4.530206 -5.066344 -5.078862 -4.752801 -5.146505 -5.173456 -4.877886
42.880000 -3.757430 -4.292621 -4.454491 -4.244141 -4.788630 -4.789974 -4.501169 -5.039890 -5.047566 -4.730577 -5.130509 -5.159453 -4.868774
42.920000 -3.749708 -4.264132 -4.423153 -4.222898 -4.756165 -4.757589 -4.475917 -5.012958 -5.014416 -4.708293 -5.115504 -5.145767 -4.859858
42.960000 -3.742080 -4.236842 -4.387932 -4.201111 -4.724457 -4.728419 -4.447855 -4.986807 -4.984117 -4.686794 -5.102405 -5.133114 -4.852699
43.000000 -3.734585 -4.210982 -4.359756 -4.178387 -4.692785 -4.701028 -4.420259 -4.960203 -4.957115 -4.664587 -5.085324 -5.119310 -4.841362
43.040000 -3.727204 -4.186602 -4.334793 -4.159505 -4.659832 -4.672580 -4.390047 -4.934512 -4.931218 -4.645016 -5.074500 -5.108093 -4.837089
43.080000 -3.719946 -4.163664 -4.306842 -4.140775 -4.627516 -4.644525 -4.359843 -4.908493 -4.906457 -4.627610 -5.059773 -5.094637 -4.828405
43.120000 -3.712768 -4.142066 -4.280357 -4.121950 -4.595408 -4.616693 -4.331195 -4.883021 -4.883868 -4.610504 -5.047168 -5.081961 -4.822594
43.160000 -3.705668 -4.122268 -4.255097 -4.107020 -4.562489 -4.585209 -4.302228 -4.857821 -4.861497 -4.594662 -5.034960 -5.070378 -4.816713
43.200000 -3.698682 -4.103718 -4.231088 -4.089350 -4.531285 -4.559616 -4.277571 -4.832374 -4.839309 -4.577228 -5.020642 -5.056987 -4.810390
43.240000 -3.691835 -4.087003 -4.209800 -4.078011 -4.498390 -4.532072 -4.259023 -4.808486 -4.818267 -4.561730 -5.010872 -5.047270 -4.808973
43.280000 -3.685093 -4.072051 -4.187716 -4.065345 -4.466640 -4.504060 -4.234202 -4.783479 -4.795577 -4.544898 -4.999141 -5.041117 -4.806850
43.320000 -3.678573 -4.058048 -4.168825 -4.053827 -4.435947 -4.477307 -4.209751 -4.759826 -4.774875 -4.529334 -4.987975 -5.033280 -4.805234
43.360000 -3.672266 -4.046934 -4.154614 -4.042593 -4.403816 -4.443503 -4.185242 -4.736029 -4.752544 -4.513800 -4.977898 -5.023008 -4.804417
43.400000 -3.666050 -4.035947 -4.142548 -4.033109 -4.374414 -4.411396 -4.161847 -4.712410 -4.726299 -4.498336 -4.965981 -5.011293 -4.801717
43.440000 -3.660160 -4.028466 -4.130500 -4.025466 -4.343663 -4.376609 -4.136604 -4.690106 -4.701022 -4.484813 -4.957707 -5.002690 -4.802129
43.480000 -3.654350 -4.021360 -4.123869 -4.020116 -4.314996 -4.344373 -4.110468 -4.667534 -4.676646 -4.471405 -4.948570 -4.992668 -4.800241
43.520000 -3.648788 -4.016751 -4.124061 -4.023065 -4.286476 -4.312187 -4.090761 -4.645761 -4.654525 -4.458755 -4.939645 -4.982863 -4.799167
43.560000 -3.643467 -4.013699 -4.124128 -4.021334 -4.258715 -4.283446 -4.073136 -4.624445 -4.632807 -4.446413 -4.932126 -4.979050 -4.797914
43.600000 -3.638211 -4.011904 -4.117110 -4.017861 -4.232243 -4.252342 -4.049784 -4.603329 -4.611467 -4.434328 -4.922794 -4.968255 -4.800013
43.640000 -3.633545 -4.013035 -4.119074 -4.017271 -4.205641 -4.222413 -4.027200 -4.583189 -4.590839 -4.422900 -4.916908 -4.963553 -4.805723
43.680000 -3.628929 -4.014536 -4.126179 -4.017807 -4.180856 -4.195462 -4.005658 -4.563486 -4.570864 -4.412009 -4.909964 -4.962107 -4.800872
43.720000 -3.624761 -4.019460 -4.129443 -4.020264 -4.155630 -4.170092 -3.985179 -4.543843 -4.550653 -4.397084 -4.903271 -4.958830 -4.798785
43.760000 -3.621030 -4.024758 -4.135444 -4.023778 -4.131663 -4.146568 -3.967306 -4.525699 -4.532320 -4.382504 -4.898321 -4.957507 -4.799474
43.800000 -3.617330 -4.033091 -4.146689 -4.031079 -4.108418 -4.126165 -3.950781 -4.506567 -4.513903 -4.366912 -4.891726 -4.957719 -4.801701
43.840000 -3.614723 -4.042761 -4.159451 -4.039182 -4.086654 -4.107190 -3.937699 -4.490123 -4.497382 -4.359131 -4.888351 -4.958440 -4.803060
43.880000 -3.612132 -4.054570 -4.173361 -4.048213 -4.065745 -4.085873 -3.926986 -4.473223 -4.481479 -4.346160 -4.884499 -4.960069 -4.806677
43.920000 -3.610197 -4.068159 -4.184445 -4.058885 -4.046561 -4.073085 -3.918102 -4.456954 -4.469681 -4.334665 -4.880307 -4.962018 -4.808639
43.960000 -3.608909 -4.083601 -4.199531 -4.069275 -4.028455 -4.057201 -3.909261 -4.442718 -4.457827 -4.333832 -4.877990 -4.963891 -4.809560
44.000000 -3.607626 -4.101084 -4.213585 -4.082942 -4.011738 -4.042236 -3.902008 -4.426472 -4.443431 -4.321128 -4.874320 -4.962627 -4.805694
44.040000 -3.607830 -4.120379 -4.229675 -4.099880 -3.996941 -4.029125 -3.897990 -4.414201 -4.434532 -4.312834 -4.873104 -4.962175 -4.805796
44.080000 -3.608034 -4.142188 -4.247894 -4.118351 -3.983147 -4.015854 -3.895231 -4.400529 -4.420302 -4.310267 -4.871376 -4.962529 -4.809372
44.120000 -3.609194 -4.165163 -4.267121 -4.137391 -3.971031 -4.004707 -3.893181 -4.388733 -4.410473 -4.301299 -4.870270 -4.962113 -4.811698
44.160000 -3.611316 -4.191159 -4.293882 -4.160471 -3.960725 -3.994790 -3.889890 -4.377692 -4.401729 -4.291851 -4.870367 -4.965559 -4.816745
44.200000 -3.613448 -4.218196 -4.324852 -4.185401 -3.951175 -3.984570 -3.885600 -4.366625 -4.392496 -4.291175 -4.870062 -4.969194 -4.822952
44.240000 -3.617658 -4.248203 -4.358476 -4.211430 -3.945032 -3.978189 -3.890339 -4.358210 -4.387065 -4.292889 -4.871643 -4.973456 -4.828813
44.280000 -3.621908 -4.279700 -4.393161 -4.235985 -3.939903 -3.972691 -3.886850 -4.349294 -4.379574 -4.289245 -4.872200 -4.977239 -4.834192
44.320000 -3.627331 -4.313566 -4.430360 -4.266242 -3.936304 -3.970419 -3.886509 -4.342636 -4.373532 -4.289467 -4.874236 -4.984103 -4.841352
44.360000 -3.633970 -4.349353 -4.468620 -4.297401 -3.935877 -3.968423 -3.891629 -4.335442 -4.369645 -4.281427 -4.876243 -4.989364 -4.847714
44.400000 -3.640712 -4.387529 -4.509814 -4.330935 -3.934963 -3.965952 -3.893597 -4.330026 -4.368898 -4.277688 -4.879545 -4.991161 -4.856900
44.440000 -3.649496 -4.427390 -4.551471 -4.366851 -3.938127 -3.969645 -3.896134 -4.325306 -4.371144 -4.273021 -4.882479 -4.995222 -4.862328
44.480000 -3.658460 -4.469919 -4.596295 -4.404829 -3.941005 -3.972608 -3.902178 -4.321994 -4.371845 -4.270203 -4.886691 -4.999002 -4.867977
44.520000 -3.668491 -4.514099 -4.641997 -4.445202 -3.946518 -3.987111 -3.911310 -4.319207 -4.373009 -4.273248 -4.891259 -5.003079 -4.873394
44.560000 -3.679658 -4.561047 -4.690514 -4.488107 -3.954050 -3.990645 -3.922049 -4.317741 -4.374396 -4.275754 -4.895818 -5.008106 -4.878497
44.600000 -3.691120 -4.609814 -4.740419 -4.533176 -3.961785 -3.996969 -3.929602 -4.317488 -4.377486 -4.278329 -4.903141 -5.016816 -4.886572
44.640000 -3.704765 -4.660908 -4.792352 -4.581784 -3.973810 -4.007529 -3.944638 -4.317575 -4.378016 -4.281407 -4.907327 -5.022725 -4.891064
44.680000 -3.718853 -4.715253 -4.847073 -4.633485 -3.985289 -4.019774 -3.960073 -4.320140 -4.384257 -4.289675 -4.915017 -5.032300 -4.899684
44.720000 -3.734143 -4.769851 -4.901483 -4.685995 -4.000321 -4.038700 -3.973738 -4.321869 -4.389134 -4.293105 -4.921525 -5.040982 -4.906910
44.760000 -3.750750 -4.830416 -4.961258 -4.743942 -4.016316 -4.057551 -3.988301 -4.326021 -4.394025 -4.296318 -4.929083 -5.048218 -4.914766
44.800000 -3.768017 -4.888276 -5.014361 -4.800162 -4.034042 -4.077474 -4.004533 -4.330973 -4.400264 -4.302562 -4.938618 -5.056273 -4.925124
44.840000 -3.786994 -4.953006 -5.073533 -4.862714 -4.055108 -4.099848 -4.024056 -4.336445 -4.407672 -4.310444 -4.945491 -5.062578 -4.932071
44.880000 -3.806837 -5.016905 -5.133974 -4.925036 -4.077322 -4.125501 -4.045381 -4.343629 -4.417066 -4.321476 -4.955470 -5.070914 -4.942275
44.920000 -3.827799 -5.085309 -5.202193 -4.991729 -4.101345 -4.149670 -4.069718 -4.351757 -4.428796 -4.331261 -4.964345 -5.078802 -4.951301
44.960000 -3.850000 -5.155873 -5.272313 -5.060745 -4.127326 -4.178046 -4.093312 -4.360796 -4.439365 -4.343038 -4.974609 -5.086445 -4.963041
45.000000 -3.873398 -5.227648 -5.343306 -5.131315 -4.154551 -4.210578 -4.120657 -4.372242 -4.451661 -4.357136 -4.985753 -5.096293 -4.973474
45.040000 -3.898034 -5.305720 -5.419909 -5.207888 -4.184462 -4.244878 -4.149583 -4.383042 -4.462543 -4.368848 -4.994843 -5.105331 -4.982562
45.080000 -3.924151 -5.380701 -5.490957 -5.282131 -4.216625 -4.281022 -4.180425 -4.395649 -4.476572 -4.384104 -5.005909 -5.115969 -4.993545
45.120000 -3.951152 -5.467027 -5.573104 -5.365677 -4.249488 -4.317765 -4.211545 -4.409794 -4.491688 -4.400911 -5.017527 -5.127782 -5.005052
45.160000 -3.979102 -5.544745 -5.646911 -5.440778 -4.285875 -4.357379 -4.246548 -4.423917 -4.503941 -4.417453 -5.028390 -5.137660 -5.015907
45.200000 -4.008976 -5.634478 -5.735332 -5.527401 -4.322439 -4.397398 -4.283620 -4.442005 -4.522632 -4.437448 -5.042997 -5.151847 -5.030471
45.240000 -4.038389 -5.720378 -5.819640 -5.612155 -4.362580 -4.439309 -4.323841 -4.457290 -4.537799 -4.453280 -5.053311 -5.161291 -5.040892
45.280000 -4.069940 -5.813121 -5.910550 -5.702353 -4.403999 -4.482683 -4.363020 -4.476434 -4.557011 -4.470617 -5.066565 -5.173310 -5.052276
45.320000 -4.102127 -5.908223 -6.002267 -5.796728 -4.447021 -4.527618 -4.405021 -4.495968 -4.576368 -4.490701 -5.081028 -5.186747 -5.067889
45.360000 -4.134910 -6.003355 -6.092640 -5.893100 -4.492827 -4.574947 -4.451658 -4.516033 -4.595831 -4.509390 -5.092692 -5.198222 -5.078590
45.400000 -4.170371 -6.108912 -6.191458 -5.997789 -4.539366 -4.623615 -4.499916 -4.540399 -4.618931 -4.532748 -5.110417 -5.218256 -5.094335
45.440000 -4.203951 -6.205827 -6.281980 -6.093354 -4.589518 -4.674601 -4.549487 -4.561076 -4.639310 -4.551696 -5.121456 -5.228499 -5.104096
45.480000 -4.240347 -6.322989 -6.390318 -6.204735 -4.640859 -4.727300 -4.600383 -4.586158 -4.663592 -4.575596 -5.137582 -5.243365 -5.119661
45.520000 -4.277156 -6.421194 -6.482594 -6.298679 -4.694630 -4.781961 -4.653004 -4.611743 -4.687898 -4.600649 -5.152928 -5.257548 -5.133765
45.560000 -4.314199 -6.540041 -6.596264 -6.417417 -4.750380 -4.838610 -4.707141 -4.637526 -4.712185 -4.625297 -5.167508 -5.270436 -5.146292
45.600000 -4.354697 -6.650114 -6.701095 -6.526536 -4.808360 -4.897515 -4.764494 -4.668098 -4.741237 -4.653819 -5.187261 -5.287390 -5.163543
45.640000 -4.391844 -6.769866 -6.817878 -6.643176 -4.868249 -4.957528 -4.822512 -4.694787 -4.765977 -4.677830 -5.200281 -5.299405 -5.174951
45.680000 -4.432467 -6.893062 -6.941127 -6.763730 -4.930850 -5.020918 -4.883893 -4.725717 -4.796103 -4.707261 -5.219280 -5.317022 -5.191519
45.720000 -4.473174 -7.013158 -7.057092 -6.878661 -4.995208 -5.085577 -4.947604 -4.758084 -4.826146 -4.739774 -5.235948 -5.331783 -5.206952
45.760000 -4.513582 -7.150739 -7.187169 -7.015884 -5.062476 -5.152748 -5.013423 -4.789639 -4.855336 -4.769962 -5.253147 -5.350045 -5.222628
45.800000 -4.558138 -7.270643 -7.298582 -7.137840 -5.131960 -5.220966 -5.081210 -4.827541 -4.890018 -4.805312 -5.274475 -5.370329 -5.243546
45.840000 -4.598050 -7.423749 -7.448746 -7.288042 -5.203074 -5.291275 -5.150568 -4.860066 -4.920064 -4.835645 -5.289814 -5.382656 -5.258052
45.880000 -4.642005 -7.542694 -7.569039 -7.401316 -5.276978 -5.363622 -5.223417 -4.898306 -4.955863 -4.872934 -5.309834 -5.396685 -5.276717
45.920000 -4.685836 -7.694160 -7.728746 -7.537590 -5.353318 -5.438391 -5.298328 -4.936985 -4.991549 -4.910691 -5.329370 -5.416908 -5.295278
45.960000 -4.728979 -7.830144 -7.869405 -7.670619 -5.431705 -5.515093 -5.375589 -4.975606 -5.027712 -4.946627 -5.348202 -5.435945 -5.313012
46.000000 -4.776886 -7.979350 -8.019553 -7.820676 -5.513677 -5.594791 -5.456570 -5.020515 -5.069232 -4.988136 -5.372057 -5.457370 -5.333143
46.040000 -4.818966 -8.133609 -8.177856 -7.975435 -5.596744 -5.676366 -5.537238 -5.059599 -5.106044 -5.026461 -5.390191 -5.475429 -5.348234
46.080000 -4.865565 -8.279613 -8.320671 -8.111946 -5.682099 -5.758667 -5.623076 -5.105513 -5.149836 -5.072242 -5.412399 -5.497425 -5.366659
46.120000 -4.911845 -8.453650 -8.493464 -8.280962 -5.772674 -5.846673 -5.710591 -5.150736 -5.195059 -5.117334 -5.435170 -5.518750 -5.390912
46.160000 -4.957070 -8.596015 -8.639330 -8.432816 -5.860952 -5.932924 -5.797855 -5.197520 -5.242010 -5.163788 -5.456424 -5.536221 -5.411282
46.200000 -5.007558 -8.790753 -8.825737 -8.610044 -5.957729 -6.027396 -5.894117 -5.249309 -5.293936 -5.213499 -5.483857 -5.561227 -5.437069
46.240000 -5.051320 -8.929199 -8.971027 -8.745404 -6.050979 -6.118836 -5.985234 -5.296700 -5.341212 -5.257461 -5.504265 -5.579000 -5.457123
46.280000 -5.099991 -9.116139 -9.160580 -8.924798 -6.151259 -6.217070 -6.085259 -5.349574 -5.394182 -5.306260 -5.530337 -5.602163 -5.480653
46.320000 -5.148226 -9.279714 -9.323400 -9.071022 -6.253020 -6.315756 -6.185627 -5.403182 -5.447774 -5.355079 -5.556103 -5.625345 -5.504826
46.360000 -5.195153 -9.458778 -9.501716 -9.244885 -6.356020 -6.414352 -6.286604 -5.457401 -5.501288 -5.403734 -5.581097 -5.647414 -5.529658
46.400000 -5.247771 -9.648056 -9.691005 -9.422714 -6.467904 -6.518240 -6.396775 -5.517131 -5.560752 -5.461051 -5.612359 -5.676162 -5.557394
46.440000 -5.293041 -9.819350 -9.870098 -9.583622 -6.572710 -6.618738 -6.500000 -5.572886 -5.617055 -5.515243 -5.636363 -5.697895 -5.580285
46.480000 -5.343586 -10.034080 -10.100054 -9.785417 -6.692169 -6.738200 -6.617688 -5.633446 -5.677456 -5.573921 -5.666418 -5.725698 -5.606116
46.520000 -5.393688 -10.198451 -10.271960 -9.943306 -6.801859 -6.847200 -6.726178 -5.696196 -5.739913 -5.633918 -5.696424 -5.754392 -5.633236
46.560000 -5.442373 -10.438803 -10.532371 -10.170574 -6.923530 -6.965293 -6.843867 -5.758350 -5.798959 -5.692878 -5.725752 -5.782326 -5.660002
46.600000 -5.497212 -10.596704 -10.697680 -10.315704 -7.044199 -7.079705 -6.964039 -5.827595 -5.865074 -5.759452 -5.761641 -5.819652 -5.694137
46.640000 -5.544283 -10.820892 -10.946780 -10.508811 -7.167265 -7.199269 -7.085566 -5.891474 -5.926138 -5.821190 -5.790590 -5.847857 -5.721280
46.680000 -5.597084 -11.014227 -11.153234 -10.687077 -7.296072 -7.330819 -7.206964 -5.961655 -5.994349 -5.889016 -5.825511 -5.877947 -5.753804
46.720000 -5.649519 -11.224975 -11.378800 -10.880676 -7.424072 -7.459745 -7.333497 -6.033001 -6.062245 -5.957520 -5.861269 -5.913702 -5.787262
46.760000 -5.700513 -11.453328 -11.623393 -11.089763 -7.562216 -7.596959 -7.470054 -6.104768 -6.133426 -6.027572 -5.895694 -5.948901 -5.820884
46.800000 -5.758301 -11.653229 -11.830490 -11.278741 -7.694498 -7.728718 -7.600946 -6.183150 -6.208127 -6.103412 -5.938213 -5.994164 -5.861400
46.840000 -5.807784 -11.918350 -12.112869 -11.523150 -7.843325 -7.874462 -7.744057 -6.256714 -6.279793 -6.175280 -5.972546 -6.025652 -5.892882
46.880000 -5.863640 -12.110848 -12.313476 -11.707482 -7.974863 -8.008739 -7.870350 -6.336629 -6.357165 -6.253207 -6.014501 -6.065840 -5.933901
46.920000 -5.919259 -12.422794 -12.649711 -11.995094 -8.127993 -8.165600 -8.020548 -6.418029 -6.436803 -6.331948 -6.056298 -6.110050 -5.974611
46.960000 -5.973428 -12.618067 -12.850093 -12.182727 -8.270271 -8.308423 -8.160947 -6.499936 -6.516729 -6.411640 -6.097634 -6.155178 -6.015706
47.000000 -6.035328 -12.939482 -13.186518 -12.493966 -8.426824 -8.465724 -8.311233 -6.588618 -6.602773 -6.496566 -6.147269 -6.209067 -6.064361
47.040000 -6.088013 -13.259724 -13.516425 -12.806850 -8.581380 -8.621526 -8.464871 -6.673425 -6.686051 -6.578297 -6.187905 -6.251678 -6.104567
47.080000 -6.147983 -13.756524 -14.013368 -13.302845 -8.735937 -8.776105 -8.610576 -6.763318 -6.772225 -6.661891 -6.237758 -6.302794 -6.154188
47.120000 -6.207830 nan nan nan -8.908774 -8.948342 -8.769187 -6.857528 -6.866954 -6.754701 -6.286197 -6.352518 -6.202026
47.160000 -6.266090 nan nan nan -9.060575 -9.101808 -8.907756 -6.948673 -6.951810 -6.836810 -6.336025 -6.403211 -6.251079
47.200000 -6.333396 -inf nan nan -9.253339 -9.297181 -9.089222 -7.050395 -7.051710 -6.935652 -6.393198 -6.461452 -6.308560
47.240000 -6.390228 -inf nan nan -9.401567 -9.450667 -9.231607 -7.145028 -7.144190 -7.026727 -6.442515 -6.510745 -6.359689
47.280000 -6.455633 -inf nan nan -9.589422 -9.649565 -9.410447 -7.248301 -7.245322 -7.126871 -6.500100 -6.568597 -6.418438
47.320000 -6.521093 -inf nan nan -9.759496 -9.828137 -9.571424 -7.352902 -7.347967 -7.228743 -6.557854 -6.625620 -6.476083
47.360000 -6.584776 -inf nan nan -9.941717 -10.020604 -9.741326 -7.457541 -7.447697 -7.329912 -6.615848 -6.682326 -6.533281
47.400000 -6.659428 -inf nan nan -10.134705 -10.225899 -9.919500 -7.572896 -7.563915 -7.441322 -6.682740 -6.748627 -6.600010
47.440000 -6.721506 -inf nan nan -10.311001 -10.411590 -10.081421 -7.678537 -7.667296 -7.540410 -6.741012 -6.805197 -6.657815
47.480000 -6.793962 -inf nan nan -10.522597 -10.635224 -10.273073 -7.799786 -7.789089 -7.663931 -6.807436 -6.872745 -6.722837
47.520000 -6.866633 -inf nan nan -10.698022 -10.815556 -10.433720 -7.911877 -7.898788 -7.773142 -6.876262 -6.942952 -6.788208
47.560000 -6.937043 -inf nan nan -10.929484 -11.064606 -10.643572 -8.034367 -8.017483 -7.888435 -6.942538 -7.011614 -6.853104
47.600000 -7.021118 -inf nan nan -11.103838 -11.243056 -10.803634 -8.157984 -8.138488 -8.006797 -7.022080 -7.097712 -6.933193
47.640000 -7.089453 -inf nan nan -11.324515 -11.476345 -11.006654 -8.281358 -8.260572 -8.125756 -7.088104 -7.165048 -6.998826
47.680000 -7.170584 -inf nan nan -11.524251 -11.684369 -11.183496 -8.411677 -8.389709 -8.246809 -7.165884 -7.246080 -7.077265
47.720000 -7.252029 -inf nan nan -11.740212 -11.904664 -11.389164 -8.541241 -8.518082 -8.371750 -7.244812 -7.326075 -7.156736
47.760000 -7.330222 -inf nan nan -11.967193 -12.149135 -11.597329 -8.679882 -8.655480 -8.504879 -7.320351 -7.402282 -7.233073
47.800000 -7.425654 -inf nan nan -12.179791 -12.371395 -11.792526 -8.814427 -8.790709 -8.630687 -7.413330 -7.499181 -7.327265
47.840000 -7.500985 -inf nan nan -12.437827 -12.649497 -12.028371 -8.963071 -8.939497 -8.773922 -7.487445 -7.572233 -7.401329
47.880000 -7.592183 -inf nan nan -12.645452 -12.861683 -12.222718 -9.095985 -9.072977 -8.901712 -7.578345 -7.672543 -7.491848
47.920000 -7.683875 -inf nan nan -12.950979 -13.189486 -12.508730 -9.249952 -9.228023 -9.054524 -7.667308 -7.762426 -7.581859
47.960000 -7.770879 -inf nan nan -13.164307 -13.406420 -12.715492 -9.392776 -9.372345 -9.197759 -7.755159 -7.849240 -7.672049
48.000000 -7.879795 -inf nan nan -13.494297 -13.752233 -13.031125 -9.550714 -9.536167 -9.342623 -7.860205 -7.964350 -7.781542
48.040000 -7.962643 -inf nan nan -13.824172 -14.091900 -13.352229 -9.705265 -9.697662 -9.482209 -7.944560 -8.050692 -7.864419
48.080000 -8.065111 -inf nan nan -14.347417 -14.611846 -13.873231 -9.860577 -9.855579 -9.620983 -8.047624 -8.157080 -7.966864
48.120000 -8.168312 -inf nan nan nan nan nan -10.033943 -10.032251 -9.790155 -8.147320 -8.261633 -8.067015
48.160000 -8.264681 -inf nan nan nan nan nan -10.186225 -10.186807 -9.930169 -8.248176 -8.360274 -8.165584
48.200000 -8.388720 -inf nan nan -inf nan nan -10.379444 -10.387928 -10.114758 -8.366553 -8.486408 -8.281861
48.240000 -8.479371 -inf nan nan -inf nan nan -10.528224 -10.538321 -10.248714 -8.462917 -8.580582 -8.376080
48.280000 -8.594074 -inf nan nan -inf nan nan -10.716509 -10.736251 -10.416350 -8.577535 -8.704198 -8.488021
48.320000 -8.709982 -inf nan nan -inf nan nan -10.887182 -10.909479 -10.576071 -8.692769 -8.830715 -8.601278
48.360000 -8.816247 -inf nan nan -inf nan nan -11.069743 -11.101382 -10.746380 -8.803549 -8.947143 -8.712795
48.400000 -8.957240 -inf nan nan -inf nan nan -11.263618 -11.311331 -10.927929 -8.938687 -9.096569 -8.850656
48.440000 -9.056007 -inf nan nan -inf nan nan -11.440106 -11.490075 -11.083772 -9.045597 -9.201915 -8.957397
48.480000 -9.184059 -inf nan nan -inf nan nan -11.652098 -11.720493 -11.285859 -9.172659 -9.331944 -9.079840
48.520000 -9.314143 -inf nan nan -inf nan nan -11.828248 -11.902074 -11.451625 -9.304450 -9.466871 -9.208331
48.560000 -9.430914 -inf nan nan -inf nan nan -12.059654 -12.149453 -11.672347 -9.425252 -9.589523 -9.332062
48.600000 -9.591117 -inf nan nan -inf nan nan -12.234959 -12.329425 -11.838348 -9.580765 -9.750961 -9.489582
48.640000 -9.697860 -inf nan nan -inf nan nan -12.455496 -12.558994 -12.042605 -9.695965 -9.865044 -9.596314
48.680000 -9.839698 -inf nan nan -inf nan nan -12.655608 -12.768481 -12.231382 -9.840260 -10.013964 -9.733225
48.720000 -9.984665 -inf nan nan -inf nan nan -12.871891 -12.996839 -12.432163 -9.984481 -10.164115 -9.869250
48.760000 -10.111480 -inf nan nan -inf nan nan -13.098891 -13.238256 -12.642251 -10.118211 -10.299928 -9.996136
48.800000 -10.291349 -inf nan nan -inf nan nan -13.311929 -13.456104 -12.831044 -10.291080 -10.484431 -10.171456
48.840000 -10.405706 -inf nan nan -inf nan nan -13.569815 -13.722272 -13.049571 -10.414794 -10.607960 -10.295179
48.880000 -10.561377 -inf nan nan -inf nan nan -13.777592 -13.932586 -13.238440 -10.577547 -10.776624 -10.455707
48.920000 -10.721867 -inf nan nan -inf nan nan -14.083117 -14.260734 -13.512346 -10.733798 -10.947186 -10.604821
48.960000 -10.858723 -inf nan nan -inf nan nan -14.296460 -14.474840 -13.711849 -10.884464 -11.103158 -10.755273
49.000000 -11.059679 -inf nan nan -inf nan nan -14.626463 -14.820484 -14.022968 -11.072439 -11.323551 -10.952216
49.040000 -11.181662 -inf nan nan -inf nan nan -14.956758 -15.158101 -14.339623 -11.211863 -11.462421 -11.089584
49.080000 -11.351903 -inf nan nan -inf nan nan -15.480596 -15.666696 -14.859758 -11.387906 -11.651813 -11.259063
49.120000 -11.529448 -inf nan nan -inf nan nan nan nan nan -11.560095 -11.833227 -11.432410
49.160000 -11.676819 -inf nan nan -inf nan nan nan nan nan -11.726069 -11.991952 -11.587619
49.200000 -11.901581 -inf nan nan -inf nan nan -inf nan nan -11.929944 -12.219469 -11.793470
49.240000 -12.031247 -inf nan nan -inf nan nan -inf nan nan -12.086721 -12.361570 -11.936477
49.280000 -12.216950 -inf nan nan -inf nan nan -inf nan nan -12.276766 -12.554634 -12.119649
49.320000 -12.413333 -inf nan nan -inf nan nan -inf nan nan -12.470351 -12.756876 -12.298630
49.360000 -12.571263 -inf nan nan -inf nan nan -inf nan nan -12.648031 -12.927813 -12.466891
49.400000 -12.821967 -inf nan nan -inf nan nan -inf nan nan -12.877603 -13.186319 -12.693306
49.440000 -12.959040 -inf nan nan -inf nan nan -inf nan nan -13.043580 -13.347169 -12.851504
49.480000 -13.160466 -inf nan nan -inf nan nan -inf nan nan -13.250850 -13.567955 -13.052117
49.520000 -13.376999 -inf nan nan -inf nan nan -inf nan nan -13.464266 -13.801458 -13.259688
49.560000 -13.545277 -inf nan nan -inf nan nan -inf nan nan -13.654303 -13.992755 -13.435833
49.600000 -13.823676 -inf nan nan -inf nan nan -inf nan nan -13.910124 -14.291715 -13.697125
