#Quasar bolometric luminosity function in different Eddington ratio bins from TRINITY PaperIII (Fig. 8, Zhang+2024, MNRAS, 529, 2777)
#z: 1.00
#log10(Lbol [erg/s])(0) log10(QLF_total [Mpc^-3 dex^-1])(1) log10(QLF(-3<logEta<-2) [Mpc^-3 dex^-1])(2) log10(QLF(-3<logEta<-2)_16th [Mpc^-3 dex^-1])(3) log10(QLF(-3<logEta<-2)_84th [Mpc^-3 dex^-1])(4)
#log10(QLF(-2<logEta<-1) [Mpc^-3 dex^-1])(5) log10(QLF(-2<logEta<-1)_16th [Mpc^-3 dex^-1])(6) log10(QLF(-2<logEta<-1)_84th [Mpc^-3 dex^-1])(7)
#log10(QLF(-1<logEta<0) [Mpc^-3 dex^-1])(8) log10(QLF(-1<logEta<0)_16th [Mpc^-3 dex^-1])(9) log10(QLF(-1<logEta<0)_84th [Mpc^-3 dex^-1])(10)
#log10(QLF(0<logEta<1) [Mpc^-3 dex^-1])(11) log10(QLF(0<logEta<1)_16th [Mpc^-3 dex^-1])(12) log10(QLF(0<logEta<1)_84th [Mpc^-3 dex^-1])(13)
40.000000 -3.847886 -5.583247 -5.709562 -5.311467 -5.498000 -5.575844 -5.063906 -5.493359 -5.547907 -4.943282 -inf nan nan
40.040000 -3.841991 -5.572011 -5.695816 -5.303195 -5.485996 -5.562553 -5.054272 -5.462699 -5.518784 -4.916444 nan nan nan
40.080000 -3.836175 -5.560754 -5.682093 -5.294717 -5.475017 -5.550185 -5.045587 -5.433157 -5.490816 -4.890138 nan nan nan
40.120000 -3.830348 -5.549488 -5.668315 -5.286259 -5.463720 -5.537415 -5.037012 -5.412599 -5.471173 -4.872381 -7.125168 -7.120205 -6.539417
40.160000 -3.824512 -5.538285 -5.654607 -5.277854 -5.452430 -5.524773 -5.027976 -5.400485 -5.458900 -4.863811 -6.637644 -6.624788 -6.044417
40.200000 -3.818754 -5.526803 -5.640617 -5.269146 -5.441951 -5.512821 -5.020523 -5.388512 -5.458715 -4.856779 -6.405862 -6.388687 -5.797493
40.240000 -3.812911 -5.515405 -5.626668 -5.260552 -5.429858 -5.499527 -5.013531 -5.376073 -5.444222 -4.847634 -6.249224 -6.206041 -5.631976
40.280000 -3.807146 -5.503772 -5.612492 -5.251670 -5.418671 -5.487086 -5.007245 -5.363833 -5.431831 -4.840722 -6.129873 -6.071145 -5.500157
40.320000 -3.801326 -5.492217 -5.598393 -5.242839 -5.407287 -5.474194 -5.000567 -5.351503 -5.417205 -4.832550 -6.023986 -5.953191 -5.397126
40.360000 -3.795453 -5.480437 -5.584019 -5.233786 -5.395743 -5.460677 -4.993801 -5.339121 -5.403447 -4.825055 -5.929087 -5.848132 -5.297470
40.400000 -3.789658 -5.468733 -5.571359 -5.224734 -5.385048 -5.448381 -4.987528 -5.326965 -5.389838 -4.818381 -5.848448 -5.766252 -5.215736
40.440000 -3.783588 -5.456825 -5.558401 -5.215537 -5.373139 -5.434562 -4.980242 -5.314528 -5.374673 -4.810343 -5.760344 -5.676217 -5.131626
40.480000 -3.777602 -5.444944 -5.545517 -5.205111 -5.361954 -5.421690 -4.973657 -5.302342 -5.360953 -4.803453 -5.685125 -5.599472 -5.076170
40.520000 -3.771494 -5.433140 -5.532622 -5.194382 -5.350694 -5.408717 -4.967050 -5.290184 -5.345927 -4.795625 -5.610044 -5.519822 -5.035815
40.560000 -3.765273 -5.421014 -5.519372 -5.183190 -5.339131 -5.395363 -4.960521 -5.277995 -5.331997 -4.788415 -5.536814 -5.444231 -4.963917
40.600000 -3.759138 -5.409171 -5.506416 -5.172407 -5.328507 -5.382991 -4.954211 -5.266137 -5.322740 -4.781489 -5.472741 -5.380048 -4.901180
40.640000 -3.752619 -5.396999 -5.492941 -5.161509 -5.316638 -5.369166 -4.944874 -5.253972 -5.309821 -4.773938 -5.399906 -5.313582 -4.839870
40.680000 -3.746196 -5.385044 -5.479695 -5.151556 -5.305652 -5.356150 -4.936305 -5.242174 -5.297151 -4.766430 -5.336374 -5.258682 -4.785847
40.720000 -3.739632 -5.372887 -5.466220 -5.143198 -5.294436 -5.342635 -4.927743 -5.230331 -5.284471 -4.759382 -5.273352 -5.207504 -4.742122
40.760000 -3.732933 -5.360762 -5.452659 -5.134796 -5.282939 -5.328538 -4.918388 -5.218532 -5.269839 -4.751758 -5.211551 -5.148531 -4.719748
40.800000 -3.726337 -5.348587 -5.439175 -5.126407 -5.272439 -5.315413 -4.910436 -5.206959 -5.255240 -4.745410 -5.156776 -5.092745 -4.708558
40.840000 -3.719691 -5.336189 -5.425258 -5.118102 -5.260881 -5.301474 -4.900175 -5.195174 -5.240111 -4.737473 -5.103759 -5.060206 -4.690374
40.880000 -3.713145 -5.323969 -5.411585 -5.110221 -5.250354 -5.290723 -4.891164 -5.183634 -5.228523 -4.730421 -5.055909 -5.038240 -4.686479
40.920000 -3.706945 -5.311170 -5.397403 -5.100690 -5.239465 -5.279680 -4.881720 -5.172064 -5.216896 -4.723622 -5.017639 -5.037876 -4.681396
40.960000 -3.701079 -5.298578 -5.382943 -5.090628 -5.228446 -5.268801 -4.871950 -5.160562 -5.205700 -4.715823 -4.986885 -5.037333 -4.675042
41.000000 -3.695291 -5.285573 -5.368002 -5.080411 -5.218243 -5.258935 -4.863337 -5.149179 -5.194781 -4.710361 -4.957725 -5.005944 -4.667374
41.040000 -3.690368 -5.272542 -5.352743 -5.069834 -5.207405 -5.247541 -4.852961 -5.137744 -5.181694 -4.702221 -4.944146 -5.006270 -4.664174
41.080000 -3.685501 -5.259246 -5.337050 -5.059049 -5.197448 -5.237051 -4.843953 -5.126422 -5.168175 -4.696036 -4.930550 -5.004152 -4.663291
41.120000 -3.680905 -5.245844 -5.320553 -5.048075 -5.187098 -5.226017 -4.834280 -5.115194 -5.154782 -4.688989 -4.924100 -5.002553 -4.663649
41.160000 -3.676571 -5.232270 -5.303917 -5.036937 -5.176666 -5.214245 -4.824756 -5.103959 -5.141342 -4.682021 -4.920815 -5.000360 -4.664676
41.200000 -3.672280 -5.218511 -5.288875 -5.025545 -5.166764 -5.202112 -4.815721 -5.092919 -5.128303 -4.674113 -4.913323 -4.996358 -4.662014
41.240000 -3.668189 -5.204817 -5.275354 -5.014048 -5.154705 -5.188291 -4.804942 -5.081810 -5.114985 -4.666099 -4.911842 -4.992867 -4.664368
41.280000 -3.664136 -5.190490 -5.261637 -5.002059 -5.143338 -5.175376 -4.795077 -5.070810 -5.102177 -4.658370 -4.905936 -4.987060 -4.660395
41.320000 -3.660189 -5.176458 -5.242685 -4.990167 -5.131603 -5.161250 -4.784795 -5.059940 -5.090362 -4.650475 -4.902327 -4.982599 -4.661606
41.360000 -3.656346 -5.161847 -5.225745 -4.977846 -5.119444 -5.146039 -4.774165 -5.048989 -5.079331 -4.642896 -4.898122 -4.977273 -4.663440
41.400000 -3.652536 -5.147426 -5.209486 -4.965657 -5.108103 -5.131945 -4.766139 -5.038272 -5.068040 -4.635165 -4.892504 -4.971659 -4.664599
41.440000 -3.648918 -5.132491 -5.193284 -4.950840 -5.095432 -5.115868 -4.758403 -5.027432 -5.055945 -4.627608 -4.889593 -4.967589 -4.665801
41.480000 -3.645329 -5.117482 -5.177179 -4.939162 -5.083550 -5.100207 -4.751042 -5.016674 -5.044790 -4.620308 -4.885357 -4.962202 -4.666121
41.520000 -3.641875 -5.102254 -5.160879 -4.927304 -5.071552 -5.083793 -4.743857 -5.005949 -5.032924 -4.612616 -4.880948 -4.957628 -4.666678
41.560000 -3.638552 -5.086485 -5.142998 -4.914954 -5.059135 -5.068230 -4.736640 -4.995178 -5.021625 -4.604311 -4.877759 -4.953070 -4.667586
41.600000 -3.635255 -5.071029 -5.124928 -4.900887 -5.047757 -5.056216 -4.729908 -4.984480 -5.010146 -4.598423 -4.872733 -4.947697 -4.667571
41.640000 -3.632229 -5.054192 -5.107516 -4.881579 -5.034906 -5.041698 -4.722253 -4.973725 -4.998141 -4.591534 -4.869692 -4.943984 -4.670656
41.680000 -3.629224 -5.037834 -5.092078 -4.870596 -5.023045 -5.029353 -4.715297 -4.963035 -4.986383 -4.584367 -4.866706 -4.939358 -4.671755
41.720000 -3.626357 -5.020369 -5.076621 -4.859062 -5.010803 -5.013781 -4.707690 -4.952302 -4.974584 -4.577232 -4.862180 -4.934817 -4.670259
41.760000 -3.623625 -5.002945 -5.060286 -4.847135 -4.998296 -4.999952 -4.696988 -4.941700 -4.962653 -4.570596 -4.859891 -4.935016 -4.671211
41.800000 -3.620910 -4.984819 -5.042407 -4.830553 -4.986655 -4.987258 -4.686099 -4.931016 -4.951344 -4.563169 -4.854484 -4.935532 -4.671021
41.840000 -3.618442 -4.966180 -5.024534 -4.812273 -4.973617 -4.972933 -4.673490 -4.920519 -4.940400 -4.556960 -4.853044 -4.937183 -4.672538
41.880000 -3.615987 -4.947313 -5.004894 -4.793085 -4.961598 -4.959881 -4.664346 -4.909963 -4.929489 -4.549968 -4.849818 -4.935120 -4.674045
41.920000 -3.613691 -4.927374 -4.981479 -4.772568 -4.949254 -4.945333 -4.653654 -4.899523 -4.918532 -4.543309 -4.846322 -4.931971 -4.675640
41.960000 -3.611550 -4.907945 -4.963832 -4.752776 -4.937166 -4.930326 -4.640969 -4.889168 -4.907620 -4.536761 -4.844406 -4.929592 -4.678472
42.000000 -3.609421 -4.886361 -4.939327 -4.732863 -4.925580 -4.916235 -4.629371 -4.878690 -4.896585 -4.529529 -4.839479 -4.924209 -4.681415
42.040000 -3.607643 -4.865510 -4.911920 -4.713344 -4.912361 -4.901623 -4.616046 -4.868567 -4.885679 -4.523538 -4.838690 -4.923856 -4.682891
42.080000 -3.605873 -4.842923 -4.883228 -4.688978 -4.899822 -4.887911 -4.603877 -4.858177 -4.874619 -4.516620 -4.835489 -4.919944 -4.683662
42.120000 -3.604277 -4.820525 -4.862084 -4.664326 -4.886423 -4.874993 -4.592047 -4.848044 -4.863647 -4.510355 -4.833071 -4.918737 -4.684610
42.160000 -3.602854 -4.796981 -4.841494 -4.643977 -4.872310 -4.861436 -4.580854 -4.837852 -4.852677 -4.503973 -4.831148 -4.916228 -4.685979
42.200000 -3.601435 -4.772836 -4.818243 -4.620471 -4.858888 -4.848424 -4.572962 -4.827455 -4.841536 -4.497308 -4.827810 -4.912239 -4.687211
42.240000 -3.600345 -4.748451 -4.794575 -4.598183 -4.844235 -4.834184 -4.564117 -4.817421 -4.830655 -4.491712 -4.826913 -4.911670 -4.691061
42.280000 -3.599258 -4.722380 -4.770310 -4.572080 -4.830075 -4.820309 -4.555440 -4.807036 -4.819467 -4.485590 -4.824745 -4.908701 -4.694854
42.320000 -3.598345 -4.697507 -4.749297 -4.545252 -4.815912 -4.806396 -4.546451 -4.796819 -4.808179 -4.479758 -4.822809 -4.907210 -4.698828
42.360000 -3.597605 -4.669334 -4.722544 -4.515268 -4.801263 -4.791846 -4.536897 -4.786513 -4.796979 -4.474200 -4.820953 -4.905261 -4.703067
42.400000 -3.596867 -4.642805 -4.696425 -4.487012 -4.787559 -4.778193 -4.527891 -4.776026 -4.785677 -4.467986 -4.818526 -4.902325 -4.704232
42.440000 -3.596483 -4.614034 -4.665480 -4.468312 -4.773015 -4.763714 -4.513125 -4.765893 -4.773807 -4.462965 -4.817692 -4.901903 -4.707670
42.480000 -3.596099 -4.585989 -4.636839 -4.445059 -4.759219 -4.749877 -4.498916 -4.755597 -4.761275 -4.457484 -4.816223 -4.900782 -4.711536
42.520000 -3.595886 -4.557022 -4.608362 -4.424706 -4.745172 -4.735294 -4.484019 -4.745371 -4.748863 -4.453046 -4.814572 -4.899406 -4.716166
42.560000 -3.595845 -4.527778 -4.581115 -4.399010 -4.730676 -4.720001 -4.468261 -4.735268 -4.736756 -4.448918 -4.813865 -4.899473 -4.718850
42.600000 -3.595803 -4.499014 -4.557548 -4.375204 -4.717113 -4.703853 -4.453495 -4.724832 -4.724270 -4.443697 -4.811786 -4.896989 -4.720111
42.640000 -3.596093 -4.469040 -4.528031 -4.348952 -4.700878 -4.685328 -4.437406 -4.715102 -4.712399 -4.439857 -4.811519 -4.898177 -4.720836
42.680000 -3.596384 -4.441105 -4.497029 -4.324586 -4.685715 -4.671928 -4.422618 -4.705038 -4.701908 -4.435195 -4.810607 -4.897401 -4.721161
42.720000 -3.596839 -4.410752 -4.464599 -4.300697 -4.669441 -4.652814 -4.410218 -4.695078 -4.691957 -4.430860 -4.809357 -4.896947 -4.721401
42.760000 -3.597458 -4.382842 -4.436658 -4.277636 -4.652781 -4.637337 -4.398773 -4.685434 -4.680643 -4.426820 -4.809527 -4.900236 -4.723426
42.800000 -3.598078 -4.353927 -4.408726 -4.253858 -4.636514 -4.622279 -4.382995 -4.675091 -4.669455 -4.421773 -4.808206 -4.905239 -4.726267
42.840000 -3.599099 -4.326660 -4.378294 -4.231290 -4.618767 -4.604672 -4.366609 -4.665912 -4.657747 -4.417633 -4.808605 -4.905018 -4.728694
42.880000 -3.600123 -4.299673 -4.352828 -4.206209 -4.601676 -4.586793 -4.354156 -4.656039 -4.649432 -4.412932 -4.808313 -4.904871 -4.731599
42.920000 -3.601335 -4.273599 -4.327599 -4.178465 -4.583848 -4.567493 -4.341954 -4.646295 -4.641416 -4.408108 -4.808074 -4.904648 -4.734279
42.960000 -3.602736 -4.248842 -4.303018 -4.152211 -4.566053 -4.548049 -4.329747 -4.636780 -4.632896 -4.403644 -4.808648 -4.904826 -4.737541
43.000000 -3.604142 -4.224611 -4.277450 -4.128302 -4.547985 -4.528048 -4.317390 -4.626417 -4.621813 -4.398375 -4.808285 -4.902628 -4.739532
43.040000 -3.605711 -4.202507 -4.255458 -4.109550 -4.529113 -4.507222 -4.304623 -4.617331 -4.611654 -4.394255 -4.809203 -4.903826 -4.742117
43.080000 -3.607285 -4.180678 -4.231705 -4.095406 -4.510204 -4.487881 -4.291457 -4.607275 -4.600655 -4.389846 -4.809536 -4.903948 -4.744328
43.120000 -3.608975 -4.160915 -4.209952 -4.077229 -4.491300 -4.470217 -4.276321 -4.597671 -4.591779 -4.385029 -4.810222 -4.905542 -4.746012
43.160000 -3.610783 -4.142386 -4.188534 -4.062547 -4.471713 -4.451638 -4.258268 -4.588048 -4.583104 -4.379798 -4.811571 -4.906715 -4.746672
43.200000 -3.612598 -4.125519 -4.169470 -4.049373 -4.452702 -4.435523 -4.240978 -4.577845 -4.573700 -4.373604 -4.812034 -4.907044 -4.749824
43.240000 -3.614656 -4.110339 -4.152964 -4.038054 -4.433484 -4.420750 -4.224936 -4.569021 -4.565586 -4.369912 -4.813748 -4.908719 -4.754648
43.280000 -3.616723 -4.097004 -4.134208 -4.025999 -4.414343 -4.406128 -4.213432 -4.559168 -4.556518 -4.365114 -4.814970 -4.910790 -4.758599
43.320000 -3.618910 -4.085050 -4.118776 -4.015648 -4.395670 -4.391371 -4.195867 -4.549906 -4.548948 -4.363150 -4.816387 -4.914578 -4.761336
43.360000 -3.621218 -4.075667 -4.105310 -4.006838 -4.375659 -4.375268 -4.174755 -4.540743 -4.543732 -4.361727 -4.818158 -4.917614 -4.764409
43.400000 -3.623538 -4.067262 -4.095044 -3.997884 -4.356951 -4.353888 -4.156969 -4.530971 -4.534196 -4.359237 -4.819668 -4.921066 -4.774207
43.440000 -3.626091 -4.061857 -4.091646 -3.993494 -4.335934 -4.331801 -4.140379 -4.522599 -4.524472 -4.356625 -4.821812 -4.925367 -4.779572
43.480000 -3.628659 -4.057560 -4.085714 -3.990091 -4.315935 -4.315820 -4.122433 -4.513562 -4.514306 -4.353574 -4.823968 -4.929145 -4.783735
43.520000 -3.631360 -4.055859 -4.084287 -3.986993 -4.295479 -4.299577 -4.104287 -4.504742 -4.506296 -4.351191 -4.826408 -4.932554 -4.788620
43.560000 -3.634198 -4.055944 -4.082433 -3.985243 -4.275049 -4.279957 -4.087008 -4.496466 -4.498782 -4.348687 -4.828603 -4.937541 -4.792043
43.600000 -3.637054 -4.057925 -4.081440 -3.989003 -4.255277 -4.259497 -4.070122 -4.487396 -4.490818 -4.347064 -4.831405 -4.940879 -4.798462
43.640000 -3.640228 -4.062581 -4.083053 -3.991973 -4.235317 -4.239172 -4.054586 -4.479620 -4.483948 -4.344292 -4.833904 -4.946017 -4.801376
43.680000 -3.643426 -4.068339 -4.085325 -3.999107 -4.216519 -4.219921 -4.041840 -4.471333 -4.477264 -4.341870 -4.837222 -4.950251 -4.806484
43.720000 -3.646932 -4.077627 -4.095043 -4.004156 -4.197533 -4.199459 -4.033907 -4.463019 -4.466721 -4.335461 -4.840271 -4.954758 -4.810066
43.760000 -3.650756 -4.087558 -4.103228 -4.010391 -4.179771 -4.180057 -4.027008 -4.455537 -4.459500 -4.337331 -4.843843 -4.959570 -4.814260
43.800000 -3.654613 -4.101241 -4.114416 -4.021350 -4.162303 -4.160344 -4.015474 -4.446742 -4.451545 -4.332476 -4.848068 -4.963666 -4.821005
43.840000 -3.658869 -4.115945 -4.127324 -4.031923 -4.146166 -4.141320 -4.002217 -4.440113 -4.445275 -4.329993 -4.851457 -4.969076 -4.825228
43.880000 -3.663167 -4.133565 -4.141763 -4.045090 -4.130520 -4.123876 -3.989914 -4.432456 -4.438353 -4.326178 -4.856544 -4.976063 -4.830377
43.920000 -3.667765 -4.153111 -4.158695 -4.060128 -4.116274 -4.108887 -3.981233 -4.425283 -4.431954 -4.323448 -4.860317 -4.980541 -4.835702
43.960000 -3.672672 -4.174758 -4.180361 -4.078031 -4.102897 -4.098619 -3.973293 -4.419192 -4.427943 -4.324822 -4.865431 -4.985767 -4.843474
44.000000 -3.677635 -4.199202 -4.204029 -4.098715 -4.090628 -4.086295 -3.965409 -4.411372 -4.423883 -4.324265 -4.870701 -4.992236 -4.852729
44.040000 -3.683332 -4.225063 -4.230305 -4.119200 -4.080278 -4.072955 -3.958404 -4.406401 -4.420614 -4.322993 -4.875399 -4.998459 -4.858622
44.080000 -3.689104 -4.254266 -4.261653 -4.142977 -4.070760 -4.063298 -3.953611 -4.400076 -4.413713 -4.324394 -4.881119 -5.005087 -4.866274
44.120000 -3.695452 -4.284798 -4.289752 -4.170264 -4.062960 -4.058775 -3.953420 -4.394951 -4.411024 -4.322732 -4.886490 -5.011134 -4.873346
44.160000 -3.702401 -4.318583 -4.323463 -4.201554 -4.056970 -4.055497 -3.953604 -4.390234 -4.408483 -4.321559 -4.892292 -5.018418 -4.880564
44.200000 -3.709463 -4.354268 -4.361481 -4.234558 -4.051745 -4.054693 -3.952532 -4.385265 -4.408012 -4.319394 -4.898805 -5.027842 -4.889319
44.240000 -3.717638 -4.392428 -4.400397 -4.270141 -4.050019 -4.050282 -3.956172 -4.382177 -4.406678 -4.315899 -4.904566 -5.035030 -4.896276
44.280000 -3.725971 -4.432971 -4.440657 -4.308045 -4.049353 -4.056442 -3.958433 -4.378665 -4.406531 -4.317032 -4.910288 -5.042729 -4.903703
44.320000 -3.735132 -4.476129 -4.483461 -4.346470 -4.050070 -4.055691 -3.964559 -4.376583 -4.409318 -4.319436 -4.917122 -5.052268 -4.912797
44.360000 -3.745174 -4.521321 -4.528035 -4.386308 -4.053707 -4.052934 -3.969836 -4.374170 -4.411137 -4.321344 -4.922890 -5.058632 -4.919157
44.400000 -3.755452 -4.570065 -4.575673 -4.429063 -4.057099 -4.050344 -3.973684 -4.372875 -4.412939 -4.323336 -4.931377 -5.069113 -4.927088
44.440000 -3.767396 -4.619617 -4.624643 -4.473621 -4.064344 -4.060533 -3.982510 -4.372180 -4.415760 -4.325387 -4.936936 -5.074861 -4.932017
44.480000 -3.779678 -4.673119 -4.677036 -4.521320 -4.071548 -4.067633 -3.988654 -4.372499 -4.417571 -4.328393 -4.944805 -5.083611 -4.938985
44.520000 -3.793008 -4.728209 -4.730757 -4.573284 -4.081539 -4.081836 -4.001253 -4.373173 -4.422302 -4.332181 -4.952801 -5.092774 -4.946250
44.560000 -3.807474 -4.786430 -4.787474 -4.626577 -4.093744 -4.089649 -4.014505 -4.374998 -4.426156 -4.336716 -4.959804 -5.099759 -4.952221
44.600000 -3.822439 -4.847464 -4.846665 -4.681327 -4.106450 -4.106097 -4.029324 -4.377685 -4.431650 -4.341632 -4.970960 -5.112142 -4.962151
44.640000 -3.839282 -4.910026 -4.907352 -4.737945 -4.124049 -4.126508 -4.044068 -4.380933 -4.436109 -4.349492 -4.976629 -5.117724 -4.967057
44.680000 -3.856805 -4.977234 -4.973631 -4.800630 -4.141545 -4.142253 -4.058506 -4.386051 -4.443909 -4.354956 -4.986898 -5.128719 -4.976037
44.720000 -3.875512 -5.044234 -5.039769 -4.865868 -4.162629 -4.162737 -4.080067 -4.390888 -4.450712 -4.360949 -4.995465 -5.138410 -4.983726
44.760000 -3.895528 -5.118339 -5.113914 -4.938055 -4.184948 -4.187288 -4.100343 -4.397644 -4.459404 -4.368873 -5.004560 -5.147984 -4.991820
44.800000 -3.916513 -5.189404 -5.185500 -5.008044 -4.209331 -4.215052 -4.124664 -4.405455 -4.468998 -4.375403 -5.016457 -5.161502 -5.003991
44.840000 -3.938846 -5.267658 -5.264282 -5.079316 -4.236915 -4.245174 -4.151818 -4.413771 -4.478877 -4.385828 -5.024141 -5.169146 -5.011589
44.880000 -3.962390 -5.345176 -5.343428 -5.147721 -4.266054 -4.278348 -4.181891 -4.423826 -4.491676 -4.400948 -5.035752 -5.181195 -5.023503
44.920000 -3.987022 -5.427792 -5.424037 -5.226599 -4.297419 -4.312640 -4.214467 -4.435023 -4.504665 -4.415410 -5.045835 -5.192075 -5.034124
44.960000 -4.012857 -5.512479 -5.504161 -5.307621 -4.331239 -4.350089 -4.249358 -4.447056 -4.517954 -4.427288 -5.057215 -5.203149 -5.046087
45.000000 -4.040328 -5.598900 -5.589647 -5.393997 -4.366775 -4.386996 -4.284285 -4.461930 -4.535368 -4.442838 -5.069877 -5.215769 -5.059654
45.040000 -4.068172 -5.691619 -5.682703 -5.485702 -4.405177 -4.426857 -4.320070 -4.475929 -4.550130 -4.458856 -5.079528 -5.225034 -5.070659
45.080000 -4.097924 -5.780422 -5.771138 -5.574268 -4.446136 -4.468036 -4.360504 -4.492585 -4.568393 -4.474535 -5.091564 -5.238123 -5.084638
45.120000 -4.128462 -5.882840 -5.873857 -5.668229 -4.488687 -4.512021 -4.401099 -4.510407 -4.587427 -4.491340 -5.104073 -5.251038 -5.099055
45.160000 -4.159802 -5.973361 -5.960941 -5.751726 -4.535043 -4.559486 -4.444520 -4.528963 -4.606428 -4.509695 -5.115565 -5.261446 -5.111900
45.200000 -4.193580 -6.078976 -6.062808 -5.852361 -4.582778 -4.608379 -4.488050 -4.551341 -4.629060 -4.532443 -5.131323 -5.276951 -5.128086
45.240000 -4.226306 -6.177927 -6.162555 -5.945291 -4.633299 -4.658734 -4.532742 -4.571470 -4.647578 -4.552663 -5.142105 -5.287389 -5.137624
45.280000 -4.261701 -6.285045 -6.273715 -6.048035 -4.686051 -4.709067 -4.582647 -4.595760 -4.670742 -4.575649 -5.156244 -5.301868 -5.150271
45.320000 -4.297641 -6.394286 -6.384257 -6.153810 -4.740803 -4.761162 -4.635033 -4.620468 -4.694101 -4.599185 -5.171594 -5.317048 -5.164462
45.360000 -4.334001 -6.502093 -6.492269 -6.258886 -4.798073 -4.817733 -4.690300 -4.646598 -4.717955 -4.624176 -5.183859 -5.327818 -5.175141
45.400000 -4.373686 -6.622496 -6.613176 -6.374694 -4.857893 -4.877417 -4.748103 -4.676592 -4.746781 -4.652320 -5.202872 -5.346471 -5.192705
45.440000 -4.410592 -6.730309 -6.719156 -6.479790 -4.919330 -4.938720 -4.806941 -4.704199 -4.773296 -4.676962 -5.214450 -5.356372 -5.202811
45.480000 -4.450929 -6.861505 -6.849208 -6.604919 -4.983951 -5.003827 -4.869209 -4.735866 -4.804785 -4.705966 -5.231672 -5.372318 -5.218396
45.520000 -4.491542 -6.969794 -6.956697 -6.713753 -5.050494 -5.070539 -4.933983 -4.768837 -4.835660 -4.735826 -5.248180 -5.387592 -5.233422
45.560000 -4.532110 -7.100058 -7.086929 -6.843358 -5.119825 -5.138621 -5.000699 -4.802168 -4.866918 -4.771246 -5.263738 -5.401474 -5.247521
45.600000 -4.576862 -7.220633 -7.210999 -6.960370 -5.192538 -5.210856 -5.069934 -4.840695 -4.905576 -4.808839 -5.285170 -5.421719 -5.268139
45.640000 -4.617227 -7.349231 -7.348213 -7.086584 -5.265472 -5.281850 -5.133949 -4.875762 -4.940226 -4.842803 -5.299370 -5.433914 -5.282764
45.680000 -4.661731 -7.481644 -7.484257 -7.210836 -5.342913 -5.357748 -5.208583 -4.915199 -4.978318 -4.880751 -5.320093 -5.452768 -5.302575
45.720000 -4.706161 -7.609225 -7.611413 -7.329150 -5.421012 -5.434182 -5.286020 -4.956800 -5.017581 -4.920790 -5.338851 -5.469538 -5.319885
45.760000 -4.749948 -7.753993 -7.757904 -7.460224 -5.503377 -5.513446 -5.366855 -4.997408 -5.056021 -4.960090 -5.358117 -5.486027 -5.337367
45.800000 -4.798650 -7.880196 -7.885241 -7.582743 -5.586982 -5.595827 -5.449818 -5.045354 -5.100726 -5.006279 -5.382446 -5.507622 -5.359569
45.840000 -4.841565 -8.037754 -8.043124 -7.738352 -5.672577 -5.680045 -5.529370 -5.087672 -5.139676 -5.047166 -5.400365 -5.523087 -5.376279
45.880000 -4.889192 -8.161088 -8.163907 -7.859288 -5.760723 -5.767088 -5.613144 -5.136340 -5.186661 -5.092729 -5.423829 -5.544962 -5.397810
45.920000 -4.936567 -8.315238 -8.314343 -7.997073 -5.852003 -5.857072 -5.700025 -5.185669 -5.232686 -5.138328 -5.446936 -5.567618 -5.419570
45.960000 -4.982931 -8.453403 -8.451386 -8.123568 -5.944784 -5.948176 -5.792401 -5.235081 -5.278805 -5.185043 -5.469279 -5.588648 -5.440726
46.000000 -5.034841 -8.603999 -8.611074 -8.259936 -6.041868 -6.043513 -5.887603 -5.291406 -5.331390 -5.241739 -5.497799 -5.614552 -5.467955
46.040000 -5.079875 -8.757464 -8.766320 -8.400725 -6.139701 -6.138603 -5.981821 -5.341724 -5.378211 -5.290111 -5.519560 -5.635485 -5.488734
46.080000 -5.130124 -8.903267 -8.911957 -8.536922 -6.238949 -6.237237 -6.076166 -5.399342 -5.431477 -5.339355 -5.546895 -5.660176 -5.514486
46.120000 -5.180027 -9.073697 -9.092461 -8.686110 -6.345931 -6.343225 -6.177912 -5.456589 -5.487626 -5.393366 -5.574598 -5.684370 -5.540930
46.160000 -5.228662 -9.214829 -9.241415 -8.820635 -6.446341 -6.442861 -6.275659 -5.515341 -5.544823 -5.448933 -5.601300 -5.708809 -5.566273
46.200000 -5.283438 -9.402668 -9.446555 -9.006220 -6.559134 -6.559409 -6.383741 -5.579903 -5.607497 -5.508957 -5.635075 -5.740229 -5.598474
46.240000 -5.330535 -9.539265 -9.587261 -9.133928 -6.664378 -6.665456 -6.484845 -5.639516 -5.664173 -5.563928 -5.661368 -5.763859 -5.623736
46.280000 -5.383368 -9.718915 -9.775286 -9.309956 -6.778337 -6.779783 -6.596235 -5.705277 -5.726923 -5.625612 -5.694445 -5.794827 -5.655510
46.320000 -5.435839 -9.877228 -9.942425 -9.462060 -6.893248 -6.897556 -6.703593 -5.771990 -5.792763 -5.690104 -5.727384 -5.825794 -5.687266
46.360000 -5.486871 -10.049178 -10.127792 -9.626620 -7.007557 -7.009857 -6.821898 -5.839019 -5.859003 -5.751831 -5.760131 -5.855470 -5.718512
46.400000 -5.544709 -10.229455 -10.324155 -9.806205 -7.133079 -7.133753 -6.953356 -5.912870 -5.931722 -5.822126 -5.799864 -5.896323 -5.756750
46.440000 -5.594096 -10.394144 -10.500470 -9.957243 -7.247025 -7.245480 -7.069241 -5.981267 -5.998634 -5.885979 -5.832351 -5.927157 -5.788531
46.480000 -5.649829 -10.595628 -10.721744 -10.149750 -7.379071 -7.373988 -7.190879 -6.055984 -6.071199 -5.957964 -5.871551 -5.965222 -5.827080
46.520000 -5.705241 -10.754624 -10.888394 -10.293167 -7.496967 -7.493021 -7.298480 -6.132127 -6.141780 -6.030754 -5.911404 -6.002571 -5.866181
46.560000 -5.759091 -10.977837 -11.126192 -10.499598 -7.628173 -7.625051 -7.421751 -6.208259 -6.214566 -6.102853 -5.950337 -6.038847 -5.904248
46.600000 -5.820577 -11.131573 -11.288134 -10.651572 -7.757230 -7.752035 -7.546281 -6.291782 -6.292981 -6.182128 -5.997590 -6.082512 -5.950556
46.640000 -5.872779 -11.341796 -11.519999 -10.858617 -7.887029 -7.879553 -7.665469 -6.369389 -6.363209 -6.255634 -6.036458 -6.118048 -5.988556
46.680000 -5.932123 -11.525158 -11.717352 -11.037863 -8.022689 -8.015288 -7.789157 -6.454363 -6.445234 -6.336751 -6.082680 -6.159841 -6.033765
46.720000 -5.991291 -11.725231 -11.927114 -11.231773 -8.155740 -8.149226 -7.910737 -6.539508 -6.528778 -6.416505 -6.130262 -6.205129 -6.080341
46.760000 -6.048846 -11.938979 -12.153661 -11.429080 -8.298639 -8.302069 -8.039482 -6.626676 -6.612448 -6.495518 -6.175749 -6.249991 -6.125543
46.800000 -6.115211 -12.131031 -12.353325 -11.608700 -8.434535 -8.442534 -8.163721 -6.718829 -6.704074 -6.579155 -6.232052 -6.305585 -6.183308
46.840000 -6.171149 -12.378268 -12.616577 -11.837082 -8.585335 -8.593972 -8.298044 -6.807345 -6.789553 -6.659662 -6.277453 -6.348415 -6.230489
46.880000 -6.235373 -12.565301 -12.809185 -12.013849 -8.718301 -8.728218 -8.419509 -6.901227 -6.881233 -6.747479 -6.332744 -6.402817 -6.287102
46.920000 -6.299536 -12.857675 -13.116782 -12.287656 -8.871413 -8.880832 -8.560135 -6.997486 -6.974347 -6.837977 -6.387836 -6.457799 -6.341466
46.960000 -6.361858 -13.050189 -13.311885 -12.473488 -9.012895 -9.036889 -8.697163 -7.093749 -7.068395 -6.928636 -6.442093 -6.511396 -6.392557
47.000000 -6.434646 -13.360057 -13.631299 -12.770623 -9.168022 -9.204130 -8.846509 -7.196944 -7.170803 -7.026430 -6.507431 -6.577803 -6.455788
47.040000 -6.495120 -13.673004 -13.950349 -13.077747 -9.318789 -9.357888 -8.992205 -7.296520 -7.265137 -7.117648 -6.560427 -6.630324 -6.505462
47.080000 -6.565398 -14.171368 -14.450450 -13.574889 -9.469893 -9.510878 -9.135143 -7.399548 -7.367246 -7.213018 -6.625454 -6.695612 -6.570940
47.120000 -6.635707 nan nan nan -9.636440 -9.689375 -9.286396 -7.509665 -7.479083 -7.314446 -6.688718 -6.759808 -6.635534
47.160000 -6.703715 nan nan nan -9.783495 -9.847646 -9.421984 -7.612439 -7.581985 -7.411710 -6.752860 -6.823071 -6.700024
47.200000 -6.784387 -inf nan nan -9.966482 -10.061160 -9.584994 -7.729183 -7.696232 -7.525902 -6.827582 -6.897328 -6.772194
47.240000 -6.850211 -inf nan nan -10.109472 -10.213084 -9.718183 -7.835655 -7.803205 -7.622961 -6.889926 -6.957270 -6.832315
47.280000 -6.927825 -inf nan nan -10.286781 -10.397331 -9.887557 -7.951996 -7.919672 -7.731830 -6.963561 -7.030401 -6.900320
47.320000 -7.005538 -inf nan nan -10.448572 -10.570003 -10.039250 -8.069214 -8.035439 -7.842437 -7.036989 -7.104287 -6.972845
47.360000 -7.080165 -inf nan nan -10.620304 -10.756073 -10.195848 -8.184920 -8.151828 -7.948729 -7.109602 -7.177425 -7.043403
47.400000 -7.170332 -inf nan nan -10.801517 -10.952475 -10.361482 -8.313220 -8.280171 -8.072559 -7.194678 -7.268488 -7.125703
47.440000 -7.242054 -inf nan nan -10.967941 -11.131199 -10.518174 -8.427898 -8.390265 -8.180438 -7.266127 -7.338514 -7.194476
47.480000 -7.328010 -inf nan nan -11.163627 -11.344583 -10.701472 -8.561314 -8.530339 -8.311110 -7.348843 -7.421065 -7.276064
47.520000 -7.414138 -inf nan nan -11.330763 -11.522996 -10.860755 -8.680946 -8.652366 -8.426971 -7.433676 -7.505659 -7.361349
47.560000 -7.496015 -inf nan nan -11.542364 -11.752845 -11.058183 -8.812834 -8.791518 -8.549177 -7.514487 -7.585250 -7.441155
47.600000 -7.597002 -inf nan nan -11.710386 -11.927904 -11.218709 -8.944057 -8.925543 -8.673297 -7.613143 -7.685345 -7.537676
47.640000 -7.674877 -inf nan nan -11.913951 -12.143961 -11.410442 -9.074033 -9.057351 -8.794745 -7.691625 -7.764152 -7.611196
47.680000 -7.769836 -inf nan nan -12.101857 -12.341782 -11.590049 -9.210779 -9.198700 -8.921150 -7.785918 -7.860452 -7.701562
47.720000 -7.865125 -inf nan nan -12.304520 -12.555131 -11.784910 -9.344943 -9.337436 -9.042191 -7.881053 -7.952684 -7.791327
47.760000 -7.954675 -inf nan nan -12.514910 -12.777917 -11.986612 -9.488212 -9.480563 -9.177167 -7.970444 -8.038599 -7.876026
47.800000 -8.067620 -inf nan nan -12.717883 -12.989980 -12.183092 -9.625711 -9.620470 -9.304973 -8.083208 -8.152020 -7.986768
47.840000 -8.152109 -inf nan nan -12.955731 -13.242240 -12.411208 -9.776316 -9.778556 -9.448861 -8.168819 -8.235800 -8.067026
47.880000 -8.257106 -inf nan nan -13.156327 -13.449437 -12.607123 -9.910145 -9.915342 -9.569368 -8.275887 -8.344163 -8.165822
47.920000 -8.362642 -inf nan nan -13.440184 -13.750143 -12.885071 -10.063843 -10.071131 -9.711419 -8.380360 -8.454705 -8.266477
47.960000 -8.460328 -inf nan nan -13.649661 -13.964283 -13.094150 -10.205518 -10.223582 -9.853355 -8.481066 -8.558918 -8.364999
48.000000 -8.586563 -inf nan nan -13.966313 -14.292711 -13.410001 -10.361533 -10.392984 -9.998454 -8.604954 -8.695475 -8.487322
48.040000 -8.677473 -inf nan nan -14.288751 -14.622852 -13.731859 -10.512124 -10.555150 -10.136685 -8.699124 -8.791841 -8.576867
48.080000 -8.792591 -inf nan nan -14.814402 -15.149599 -14.257245 -10.663562 -10.714352 -10.276783 -8.816676 -8.916454 -8.693187
48.120000 -8.908450 -inf nan nan nan nan nan -10.830374 -10.880241 -10.430021 -8.930171 -9.041311 -8.806304
48.160000 -9.013673 -inf nan nan nan nan nan -10.977541 -11.029355 -10.569120 -9.041826 -9.154982 -8.912304
48.200000 -9.152831 -inf nan nan -inf nan nan -11.160868 -11.220362 -10.746072 -9.176148 -9.302377 -9.044193
48.240000 -9.249348 -inf nan nan -inf nan nan -11.303971 -11.373543 -10.883564 -9.280470 -9.405670 -9.147830
48.280000 -9.373632 -inf nan nan -inf nan nan -11.481412 -11.567473 -11.055632 -9.406499 -9.534703 -9.270219
48.320000 -9.499146 -inf nan nan -inf nan nan -11.643522 -11.754511 -11.212751 -9.532580 -9.675504 -9.392367
48.360000 -9.611441 -inf nan nan -inf nan nan -11.815331 -11.944650 -11.376986 -9.651358 -9.802424 -9.504381
48.400000 -9.763300 -inf nan nan -inf nan nan -11.997091 -12.140866 -11.544726 -9.798506 -9.964310 -9.649876
48.440000 -9.865695 -inf nan nan -inf nan nan -12.163436 -12.316645 -11.698365 -9.910521 -10.071767 -9.753289
48.480000 -9.999932 -inf nan nan -inf nan nan -12.359182 -12.532240 -11.878131 -10.045138 -10.208318 -9.885811
48.520000 -10.136213 -inf nan nan -inf nan nan -12.526696 -12.712537 -12.036238 -10.184094 -10.348255 -10.038044
48.560000 -10.256277 -inf nan nan -inf nan nan -12.737980 -12.946339 -12.235259 -10.309188 -10.470881 -10.167730
48.600000 -10.422781 -inf nan nan -inf nan nan -12.906278 -13.126157 -12.396650 -10.471577 -10.649232 -10.323962
48.640000 -10.531116 -inf nan nan -inf nan nan -13.109655 -13.348580 -12.586584 -10.588576 -10.769069 -10.433135
48.680000 -10.675792 -inf nan nan -inf nan nan -13.297714 -13.553274 -12.766747 -10.736171 -10.929589 -10.575551
48.720000 -10.823378 -inf nan nan -inf nan nan -13.500360 -13.767281 -12.960087 -10.882663 -11.091497 -10.712073
48.760000 -10.950695 -inf nan nan -inf nan nan -13.710672 -13.991417 -13.161154 -11.016801 -11.233135 -10.834846
48.800000 -11.131582 -inf nan nan -inf nan nan -13.914003 -14.203784 -13.354515 -11.191551 -11.432060 -10.999777
48.840000 -11.244961 -inf nan nan -inf nan nan -14.151476 -14.455010 -13.581897 -11.313252 -11.557546 -11.110466
48.880000 -11.398817 -inf nan nan -inf nan nan -14.352363 -14.662524 -13.769402 -11.474416 -11.732502 -11.255899
48.920000 -11.556713 -inf nan nan -inf nan nan -14.636151 -14.965064 -14.038135 -11.628772 -11.905017 -11.403378
48.960000 -11.690642 -inf nan nan -inf nan nan -14.845730 -15.178827 -14.233060 -11.775335 -12.049909 -11.534844
49.000000 -11.885293 -inf nan nan -inf nan nan -15.162519 -15.504716 -14.536635 -11.960460 -12.258647 -11.714485
49.040000 -12.004152 -inf nan nan -inf nan nan -15.485055 -15.833997 -14.837983 -12.094027 -12.387481 -11.838499
49.080000 -12.168333 -inf nan nan -inf nan nan -16.011064 -16.360288 -15.327592 -12.264042 -12.572350 -12.001730
49.120000 -12.338463 -inf nan nan -inf nan nan nan nan nan -12.430552 -12.746158 -12.164310
49.160000 -12.480747 -inf nan nan -inf nan nan nan nan nan -12.588170 -12.902917 -12.311831
49.200000 -12.693757 -inf nan nan -inf nan nan -inf nan nan -12.785840 -13.126275 -12.509529
49.240000 -12.819241 -inf nan nan -inf nan nan -inf nan nan -12.932298 -13.269123 -12.643961
49.280000 -12.996425 -inf nan nan -inf nan nan -inf nan nan -13.112300 -13.460643 -12.817699
49.320000 -13.182088 -inf nan nan -inf nan nan -inf nan nan -13.296332 -13.659336 -12.997309
49.360000 -13.333491 -inf nan nan -inf nan nan -inf nan nan -13.461846 -13.831400 -13.153086
49.400000 -13.567904 -inf nan nan -inf nan nan -inf nan nan -13.679390 -14.104094 -13.371942
49.440000 -13.700025 -inf nan nan -inf nan nan -inf nan nan -13.833842 -14.279518 -13.512195
49.480000 -13.890847 -inf nan nan -inf nan nan -inf nan nan -14.028239 -14.498736 -13.701933
49.520000 -14.093691 -inf nan nan -inf nan nan -inf nan nan -14.228768 -14.715411 -13.901604
49.560000 -14.255093 -inf nan nan -inf nan nan -inf nan nan -14.405774 -14.903885 -14.068209
49.600000 -14.514821 -inf nan nan -inf nan nan -inf nan nan -14.649906 -15.166772 -14.324888
