#Quasar bolometric luminosity function in different Eddington ratio bins from TRINITY PaperIII (Fig. 8, Zhang+2024, MNRAS, 529, 2777)
#z: 3.00
#log10(Lbol [erg/s])(0) log10(QLF_total [Mpc^-3 dex^-1])(1) log10(QLF(-3<logEta<-2) [Mpc^-3 dex^-1])(2) log10(QLF(-3<logEta<-2)_16th [Mpc^-3 dex^-1])(3) log10(QLF(-3<logEta<-2)_84th [Mpc^-3 dex^-1])(4)
#log10(QLF(-2<logEta<-1) [Mpc^-3 dex^-1])(5) log10(QLF(-2<logEta<-1)_16th [Mpc^-3 dex^-1])(6) log10(QLF(-2<logEta<-1)_84th [Mpc^-3 dex^-1])(7)
#log10(QLF(-1<logEta<0) [Mpc^-3 dex^-1])(8) log10(QLF(-1<logEta<0)_16th [Mpc^-3 dex^-1])(9) log10(QLF(-1<logEta<0)_84th [Mpc^-3 dex^-1])(10)
#log10(QLF(0<logEta<1) [Mpc^-3 dex^-1])(11) log10(QLF(0<logEta<1)_16th [Mpc^-3 dex^-1])(12) log10(QLF(0<logEta<1)_84th [Mpc^-3 dex^-1])(13)
40.000000 -4.986957 -7.293926 -7.785278 -7.025323 -7.694740 -7.864847 -7.197535 -6.992651 -7.196494 -6.502219 -inf nan nan
40.040000 -4.975909 -7.247534 -7.727321 -6.977760 -7.677277 -7.867342 -7.198889 -6.964538 -7.161366 -6.471674 nan nan nan
40.080000 -4.965135 -7.202492 -7.671205 -6.931668 -7.662930 -7.875419 -7.188282 -6.937552 -7.128271 -6.446245 nan nan nan
40.120000 -4.954285 -7.156514 -7.612369 -6.883889 -7.641977 -7.873782 -7.160111 -6.929637 -7.116672 -6.439087 -8.288701 -8.464839 -7.801828
40.160000 -4.943370 -7.113331 -7.556652 -6.838654 -7.620430 -7.871546 -7.125222 -6.942224 -7.129212 -6.452202 -7.790417 -7.957269 -7.262221
40.200000 -4.932723 -7.067255 -7.495801 -6.800057 -7.597156 -7.865518 -7.091911 -6.957247 -7.145827 -6.468338 -7.555567 -7.718516 -6.987002
40.240000 -4.921653 -7.023983 -7.438783 -6.761571 -7.568739 -7.833650 -7.067815 -6.968387 -7.155947 -6.479631 -7.405689 -7.559724 -6.783926
40.280000 -4.910859 -6.979080 -7.387606 -6.716063 -7.540845 -7.819149 -7.042310 -6.983441 -7.172691 -6.496384 -7.286249 -7.425564 -6.622130
40.320000 -4.899928 -6.935773 -7.340706 -6.672561 -7.508898 -7.805923 -7.002397 -6.994261 -7.168441 -6.507714 -7.186599 -7.308713 -6.481833
40.360000 -4.888878 -6.891884 -7.293263 -6.628885 -7.476255 -7.780797 -6.962148 -7.007382 -7.140134 -6.522447 -7.091364 -7.196149 -6.342941
40.400000 -4.878102 -6.848420 -7.245732 -6.582374 -7.442160 -7.753058 -6.924708 -7.019424 -7.137120 -6.536664 -7.014761 -7.107743 -6.239381
40.440000 -4.866684 -6.805390 -7.198660 -6.532186 -7.405814 -7.718759 -6.883475 -7.030510 -7.127886 -6.548876 -6.922061 -6.994204 -6.121539
40.480000 -4.855560 -6.761347 -7.150450 -6.481972 -7.368256 -7.687311 -6.850107 -7.041981 -7.123893 -6.563603 -6.845404 -6.913241 -6.032375
40.520000 -4.844178 -6.719674 -7.105043 -6.435399 -7.330777 -7.648922 -6.815764 -7.051920 -7.119884 -6.570880 -6.764817 -6.826634 -5.936520
40.560000 -4.832566 -6.674669 -7.055761 -6.385434 -7.290727 -7.608303 -6.780302 -7.062332 -7.125355 -6.579317 -6.683149 -6.737673 -5.838861
40.600000 -4.821256 -6.632675 -7.010073 -6.345245 -7.253178 -7.571650 -6.749027 -7.070625 -7.133069 -6.555650 -6.615011 -6.663742 -5.759934
40.640000 -4.808886 -6.588290 -6.959587 -6.308458 -7.210518 -7.527338 -6.710950 -7.079360 -7.118270 -6.530916 -6.521331 -6.546327 -5.631775
40.680000 -4.796859 -6.545601 -6.905764 -6.272903 -7.170041 -7.486148 -6.677300 -7.084082 -7.114834 -6.512190 -6.445028 -6.462985 -5.528800
40.720000 -4.784184 -6.502146 -6.850861 -6.236741 -7.128445 -7.443103 -6.667511 -7.090091 -7.113254 -6.523312 -6.357060 -6.348062 -5.436876
40.760000 -4.770926 -6.458704 -6.810645 -6.200649 -7.084982 -7.398472 -6.617579 -7.092045 -7.106769 -6.538075 -6.266041 -6.246092 -5.338224
40.800000 -4.758061 -6.416202 -6.770169 -6.165141 -7.045431 -7.368938 -6.575543 -7.094519 -7.097563 -6.547753 -6.190625 -6.175395 -5.234616
40.840000 -4.742413 -6.371947 -6.729673 -6.128494 -6.999271 -7.311066 -6.537716 -7.092858 -7.093575 -6.518946 -6.074248 -6.054365 -5.175516
40.880000 -4.727310 -6.330363 -6.689997 -6.093710 -6.957654 -7.262822 -6.504753 -7.089742 -7.100440 -6.526226 -5.982543 -5.949312 -5.167895
40.920000 -4.709839 -6.285310 -6.633606 -6.056420 -6.914177 -7.216254 -6.469672 -7.084938 -7.110021 -6.539266 -5.872660 -5.815027 -5.133792
40.960000 -4.690294 -6.242976 -6.581140 -6.015743 -6.871457 -7.169297 -6.432039 -7.075556 -7.116623 -6.549978 -5.759085 -5.700790 -5.112280
41.000000 -4.671592 -6.198782 -6.524734 -5.977778 -6.830710 -7.125881 -6.398302 -7.066988 -7.125818 -6.521025 -5.669029 -5.617631 -5.127461
41.040000 -4.649367 -6.155646 -6.471747 -5.935815 -6.786719 -7.076773 -6.358499 -7.050949 -7.115563 -6.510833 -5.562059 -5.523020 -5.136539
41.080000 -4.628224 -6.112020 -6.430511 -5.899650 -6.745632 -7.035070 -6.323313 -7.036018 -7.118635 -6.501467 -5.476231 -5.446048 -5.116294
41.120000 -4.612217 -6.068360 -6.388236 -5.861913 -6.703129 -6.995977 -6.286646 -7.015525 -7.115706 -6.464800 -5.465610 -5.446144 -5.131546
41.160000 -4.600826 -6.025339 -6.343317 -5.823580 -6.661509 -6.949180 -6.250372 -6.993852 -7.101758 -6.433578 -5.487647 -5.466396 -5.147420
41.200000 -4.589725 -5.981122 -6.283718 -5.783389 -6.620378 -6.906187 -6.218837 -6.969587 -7.074712 -6.438251 -5.476145 -5.465944 -5.162672
41.240000 -4.582124 -5.938993 -6.227860 -5.743962 -6.575479 -6.858493 -6.182262 -6.941700 -7.061336 -6.453797 -5.518733 -5.493691 -5.178885
41.280000 -4.574654 -5.893637 -6.167730 -5.695537 -6.532310 -6.812524 -6.149256 -6.912853 -7.048924 -6.417698 -5.512797 -5.497334 -5.194251
41.320000 -4.567160 -5.851042 -6.110866 -5.647666 -6.488970 -6.767695 -6.115455 -6.880801 -7.023375 -6.372504 -5.541887 -5.516915 -5.210156
41.360000 -4.559646 -5.806288 -6.060716 -5.597202 -6.444496 -6.719223 -6.081067 -6.848003 -7.000460 -6.336975 -5.555766 -5.531683 -5.225292
41.400000 -4.552260 -5.763255 -6.008063 -5.554440 -6.403043 -6.675290 -6.050281 -6.812741 -6.976451 -6.291140 -5.557747 -5.557360 -5.240566
41.440000 -4.544220 -5.719195 -5.964496 -5.515141 -6.357457 -6.625057 -6.014004 -6.776474 -6.953179 -6.240973 -5.589098 -5.587699 -5.255710
41.480000 -4.536325 -5.675486 -5.928171 -5.473155 -6.314432 -6.579339 -5.979988 -6.737848 -6.927642 -6.192247 -5.591737 -5.609746 -5.271333
41.520000 -4.528202 -5.632514 -5.891027 -5.430567 -6.271734 -6.528139 -5.933832 -6.699468 -6.902995 -6.143569 -5.613240 -5.620247 -5.282062
41.560000 -4.519865 -5.588271 -5.850409 -5.387287 -6.226654 -6.471471 -5.885453 -6.658900 -6.874534 -6.095669 -5.622535 -5.628687 -5.296901
41.600000 -4.511686 -5.546711 -5.806734 -5.346418 -6.185975 -6.420905 -5.842245 -6.619225 -6.844739 -6.091960 -5.629622 -5.634229 -5.308394
41.640000 -4.502784 -5.501896 -5.758554 -5.305608 -6.139757 -6.365530 -5.792156 -6.577210 -6.821647 -6.092249 -5.648178 -5.646141 -5.323076
41.680000 -4.494061 -5.460050 -5.720799 -5.284781 -6.097527 -6.312859 -5.747035 -6.535620 -6.786995 -6.059122 -5.661016 -5.634909 -5.336090
41.720000 -4.485073 -5.416693 -5.685378 -5.265493 -6.053789 -6.259387 -5.700103 -6.493827 -6.746965 -6.023009 -5.670494 -5.633121 -5.345646
41.760000 -4.475840 -5.374804 -5.651394 -5.230509 -6.009865 -6.211993 -5.652840 -6.450742 -6.699225 -5.985851 -5.686525 -5.645816 -5.362097
41.800000 -4.466800 -5.333035 -5.617584 -5.194468 -5.968816 -6.168443 -5.609358 -6.409695 -6.660587 -5.951137 -5.681912 -5.639211 -5.372930
41.840000 -4.456988 -5.291419 -5.582884 -5.158692 -5.923199 -6.117299 -5.559734 -6.365218 -6.622252 -5.912660 -5.703246 -5.655439 -5.388694
41.880000 -4.447393 -5.251022 -5.543482 -5.123971 -5.881822 -6.070748 -5.515300 -6.323069 -6.579036 -5.876734 -5.707092 -5.665133 -5.402428
41.920000 -4.437423 -5.210357 -5.500639 -5.089968 -5.837927 -6.013158 -5.468364 -6.279484 -6.533550 -5.839823 -5.710856 -5.678115 -5.408123
41.960000 -4.427109 -5.171628 -5.459718 -5.052963 -5.795574 -5.969264 -5.422738 -6.236400 -6.488941 -5.802797 -5.731418 -5.675180 -5.406746
42.000000 -4.417034 -5.132071 -5.418393 -5.013671 -5.754426 -5.930893 -5.389863 -6.193835 -6.445194 -5.761186 -5.711552 -5.677272 -5.385813
42.040000 -4.406085 -5.094272 -5.377962 -4.979969 -5.710798 -5.884696 -5.355282 -6.149914 -6.399013 -5.713714 -5.745039 -5.693682 -5.384741
42.080000 -4.395406 -5.056702 -5.336395 -4.947290 -5.669264 -5.835782 -5.323897 -6.107227 -6.350879 -5.668528 -5.737002 -5.701453 -5.384150
42.120000 -4.384411 -5.020517 -5.300885 -4.914607 -5.626692 -5.785397 -5.291847 -6.063758 -6.302636 -5.622390 -5.744702 -5.697216 -5.381872
42.160000 -4.373131 -4.984940 -5.265148 -4.880971 -5.583598 -5.738050 -5.257912 -6.021237 -6.256843 -5.577195 -5.747895 -5.689425 -5.376119
42.200000 -4.362137 -4.950745 -5.230095 -4.845462 -5.542465 -5.694003 -5.217916 -5.978025 -6.207802 -5.532232 -5.731162 -5.677499 -5.367946
42.240000 -4.350327 -4.917128 -5.194578 -4.813737 -5.497283 -5.645921 -5.175312 -5.934843 -6.154114 -5.486497 -5.743796 -5.682908 -5.359353
42.280000 -4.338829 -4.884991 -5.155013 -4.787837 -5.453089 -5.599276 -5.134338 -5.891630 -6.101490 -5.441677 -5.726143 -5.685908 -5.348173
42.320000 -4.326992 -4.853868 -5.114990 -4.761482 -5.409700 -5.552900 -5.093542 -5.849000 -6.048820 -5.397313 -5.725473 -5.688297 -5.335424
42.360000 -4.314849 -4.823775 -5.074654 -4.727024 -5.364577 -5.504763 -5.051337 -5.805819 -5.995568 -5.352826 -5.709796 -5.677531 -5.317599
42.400000 -4.303037 -4.795056 -5.036490 -4.691235 -5.323189 -5.467905 -5.008791 -5.763747 -5.943532 -5.309786 -5.694452 -5.674846 -5.299646
42.440000 -4.290248 -4.767262 -4.998329 -4.661692 -5.277140 -5.421016 -4.959783 -5.720660 -5.889563 -5.265877 -5.684912 -5.676846 -5.282740
42.480000 -4.277824 -4.740922 -4.964313 -4.648239 -5.234354 -5.376015 -4.913140 -5.678055 -5.843942 -5.222847 -5.665044 -5.676977 -5.261640
42.520000 -4.264980 -4.715570 -4.932752 -4.633309 -5.191026 -5.330281 -4.866293 -5.636446 -5.799046 -5.181099 -5.647458 -5.668858 -5.237182
42.560000 -4.251762 -4.691792 -4.902479 -4.612057 -5.146943 -5.289001 -4.819313 -5.593110 -5.752422 -5.139555 -5.628296 -5.666431 -5.216780
42.600000 -4.238934 -4.668775 -4.873947 -4.585809 -5.106813 -5.254879 -4.795517 -5.552061 -5.708309 -5.103214 -5.601779 -5.650983 -5.190300
42.640000 -4.224770 -4.647693 -4.854192 -4.561809 -5.060852 -5.205211 -4.761720 -5.508993 -5.660207 -5.064434 -5.582431 -5.631590 -5.170566
42.680000 -4.211053 -4.627081 -4.834617 -4.540899 -5.019455 -5.160730 -4.724458 -5.467594 -5.611282 -5.028051 -5.558227 -5.605698 -5.151813
42.720000 -4.196924 -4.608632 -4.815151 -4.520813 -4.976340 -5.114443 -4.686589 -5.425780 -5.561886 -4.991815 -5.529016 -5.586586 -5.134651
42.760000 -4.182434 -4.590678 -4.789784 -4.505439 -4.933885 -5.069027 -4.649432 -5.384156 -5.512711 -4.955629 -5.508569 -5.552943 -5.120115
42.800000 -4.168413 -4.574609 -4.765210 -4.494862 -4.893810 -5.028940 -4.614368 -5.343530 -5.465151 -4.921841 -5.474520 -5.530586 -5.099942
42.840000 -4.153250 -4.559396 -4.740035 -4.480301 -4.851336 -4.985419 -4.582583 -5.301892 -5.419076 -4.887152 -5.454943 -5.518660 -5.080551
42.880000 -4.138600 -4.545414 -4.718581 -4.466183 -4.811845 -4.948581 -4.550297 -5.262138 -5.376047 -4.856305 -5.426220 -5.501336 -5.058909
42.920000 -4.123538 -4.533199 -4.697328 -4.453890 -4.772084 -4.910457 -4.522179 -5.220938 -5.329821 -4.823922 -5.399413 -5.480726 -5.038038
42.960000 -4.108124 -4.521282 -4.679404 -4.441945 -4.733177 -4.864669 -4.490884 -5.181405 -5.285841 -4.793704 -5.375182 -5.458148 -5.019234
43.000000 -4.093239 -4.512049 -4.668090 -4.433509 -4.696002 -4.830246 -4.463295 -5.141408 -5.242149 -4.763505 -5.343255 -5.428009 -4.998466
43.040000 -4.077260 -4.502582 -4.650174 -4.424790 -4.656290 -4.794084 -4.434271 -5.102386 -5.200985 -4.734250 -5.322722 -5.405288 -4.982025
43.080000 -4.061848 -4.495725 -4.636704 -4.419308 -4.619060 -4.759554 -4.405918 -5.063472 -5.159678 -4.708480 -5.293698 -5.379429 -4.963728
43.120000 -4.046205 -4.489218 -4.622753 -4.414503 -4.582399 -4.724791 -4.379909 -5.025253 -5.117799 -4.683878 -5.269993 -5.355945 -4.947109
43.160000 -4.030374 -4.484398 -4.614328 -4.409628 -4.545870 -4.689276 -4.352044 -4.987766 -5.079480 -4.660203 -5.245626 -5.331454 -4.932350
43.200000 -4.015100 -4.480780 -4.612239 -4.409335 -4.512371 -4.656257 -4.327486 -4.950160 -5.045379 -4.628913 -5.218317 -5.306403 -4.915403
43.240000 -3.999114 -4.478021 -4.611731 -4.404956 -4.477133 -4.621080 -4.301932 -4.914752 -5.013080 -4.599597 -5.197375 -5.284128 -4.903625
43.280000 -3.983696 -4.477021 -4.605541 -4.402681 -4.445047 -4.588252 -4.272500 -4.877900 -4.980260 -4.572196 -5.173168 -5.259999 -4.891642
43.320000 -3.968344 -4.476531 -4.603610 -4.401408 -4.413820 -4.555628 -4.241018 -4.843431 -4.948719 -4.549113 -5.150166 -5.236931 -4.881869
43.360000 -3.953071 -4.478035 -4.597341 -4.402806 -4.383824 -4.522519 -4.212020 -4.808666 -4.917153 -4.526129 -5.128619 -5.214462 -4.873466
43.400000 -3.938317 -4.479938 -4.595281 -4.408182 -4.356018 -4.492088 -4.187985 -4.774933 -4.881783 -4.506303 -5.104551 -5.188752 -4.863739
43.440000 -3.923351 -4.483729 -4.598275 -4.414408 -4.328670 -4.460140 -4.163163 -4.742701 -4.844194 -4.496189 -5.085359 -5.166276 -4.857634
43.480000 -3.908884 -4.488124 -4.605811 -4.423686 -4.303436 -4.430654 -4.145107 -4.710728 -4.808988 -4.485568 -5.065381 -5.143081 -4.847087
43.520000 -3.894787 -4.494019 -4.617261 -4.434782 -4.278712 -4.403187 -4.128551 -4.680247 -4.775328 -4.475684 -5.045517 -5.120527 -4.834071
43.560000 -3.881040 -4.500777 -4.629998 -4.443358 -4.255122 -4.371898 -4.111799 -4.650430 -4.744830 -4.466584 -5.028350 -5.099700 -4.823049
43.600000 -3.867715 -4.508832 -4.644451 -4.451105 -4.232641 -4.343052 -4.091196 -4.621848 -4.715132 -4.455954 -5.008158 -5.086337 -4.815621
43.640000 -3.855597 -4.517831 -4.658568 -4.462309 -4.212129 -4.320119 -4.074349 -4.594284 -4.687234 -4.437913 -4.993793 -5.075658 -4.811755
43.680000 -3.843808 -4.528043 -4.674937 -4.470375 -4.192254 -4.297298 -4.057279 -4.568221 -4.657986 -4.419049 -4.977652 -5.058605 -4.807481
43.720000 -3.833029 -4.539244 -4.684596 -4.471950 -4.174953 -4.274574 -4.043921 -4.542534 -4.629710 -4.400166 -4.962271 -5.042493 -4.803533
43.760000 -3.823193 -4.551397 -4.699474 -4.481402 -4.158629 -4.252809 -4.036749 -4.519263 -4.604576 -4.384246 -4.949725 -5.028404 -4.803763
43.800000 -3.813575 -4.565011 -4.716357 -4.497311 -4.143759 -4.232674 -4.023730 -4.495480 -4.579000 -4.368203 -4.934532 -5.013446 -4.810081
43.840000 -3.805230 -4.579377 -4.728171 -4.509842 -4.130690 -4.214218 -4.012082 -4.475156 -4.557195 -4.355047 -4.925140 -5.004193 -4.809148
43.880000 -3.797043 -4.595132 -4.748825 -4.525581 -4.118177 -4.195618 -4.003760 -4.455109 -4.535757 -4.343410 -4.914630 -4.996806 -4.812697
43.920000 -3.789996 -4.611660 -4.763781 -4.540683 -4.107965 -4.181656 -4.002724 -4.436122 -4.515303 -4.332097 -4.904324 -4.985340 -4.818373
43.960000 -3.784039 -4.629760 -4.786909 -4.555321 -4.098236 -4.169029 -3.996793 -4.420229 -4.491586 -4.324445 -4.897022 -4.980324 -4.819868
44.000000 -3.778162 -4.648317 -4.809213 -4.573819 -4.090389 -4.156857 -3.993076 -4.402409 -4.466834 -4.315260 -4.887614 -4.976945 -4.819007
44.040000 -3.774821 -4.668994 -4.834512 -4.594782 -4.084336 -4.146614 -3.993224 -4.389593 -4.453499 -4.310175 -4.882961 -4.976252 -4.819830
44.080000 -3.771505 -4.689481 -4.857604 -4.616074 -4.079645 -4.143102 -3.995103 -4.375694 -4.439326 -4.304686 -4.877485 -4.975642 -4.822412
44.120000 -3.769615 -4.712043 -4.883801 -4.641892 -4.076025 -4.139374 -3.999109 -4.364416 -4.428748 -4.301371 -4.873207 -4.975488 -4.824194
44.160000 -3.769131 -4.735329 -4.909399 -4.661790 -4.074513 -4.137631 -4.002784 -4.354427 -4.421206 -4.297030 -4.871205 -4.975271 -4.827359
44.200000 -3.768648 -4.759991 -4.936759 -4.685693 -4.072892 -4.127161 -4.006817 -4.344969 -4.410691 -4.293175 -4.868483 -4.974516 -4.826691
44.240000 -3.771057 -4.786036 -4.964858 -4.711943 -4.074831 -4.127015 -4.013052 -4.338698 -4.403974 -4.293103 -4.869615 -4.976882 -4.829179
44.280000 -3.773479 -4.812774 -4.993277 -4.738758 -4.077244 -4.122514 -4.018862 -4.332326 -4.398771 -4.288256 -4.869893 -4.982566 -4.831935
44.320000 -3.777355 -4.841813 -5.024304 -4.767843 -4.080329 -4.124825 -4.025163 -4.328917 -4.400972 -4.290513 -4.872093 -4.990424 -4.837547
44.360000 -3.782725 -4.870593 -5.053890 -4.796741 -4.086759 -4.133343 -4.034959 -4.325204 -4.404517 -4.291854 -4.875276 -4.997438 -4.844486
44.400000 -3.788162 -4.902913 -5.088118 -4.827129 -4.091212 -4.141479 -4.040003 -4.324120 -4.407802 -4.293909 -4.879850 -4.999605 -4.854590
44.440000 -3.796406 -4.933710 -5.118980 -4.854447 -4.100836 -4.158960 -4.046007 -4.323738 -4.404808 -4.295179 -4.885465 -5.012989 -4.863235
44.480000 -3.804809 -4.968099 -5.154454 -4.884942 -4.108908 -4.172863 -4.057471 -4.325483 -4.405975 -4.300943 -4.892742 -5.025633 -4.871990
44.520000 -3.814629 -5.002435 -5.188970 -4.919975 -4.119299 -4.187700 -4.067918 -4.328120 -4.410047 -4.301964 -4.900988 -5.033278 -4.881648
44.560000 -3.825961 -5.039152 -5.226042 -4.955751 -4.131551 -4.202057 -4.085804 -4.332300 -4.416550 -4.305161 -4.909889 -5.044928 -4.892850
44.600000 -3.837596 -5.077121 -5.265088 -4.989736 -4.142470 -4.211099 -4.099961 -4.338592 -4.425469 -4.311356 -4.922273 -5.060642 -4.906814
44.640000 -3.851821 -5.116159 -5.304986 -5.025444 -4.159203 -4.231221 -4.117312 -4.344724 -4.433624 -4.319114 -4.932003 -5.073191 -4.919997
44.680000 -3.866526 -5.158428 -5.344881 -5.067875 -4.173791 -4.249622 -4.128679 -4.354150 -4.447671 -4.331270 -4.946111 -5.089944 -4.938497
44.720000 -3.882377 -5.199521 -5.383268 -5.109392 -4.191465 -4.271521 -4.143987 -4.362895 -4.458898 -4.342569 -4.959552 -5.104264 -4.955158
44.760000 -3.899482 -5.246668 -5.427957 -5.156449 -4.209370 -4.291300 -4.160459 -4.373955 -4.471734 -4.356515 -4.974427 -5.120583 -4.971196
44.800000 -3.917289 -5.289680 -5.467947 -5.198767 -4.227276 -4.308092 -4.179368 -4.386857 -4.486745 -4.371954 -4.992800 -5.140444 -4.990334
44.840000 -3.936353 -5.339385 -5.514567 -5.245885 -4.248777 -4.328210 -4.203031 -4.399042 -4.499810 -4.385712 -5.007664 -5.155160 -5.002849
44.880000 -3.956293 -5.387472 -5.559400 -5.291834 -4.269496 -4.347591 -4.227629 -4.413982 -4.517891 -4.399831 -5.027338 -5.174432 -5.019618
44.920000 -3.977246 -5.439498 -5.609423 -5.341887 -4.291846 -4.368647 -4.253326 -4.429431 -4.535892 -4.413396 -5.046167 -5.192711 -5.037588
44.960000 -3.999319 -5.493172 -5.662411 -5.393782 -4.315617 -4.393079 -4.279609 -4.445627 -4.552552 -4.427903 -5.066558 -5.210801 -5.057193
45.000000 -4.022574 -5.547330 -5.717293 -5.446314 -4.338843 -4.417824 -4.303114 -4.465023 -4.572280 -4.450215 -5.090274 -5.233390 -5.080189
45.040000 -4.046536 -5.607340 -5.778236 -5.504866 -4.365849 -4.446757 -4.329563 -4.482147 -4.589128 -4.470114 -5.109511 -5.251392 -5.098233
45.080000 -4.071898 -5.663830 -5.834837 -5.560270 -4.393158 -4.477295 -4.356840 -4.501943 -4.609424 -4.492469 -5.133177 -5.274532 -5.119560
45.120000 -4.098041 -5.730549 -5.902289 -5.625748 -4.420942 -4.508543 -4.385013 -4.522700 -4.630548 -4.514612 -5.157311 -5.298946 -5.140759
45.160000 -4.125014 -5.789223 -5.960467 -5.683870 -4.451873 -4.542910 -4.416502 -4.542899 -4.651620 -4.536126 -5.180202 -5.322161 -5.160460
45.200000 -4.153775 -5.858161 -6.029426 -5.752039 -4.480929 -4.575774 -4.446425 -4.567847 -4.678266 -4.562218 -5.209913 -5.353743 -5.186567
45.240000 -4.182221 -5.924072 -6.094639 -5.817742 -4.515400 -4.613255 -4.480524 -4.587998 -4.699216 -4.583030 -5.231622 -5.374296 -5.205850
45.280000 -4.212661 -5.995486 -6.165318 -5.889269 -4.549067 -4.650196 -4.513313 -4.612697 -4.724897 -4.608338 -5.259124 -5.401061 -5.229782
45.320000 -4.243808 -6.068962 -6.237824 -5.963242 -4.584101 -4.685161 -4.547270 -4.637299 -4.750069 -4.633160 -5.287660 -5.430123 -5.255215
45.360000 -4.275653 -6.142561 -6.309970 -6.037755 -4.622048 -4.720542 -4.583639 -4.661429 -4.773586 -4.656820 -5.312291 -5.454379 -5.278408
45.400000 -4.310018 -6.224493 -6.390484 -6.119202 -4.658143 -4.754920 -4.619652 -4.691048 -4.802512 -4.683390 -5.346867 -5.486508 -5.312559
45.440000 -4.342867 -6.299959 -6.463846 -6.195043 -4.700283 -4.794587 -4.661954 -4.714229 -4.823888 -4.705696 -5.369526 -5.506349 -5.332901
45.480000 -4.378404 -6.391832 -6.555024 -6.286694 -4.740989 -4.836675 -4.702512 -4.742975 -4.851317 -4.732241 -5.400727 -5.531424 -5.362445
45.520000 -4.414498 -6.468273 -6.629191 -6.365208 -4.784383 -4.882257 -4.745151 -4.771272 -4.878074 -4.758881 -5.430589 -5.558076 -5.390882
45.560000 -4.451023 -6.562032 -6.719195 -6.463457 -4.830038 -4.929941 -4.791805 -4.799097 -4.903937 -4.786466 -5.457912 -5.581927 -5.416173
45.600000 -4.490903 -6.648090 -6.802032 -6.549979 -4.875268 -4.979250 -4.837678 -4.832729 -4.935890 -4.821650 -5.494804 -5.614712 -5.448957
45.640000 -4.528104 -6.743277 -6.894744 -6.645778 -4.925559 -5.031640 -4.887557 -4.859706 -4.959619 -4.848570 -5.518391 -5.634423 -5.469945
45.680000 -4.568793 -6.840615 -6.989669 -6.744297 -4.975675 -5.085099 -4.939119 -4.892283 -4.989897 -4.879920 -5.551966 -5.663397 -5.500140
45.720000 -4.609837 -6.936145 -7.082458 -6.841837 -5.028010 -5.140367 -4.990773 -4.925090 -5.019701 -4.911611 -5.581796 -5.692441 -5.526952
45.760000 -4.650929 -7.045869 -7.188796 -6.953190 -5.082743 -5.197723 -5.045475 -4.956796 -5.048648 -4.942250 -5.610738 -5.718231 -5.554439
45.800000 -4.696320 -7.141245 -7.280874 -7.053182 -5.137683 -5.256453 -5.102169 -4.995511 -5.084546 -4.980243 -5.647427 -5.746608 -5.587502
45.840000 -4.737587 -7.264401 -7.402235 -7.172343 -5.196788 -5.316654 -5.161001 -5.026473 -5.112478 -5.014577 -5.672086 -5.765044 -5.610552
45.880000 -4.783192 -7.359823 -7.495320 -7.274195 -5.256522 -5.377413 -5.222401 -5.064176 -5.147302 -5.055221 -5.704579 -5.791500 -5.640830
45.920000 -4.828994 -7.482015 -7.615115 -7.400338 -5.318365 -5.440244 -5.285348 -5.101730 -5.184378 -5.095738 -5.735625 -5.817350 -5.668554
45.960000 -4.874472 -7.591882 -7.722733 -7.514597 -5.382971 -5.505604 -5.351145 -5.138466 -5.221137 -5.134991 -5.764198 -5.841245 -5.689002
46.000000 -4.925275 -7.712475 -7.838616 -7.630828 -5.448299 -5.575081 -5.419529 -5.182829 -5.264124 -5.176846 -5.800954 -5.874388 -5.720760
46.040000 -4.970277 -7.837954 -7.960807 -7.761803 -5.517771 -5.648401 -5.489827 -5.218685 -5.299770 -5.211392 -5.826039 -5.897629 -5.747189
46.080000 -5.020487 -7.957150 -8.077722 -7.882092 -5.588154 -5.722146 -5.563353 -5.262548 -5.340033 -5.253558 -5.856834 -5.927486 -5.774722
46.120000 -5.070692 -8.098556 -8.219255 -8.030640 -5.661837 -5.800277 -5.638814 -5.305416 -5.379937 -5.293753 -5.888467 -5.956928 -5.805545
46.160000 -5.120092 -8.216003 -8.336173 -8.155049 -5.736756 -5.877708 -5.715737 -5.348830 -5.420672 -5.338181 -5.915244 -5.981258 -5.832371
46.200000 -5.175841 -8.374230 -8.498249 -8.321904 -5.815067 -5.960055 -5.797554 -5.399061 -5.469491 -5.385999 -5.952830 -6.013481 -5.867390
46.240000 -5.224168 -8.489599 -8.619332 -8.438106 -5.894620 -6.042445 -5.878767 -5.441895 -5.511734 -5.427951 -5.976039 -6.033195 -5.891082
46.280000 -5.278554 -8.643451 -8.782991 -8.590783 -5.977690 -6.128656 -5.957657 -5.491775 -5.561261 -5.476675 -6.007861 -6.060817 -5.922457
46.320000 -5.332676 -8.778493 -8.923037 -8.726741 -6.062246 -6.216231 -6.037453 -5.541914 -5.612231 -5.527688 -6.039263 -6.088569 -5.950799
46.360000 -5.385399 -8.927680 -9.082357 -8.874219 -6.149353 -6.304955 -6.126473 -5.591876 -5.662221 -5.573915 -6.066255 -6.113412 -5.975736
46.400000 -5.445419 -9.083207 -9.249153 -9.027759 -6.240473 -6.396812 -6.216251 -5.649124 -5.719065 -5.628870 -6.105156 -6.148756 -6.009468
46.440000 -5.496418 -9.227612 -9.392823 -9.175438 -6.330954 -6.486323 -6.307910 -5.699468 -5.769117 -5.677943 -6.128145 -6.170128 -6.032822
46.480000 -5.554212 -9.404910 -9.572524 -9.354492 -6.429110 -6.582446 -6.409423 -5.755965 -5.825710 -5.729781 -6.161862 -6.204671 -6.067288
46.520000 -5.611583 -9.543914 -9.707225 -9.492583 -6.523347 -6.674319 -6.507154 -5.814677 -5.884378 -5.785301 -6.193711 -6.239813 -6.101242
46.560000 -5.667104 -9.743544 -9.921351 -9.676049 -6.625536 -6.778741 -6.607666 -5.871321 -5.941249 -5.842149 -6.223471 -6.270930 -6.131022
46.600000 -5.730779 -9.877378 -10.062219 -9.800046 -6.727415 -6.882940 -6.708745 -5.937597 -6.007383 -5.906183 -6.263349 -6.314693 -6.168305
46.640000 -5.784064 -10.066837 -10.264567 -9.994836 -6.832609 -6.987623 -6.814129 -5.994765 -6.064818 -5.961852 -6.290029 -6.346522 -6.197350
46.680000 -5.844812 -10.229744 -10.430035 -10.146847 -6.941459 -7.094537 -6.922744 -6.059972 -6.130245 -6.028618 -6.326376 -6.385335 -6.234351
46.720000 -5.905027 -10.409676 -10.613227 -10.324971 -7.051006 -7.198163 -7.033126 -6.126389 -6.196490 -6.094341 -6.361737 -6.418714 -6.271062
46.760000 -5.963009 -10.602587 -10.816339 -10.523641 -7.167102 -7.308738 -7.151200 -6.191007 -6.260796 -6.158008 -6.395514 -6.450376 -6.302380
46.800000 -6.029942 -10.775049 -11.004036 -10.691768 -7.281485 -7.426715 -7.273697 -6.266210 -6.333390 -6.230812 -6.439162 -6.491373 -6.341919
46.840000 -6.085344 -11.001220 -11.237207 -10.912177 -7.405366 -7.543537 -7.399371 -6.331013 -6.397553 -6.295237 -6.470405 -6.520388 -6.371861
46.880000 -6.148860 -11.170934 -11.413854 -11.078234 -7.521422 -7.663647 -7.518404 -6.405700 -6.472384 -6.369292 -6.511174 -6.560974 -6.410659
46.920000 -6.211817 -11.440522 -11.686237 -11.339449 -7.650260 -7.800955 -7.645612 -6.480189 -6.546160 -6.441319 -6.551834 -6.598340 -6.448552
46.960000 -6.272267 -11.618236 -11.866111 -11.514574 -7.773841 -7.929158 -7.769677 -6.554416 -6.620385 -6.513281 -6.590313 -6.632268 -6.484945
47.000000 -6.342513 -11.908007 -12.165811 -11.796850 -7.907704 -8.073074 -7.905317 -6.638018 -6.704438 -6.594617 -6.640221 -6.682163 -6.532130
47.040000 -6.400183 -12.205517 -12.475674 -12.088949 -8.039604 -8.213447 -8.039283 -6.712471 -6.777612 -6.667176 -6.676687 -6.716562 -6.568156
47.080000 -6.466700 -12.691824 -12.964606 -12.561135 -8.174377 -8.345233 -8.174858 -6.795851 -6.859664 -6.749128 -6.723903 -6.760880 -6.611431
47.120000 -6.532720 nan nan nan -8.319444 -8.485399 -8.322407 -6.879994 -6.942869 -6.832026 -6.770746 -6.806495 -6.654366
47.160000 -6.596042 nan nan nan -8.454095 -8.622411 -8.453638 -6.963475 -7.025003 -6.914951 -6.815981 -6.853942 -6.700173
47.200000 -6.670199 -inf nan nan -8.613970 -8.780237 -8.612240 -7.056694 -7.117396 -7.006644 -6.873110 -6.912436 -6.751790
47.240000 -6.730675 -inf nan nan -8.747700 -8.912799 -8.742431 -7.140988 -7.201016 -7.087894 -6.916586 -6.954197 -6.795694
47.280000 -6.800956 -inf nan nan -8.907301 -9.078009 -8.896578 -7.234257 -7.292358 -7.177708 -6.971105 -7.009053 -6.847325
47.320000 -6.870871 -inf nan nan -9.056013 -9.232011 -9.039983 -7.328618 -7.385343 -7.269162 -7.025907 -7.067708 -6.899615
47.360000 -6.937887 -inf nan nan -9.214223 -9.400369 -9.192250 -7.422207 -7.477565 -7.363328 -7.078573 -7.124686 -6.953681
47.400000 -7.017164 -inf nan nan -9.379747 -9.576055 -9.352122 -7.526671 -7.582212 -7.463239 -7.144274 -7.194891 -7.021513
47.440000 -7.081252 -inf nan nan -9.535740 -9.740696 -9.503044 -7.620671 -7.676855 -7.550943 -7.195655 -7.249366 -7.076104
47.480000 -7.156462 -inf nan nan -9.714509 -9.939382 -9.681311 -7.726336 -7.781832 -7.653142 -7.258249 -7.314930 -7.137922
47.520000 -7.231455 -inf nan nan -9.873075 -10.110247 -9.836139 -7.829868 -7.885050 -7.750708 -7.322608 -7.385269 -7.199749
47.560000 -7.303188 -inf nan nan -10.066337 -10.325466 -10.024135 -7.935869 -7.992440 -7.854146 -7.383117 -7.451823 -7.257891
47.600000 -7.389160 -inf nan nan -10.228093 -10.495188 -10.176742 -8.050121 -8.106401 -7.964732 -7.459709 -7.536655 -7.331146
47.640000 -7.457862 -inf nan nan -10.417108 -10.693716 -10.361251 -8.156739 -8.213138 -8.068289 -7.518663 -7.597214 -7.388738
47.680000 -7.539514 -inf nan nan -10.595302 -10.877577 -10.536718 -8.272581 -8.328347 -8.182186 -7.591693 -7.670270 -7.459226
47.720000 -7.621122 -inf nan nan -10.787059 -11.082666 -10.722553 -8.388901 -8.444600 -8.294317 -7.665332 -7.745931 -7.530728
47.760000 -7.698835 -inf nan nan -10.984479 -11.288560 -10.906204 -8.507694 -8.564764 -8.411239 -7.734942 -7.816664 -7.598507
47.800000 -7.793551 -inf nan nan -11.180132 -11.491202 -11.089616 -8.632596 -8.690182 -8.531550 -7.823484 -7.909468 -7.685163
47.840000 -7.867744 -inf nan nan -11.402404 -11.730370 -11.305423 -8.755904 -8.818262 -8.655673 -7.890140 -7.978527 -7.750666
47.880000 -7.957278 -inf nan nan -11.599124 -11.932860 -11.495646 -8.879036 -8.943175 -8.773443 -7.974790 -8.067763 -7.832719
47.920000 -8.046949 -inf nan nan -11.865948 -12.218921 -11.755525 -9.012126 -9.079416 -8.905183 -8.057987 -8.155608 -7.917176
47.960000 -8.131666 -inf nan nan -12.075359 -12.430706 -11.958333 -9.138991 -9.208394 -9.029645 -8.138196 -8.239015 -8.000992
48.000000 -8.237014 -inf nan nan -12.383001 -12.750339 -12.258309 -9.280450 -9.352702 -9.169488 -8.238232 -8.345513 -8.106984
48.040000 -8.317384 -inf nan nan -12.702445 -13.075997 -12.571278 -9.412682 -9.487567 -9.300126 -8.314264 -8.424128 -8.186739
48.080000 -8.416083 -inf nan nan -13.235869 -13.605153 -13.096581 -9.552205 -9.628666 -9.436339 -8.409456 -8.524043 -8.287452
48.120000 -8.515144 -inf nan nan nan nan nan -9.700358 -9.780739 -9.585821 -8.503547 -8.624426 -8.384039
48.160000 -8.607666 -inf nan nan nan nan nan -9.838128 -9.921137 -9.717916 -8.594168 -8.719778 -8.474916
48.200000 -8.725389 -inf nan nan -inf nan nan -10.002964 -10.096463 -9.885648 -8.707035 -8.842893 -8.588954
48.240000 -8.812489 -inf nan nan -inf nan nan -10.138511 -10.238628 -10.015317 -8.792924 -8.932593 -8.677876
48.280000 -8.921553 -inf nan nan -inf nan nan -10.300960 -10.408708 -10.174961 -8.898989 -9.046361 -8.789325
48.320000 -9.031385 -inf nan nan -inf nan nan -10.453835 -10.568113 -10.318107 -9.006249 -9.158049 -8.901851
48.360000 -9.132592 -inf nan nan -inf nan nan -10.613365 -10.740405 -10.468732 -9.106190 -9.259633 -8.999046
48.400000 -9.264788 -inf nan nan -inf nan nan -10.784559 -10.921430 -10.639764 -9.234871 -9.397230 -9.127492
48.440000 -9.359063 -inf nan nan -inf nan nan -10.940921 -11.081863 -10.798767 -9.329142 -9.498522 -9.223599
48.480000 -9.479646 -inf nan nan -inf nan nan -11.121671 -11.266502 -10.971214 -9.447070 -9.628637 -9.344213
48.520000 -9.601580 -inf nan nan -inf nan nan -11.284317 -11.430603 -11.122749 -9.567945 -9.754326 -9.468224
48.560000 -9.712006 -inf nan nan -inf nan nan -11.476895 -11.637421 -11.306042 -9.677247 -9.869595 -9.578485
48.600000 -9.860452 -inf nan nan -inf nan nan -11.644480 -11.806980 -11.464036 -9.822945 -10.030983 -9.723190
48.640000 -9.961985 -inf nan nan -inf nan nan -11.832930 -12.004124 -11.644816 -9.924935 -10.138451 -9.821070
48.680000 -10.094740 -inf nan nan -inf nan nan -12.013916 -12.191377 -11.815679 -10.057268 -10.281208 -9.952299
48.720000 -10.229674 -inf nan nan -inf nan nan -12.208041 -12.394458 -11.988787 -10.189829 -10.420254 -10.089749
48.760000 -10.349387 -inf nan nan -inf nan nan -12.406359 -12.614874 -12.164686 -10.310328 -10.541958 -10.206173
48.800000 -10.515213 -inf nan nan -inf nan nan -12.606380 -12.826150 -12.347433 -10.472221 -10.714243 -10.363045
48.840000 -10.624022 -inf nan nan -inf nan nan -12.828171 -13.071318 -12.551119 -10.581754 -10.823301 -10.475230
48.880000 -10.769548 -inf nan nan -inf nan nan -13.028453 -13.273033 -12.740533 -10.729248 -10.972795 -10.622863
48.920000 -10.918568 -inf nan nan -inf nan nan -13.296032 -13.544580 -12.992434 -10.874047 -11.123986 -10.762420
48.960000 -11.047985 -inf nan nan -inf nan nan -13.508803 -13.758773 -13.195981 -11.007798 -11.255965 -10.886690
49.000000 -11.233174 -inf nan nan -inf nan nan -13.819837 -14.072819 -13.490605 -11.186616 -11.444600 -11.051644
49.040000 -11.349506 -inf nan nan -inf nan nan -14.140950 -14.395044 -13.805323 -11.307495 -11.564622 -11.171262
49.080000 -11.508877 -inf nan nan -inf nan nan -14.678662 -14.932919 -14.333187 -11.467614 -11.734960 -11.330514
49.120000 -11.673648 -inf nan nan -inf nan nan nan nan nan -11.628512 -11.899371 -11.489227
49.160000 -11.813248 -inf nan nan -inf nan nan nan nan nan -11.773961 -12.046069 -11.636029
49.200000 -12.020235 -inf nan nan -inf nan nan -inf nan nan -11.971938 -12.246782 -11.829206
49.240000 -12.143981 -inf nan nan -inf nan nan -inf nan nan -12.104446 -12.380885 -11.966746
49.280000 -12.317697 -inf nan nan -inf nan nan -inf nan nan -12.277992 -12.556801 -12.143656
49.320000 -12.499468 -inf nan nan -inf nan nan -inf nan nan -12.458354 -12.741199 -12.332575
49.360000 -12.649464 -inf nan nan -inf nan nan -inf nan nan -12.613535 -12.903676 -12.495416
49.400000 -12.880474 -inf nan nan -inf nan nan -inf nan nan -12.834821 -13.156590 -12.715078
49.440000 -13.012508 -inf nan nan -inf nan nan -inf nan nan -12.976635 -13.299779 -12.850238
49.480000 -13.203147 -inf nan nan -inf nan nan -inf nan nan -13.167871 -13.506180 -13.039430
49.520000 -13.406434 -inf nan nan -inf nan nan -inf nan nan -13.368185 -13.730436 -13.239267
49.560000 -13.569983 -inf nan nan -inf nan nan -inf nan nan -13.537268 -13.909967 -13.406749
49.600000 -13.835422 -inf nan nan -inf nan nan -inf nan nan -13.792372 -14.220482 -13.672697
