#Quasar bolometric luminosity function in different Eddington ratio bins from TRINITY PaperIII (Fig. 8, Zhang+2024, MNRAS, 529, 2777)
#z: 9.00
#log10(Lbol [erg/s])(0) log10(QLF_total [Mpc^-3 dex^-1])(1) log10(QLF(-3<logEta<-2) [Mpc^-3 dex^-1])(2) log10(QLF(-3<logEta<-2)_16th [Mpc^-3 dex^-1])(3) log10(QLF(-3<logEta<-2)_84th [Mpc^-3 dex^-1])(4)
#log10(QLF(-2<logEta<-1) [Mpc^-3 dex^-1])(5) log10(QLF(-2<logEta<-1)_16th [Mpc^-3 dex^-1])(6) log10(QLF(-2<logEta<-1)_84th [Mpc^-3 dex^-1])(7)
#log10(QLF(-1<logEta<0) [Mpc^-3 dex^-1])(8) log10(QLF(-1<logEta<0)_16th [Mpc^-3 dex^-1])(9) log10(QLF(-1<logEta<0)_84th [Mpc^-3 dex^-1])(10)
#log10(QLF(0<logEta<1) [Mpc^-3 dex^-1])(11) log10(QLF(0<logEta<1)_16th [Mpc^-3 dex^-1])(12) log10(QLF(0<logEta<1)_84th [Mpc^-3 dex^-1])(13)
40.000000 -9.442645 -11.444943 -14.584706 -10.925818 -12.223207 -16.561749 -11.344281 -12.669817 -13.383778 -10.608694 -inf nan nan
40.040000 -9.426253 -11.364479 -14.424180 -10.875913 -12.130378 -16.354395 -11.278343 -12.536120 -12.399941 -10.536584 nan nan nan
40.080000 -9.410457 -11.290078 -14.279268 -10.809560 -12.051157 -16.214178 -11.223206 -12.433718 -12.176899 -10.414287 nan nan nan
40.120000 -9.394123 -11.213514 -14.115044 -10.752725 -11.963417 -16.042911 -11.163904 -12.054278 -11.946283 -10.356178 -12.869857 -13.124254 -11.326704
40.160000 -9.377331 -11.143697 -13.988174 -10.699501 -11.883837 -15.883541 -11.104833 -11.957519 -11.912074 -10.366013 -11.945052 -12.428042 -10.808600
40.200000 -9.361163 -11.070180 -13.821709 -10.651612 -11.805445 -15.757042 -11.053491 -12.186857 -12.060971 -10.346638 -11.551372 -12.135968 -10.554003
40.240000 -9.344298 -11.000475 -13.691403 -10.603742 -11.722209 -15.550888 -10.993388 -11.898843 -11.881907 -10.302169 -11.433963 -11.953231 -10.360841
40.280000 -9.328063 -10.930519 -13.541005 -10.542817 -11.645503 -15.405363 -10.941542 -12.022147 -11.911141 -10.260312 -11.261047 -11.784575 -10.207737
40.320000 -9.311578 -10.863688 -13.410856 -10.485065 -11.567182 -15.231143 -10.889028 -11.860257 -11.883602 -10.222680 -11.167291 -11.621550 -10.078323
40.360000 -9.294892 -10.796538 -13.275521 -10.427980 -11.493414 -15.063526 -10.836575 -11.822572 -11.862820 -10.189554 -11.060107 -11.489766 -9.950687
40.400000 -9.278823 -10.732855 -13.146061 -10.372625 -11.422590 -14.940561 -10.790866 -11.807270 -11.896240 -10.156909 -10.971133 -11.381271 -9.852619
40.440000 -9.261431 -10.669459 -13.015755 -10.320859 -11.348754 -14.759520 -10.737156 -11.687256 -11.859882 -10.145147 -10.875954 -11.270660 -9.718437
40.480000 -9.244708 -10.607309 -12.881062 -10.271643 -11.279009 -14.628718 -10.681141 -11.657938 -11.834513 -10.156426 -10.787613 -11.163821 -9.614244
40.520000 -9.227323 -10.549433 -12.767389 -10.225074 -11.210496 -14.481858 -10.622331 -11.566204 -11.834524 -10.162074 -10.700235 -11.049713 -9.493508
40.560000 -9.209376 -10.488511 -12.630742 -10.173686 -11.142828 -14.336582 -10.566453 -11.502551 -11.831429 -10.175406 -10.606758 -10.941081 -9.372908
40.600000 -9.192141 -10.433388 -12.530688 -10.114141 -11.081272 -14.226930 -10.517371 -11.451396 -11.805052 -10.184498 -10.529282 -10.853749 -9.285695
40.640000 -9.172082 -10.375733 -12.441007 -10.058459 -11.013757 -14.063816 -10.460644 -11.375818 -11.841613 -10.197983 -10.421880 -10.723098 -9.145205
40.680000 -9.152908 -10.321903 -12.361968 -10.025293 -10.952561 -13.943663 -10.418876 -11.313006 -11.786879 -10.174003 -10.335313 -10.622005 -9.042781
40.720000 -9.131646 -10.268301 -12.289297 -9.989881 -10.891423 -13.798787 -10.377653 -11.257067 -11.782690 -10.137544 -10.232501 -10.487013 -8.891284
40.760000 -9.108627 -10.215769 -12.221118 -9.953050 -10.830377 -13.652892 -10.335493 -11.187082 -11.722983 -10.088928 -10.126972 -10.355874 -8.772447
40.800000 -9.086768 -10.165621 -12.156871 -9.910483 -10.775885 -13.543542 -10.300119 -11.142682 -11.759080 -10.043791 -10.040745 -10.247517 -8.652204
40.840000 -9.055486 -10.114600 -12.070823 -9.867833 -10.715867 -13.382105 -10.255705 -11.075083 -11.718467 -9.993450 -9.899669 -10.031952 -8.338977
40.880000 -9.026307 -10.067172 -11.986350 -9.827427 -10.662671 -13.264401 -10.218355 -11.022745 -11.693315 -9.946752 -9.792844 -9.884794 -8.176452
40.920000 -8.987294 -10.017880 -11.893115 -9.790044 -10.607999 -13.135599 -10.179315 -10.971532 -11.699938 -9.901961 -9.652791 -9.657620 -7.915548
40.960000 -8.941021 -9.971633 -11.802090 -9.754373 -10.554864 -13.016190 -10.140086 -10.913769 -11.649176 -9.860218 -9.509017 -9.467426 -7.668023
41.000000 -8.899207 -9.925126 -11.707196 -9.719177 -10.505295 -12.921950 -10.106408 -10.871672 -11.669198 -9.834353 -9.400783 -9.344945 -7.498823
41.040000 -8.809135 -9.879707 -11.611525 -9.691401 -10.451719 -12.808186 -10.065951 -10.811135 -11.585702 -9.779864 -9.182593 -9.075213 -7.212217
41.080000 -8.734572 -9.835014 -11.513516 -9.670125 -10.402523 -12.711030 -10.031656 -10.763600 -11.567537 -9.732640 -9.037896 -8.916650 -7.058893
41.120000 -8.604568 -9.791004 -11.438155 -9.649561 -10.351716 -12.608280 -9.995822 -10.711091 -11.547170 -9.681991 -8.884148 -8.761860 -7.049825
41.160000 -8.458301 -9.747905 -11.355591 -9.627615 -10.301400 -12.512480 -9.939354 -10.659883 -11.527108 -9.635188 -8.865759 -8.730918 -7.118215
41.200000 -8.349079 -9.705381 -11.275069 -9.576047 -10.253643 -12.422170 -9.884680 -10.612030 -11.500785 -9.652193 -9.002890 -8.848062 -7.080920
41.240000 -8.155640 -9.664033 -11.203759 -9.528754 -10.201775 -12.323834 -9.826950 -10.559368 -11.488621 -9.673757 -8.885781 -8.716309 -7.124744
41.280000 -8.022280 -9.622269 -11.143572 -9.484692 -10.153685 -12.236900 -9.790117 -10.509655 -11.472049 -9.697321 -9.017007 -8.832791 -7.126195
41.320000 -7.972120 -9.582476 -11.084932 -9.444050 -10.105433 -12.150719 -9.753120 -10.460286 -11.436329 -9.665763 -8.937887 -8.728090 -7.138331
41.360000 -7.979746 -9.542577 -11.004787 -9.416038 -10.056903 -12.063399 -9.716235 -10.410758 -11.411766 -9.633017 -8.974902 -8.771236 -7.161140
41.400000 -7.987509 -9.504500 -10.939258 -9.397199 -10.012512 -11.986901 -9.669505 -10.363135 -11.395637 -9.602601 -9.041571 -8.811001 -7.182842
41.440000 -7.991817 -9.466389 -10.887555 -9.378103 -9.962976 -11.887948 -9.605402 -10.314219 -11.372842 -9.564259 -8.965196 -8.734208 -7.201615
41.480000 -7.996168 -9.429758 -10.834356 -9.360457 -9.917532 -11.777361 -9.560769 -10.265793 -11.333154 -9.532277 -9.047720 -8.795942 -7.232102
41.520000 -8.004886 -9.393839 -10.782795 -9.342931 -9.872019 -11.674830 -9.522491 -10.219142 -11.310428 -9.497733 -8.998435 -8.720221 -7.234457
41.560000 -8.018239 -9.358889 -10.733273 -9.326120 -9.824943 -11.563018 -9.483605 -10.170829 -11.291542 -9.463265 -9.068026 -8.790515 -7.254129
41.600000 -8.032015 -9.325382 -10.682338 -9.308679 -9.782797 -11.501870 -9.448665 -10.125745 -11.271506 -9.434093 -9.094599 -8.814087 -7.263787
41.640000 -8.046197 -9.292081 -10.636177 -9.277988 -9.734669 -11.435620 -9.390352 -10.077566 -11.239182 -9.425833 -9.097947 -8.768793 -7.304474
41.680000 -8.060857 -9.260337 -10.589249 -9.248652 -9.691343 -11.376926 -9.341360 -10.031563 -11.201368 -9.388909 -9.082126 -8.746518 -7.311835
41.720000 -8.074917 -9.229537 -10.543554 -9.220642 -9.646820 -11.316567 -9.301489 -9.985866 -11.152593 -9.352259 -9.083366 -8.744891 -7.282338
41.760000 -8.088298 -9.199817 -10.499212 -9.193640 -9.602436 -11.256865 -9.274275 -9.939420 -11.121964 -9.315101 -9.073600 -8.736518 -7.316211
41.800000 -8.102105 -9.171452 -10.442805 -9.169232 -9.561560 -11.202425 -9.249946 -9.895922 -11.085054 -9.283291 -9.127663 -8.789142 -7.312161
41.840000 -8.111544 -9.143981 -10.377434 -9.146849 -9.515991 -11.140538 -9.224060 -9.848670 -11.049832 -9.244056 -9.070683 -8.717790 -7.332781
41.880000 -8.121192 -9.117494 -10.315024 -9.130291 -9.474961 -11.082927 -9.193825 -9.804403 -11.017615 -9.210294 -9.076691 -8.726237 -7.339982
41.920000 -8.129228 -9.092981 -10.251029 -9.116082 -9.431608 -11.010812 -9.150900 -9.758963 -10.960700 -9.174535 -9.085421 -8.759041 -7.331801
41.960000 -8.135555 -9.068667 -10.205703 -9.101935 -9.388946 -10.956083 -9.108782 -9.713815 -10.904400 -9.138304 -9.033303 -8.681417 -7.403254
42.000000 -8.141976 -9.046959 -10.177632 -9.090858 -9.348914 -10.898171 -9.069834 -9.670090 -10.888744 -9.106862 -9.123657 -8.814711 -7.342504
42.040000 -8.134934 -9.025130 -10.149277 -9.049025 -9.303721 -10.830244 -9.026588 -9.624094 -10.872090 -9.067881 -8.997532 -8.665384 -7.427911
42.080000 -8.128005 -9.005498 -10.118852 -9.016880 -9.262126 -10.771248 -8.987207 -9.579950 -10.831232 -9.035709 -9.022938 -8.683480 -7.405213
42.120000 -8.118318 -8.986848 -10.076768 -9.006937 -9.219559 -10.711043 -8.945211 -9.535172 -10.791086 -8.999241 -8.977024 -8.645523 -7.426850
42.160000 -8.106056 -8.969257 -10.032932 -8.998806 -9.176473 -10.650897 -8.900639 -9.490783 -10.750332 -8.964092 -8.943597 -8.633672 -7.457061
42.200000 -8.094130 -8.953910 -10.014291 -8.982589 -9.137117 -10.578743 -8.860266 -9.446980 -10.712655 -8.934872 -8.967811 -8.729727 -7.433218
42.240000 -8.083763 -8.938340 -9.997363 -8.966133 -9.093291 -10.484279 -8.814994 -9.401668 -10.670418 -8.898887 -8.882569 -8.647279 -7.482776
42.280000 -8.073638 -8.925830 -9.981916 -8.977166 -9.052855 -10.400259 -8.773249 -9.357403 -10.631425 -8.866438 -8.884716 -8.736280 -7.442906
42.320000 -8.065515 -8.913214 -9.957956 -8.978160 -9.012348 -10.336855 -8.725956 -9.313268 -10.591455 -8.832022 -8.834871 -8.678014 -7.450563
42.360000 -8.059289 -8.903207 -9.936921 -8.936871 -8.971337 -10.270815 -8.677650 -9.268546 -10.551007 -8.792008 -8.809909 -8.766286 -7.429214
42.400000 -8.053151 -8.894000 -9.907717 -8.930974 -8.934525 -10.212478 -8.639872 -9.225665 -10.513605 -8.759975 -8.790973 -8.749051 -7.408315
42.440000 -8.045306 -8.886089 -9.882290 -8.925384 -8.893174 -10.144786 -8.604892 -9.180407 -10.471381 -8.724405 -8.734555 -8.697103 -7.408858
42.480000 -8.037600 -8.879763 -9.858073 -8.921658 -8.856237 -10.084960 -8.573646 -9.136770 -10.432548 -8.691614 -8.700874 -8.681035 -7.395042
42.520000 -8.028061 -8.874526 -9.834177 -8.920140 -8.818959 -10.026958 -8.541804 -9.093272 -10.404947 -8.657674 -8.673272 -8.673185 -7.394333
42.560000 -8.016810 -8.871029 -9.811138 -8.915529 -8.782451 -9.970140 -8.511128 -9.048604 -10.354170 -8.623116 -8.620552 -8.619150 -7.387659
42.600000 -8.005843 -8.868571 -9.788828 -8.902184 -8.749515 -9.920093 -8.480698 -9.006429 -10.315651 -8.592136 -8.615261 -8.675406 -7.379200
42.640000 -7.989193 -8.867796 -9.748149 -8.907135 -8.712674 -9.859170 -8.447091 -8.961293 -10.272858 -8.546328 -8.555322 -8.651914 -7.423152
42.680000 -7.973158 -8.867839 -9.701984 -8.896741 -8.679864 -9.805785 -8.419064 -8.918447 -10.234176 -8.500481 -8.524639 -8.638733 -7.408970
42.720000 -7.953032 -8.870043 -9.665267 -8.881718 -8.646295 -9.751473 -8.412185 -8.874926 -10.197235 -8.461750 -8.506911 -8.664928 -7.384135
42.760000 -7.929384 -8.872851 -9.670685 -8.865579 -8.612653 -9.700163 -8.402478 -8.831379 -10.166322 -8.428341 -8.448188 -8.600106 -7.370709
42.800000 -7.906958 -8.877750 -9.679160 -8.853200 -8.582762 -9.657517 -8.400511 -8.789556 -10.134015 -8.396550 -8.458075 -8.597396 -7.342543
42.840000 -7.877978 -8.883144 -9.674636 -8.865789 -8.549470 -9.609185 -8.390666 -8.745346 -10.087110 -8.362477 -8.382815 -8.539135 -7.329305
42.880000 -7.850812 -8.890354 -9.662440 -8.883147 -8.519842 -9.563478 -8.392399 -8.703402 -10.044172 -8.330227 -8.364883 -8.502626 -7.325767
42.920000 -7.822838 -8.898620 -9.652816 -8.864529 -8.490987 -9.516246 -8.385525 -8.660474 -9.999742 -8.297532 -8.327987 -8.485360 -7.340070
42.960000 -7.794304 -8.908262 -9.670130 -8.860808 -8.461915 -9.469235 -8.365933 -8.617997 -9.957535 -8.264709 -8.281888 -8.468955 -7.380478
43.000000 -7.767529 -8.919161 -9.689688 -8.872757 -8.437386 -9.412103 -8.348251 -8.576892 -9.920789 -8.231559 -8.280958 -8.531518 -7.391821
43.040000 -7.745276 -8.930848 -9.709262 -8.871432 -8.409257 -9.347778 -8.328509 -8.533987 -9.872868 -8.177933 -8.219305 -8.479995 -7.340658
43.080000 -7.724108 -8.944119 -9.735866 -8.866506 -8.385502 -9.292151 -8.309751 -8.492735 -9.803558 -8.128217 -8.199841 -8.460143 -7.384977
43.120000 -7.703075 -8.958396 -9.754855 -8.862088 -8.362103 -9.253362 -8.295776 -8.451560 -9.726546 -8.077119 -8.158382 -8.456959 -7.361684
43.160000 -7.682204 -8.973820 -9.757581 -8.860084 -8.339334 -9.234679 -8.279362 -8.410198 -9.664053 -8.024626 -8.121572 -8.434506 -7.373405
43.200000 -7.662291 -8.990376 -9.760585 -8.861163 -8.320704 -9.219514 -8.262007 -8.370934 -9.575466 -7.974203 -8.090552 -8.411957 -7.358389
43.240000 -7.642626 -9.008081 -9.764033 -8.862853 -8.299092 -9.200398 -8.240344 -8.329771 -9.505732 -7.920486 -8.058138 -8.396615 -7.360513
43.280000 -7.623813 -9.026078 -9.776817 -8.867018 -8.282108 -9.183732 -8.222691 -8.290438 -9.437949 -7.871260 -8.028499 -8.368373 -7.339319
43.320000 -7.604782 -9.046682 -9.803784 -8.860024 -8.265304 -9.161367 -8.202648 -8.251310 -9.384064 -7.833559 -8.001637 -8.355039 -7.306288
43.360000 -7.585594 -9.065796 -9.827701 -8.861691 -8.250185 -9.136071 -8.189928 -8.212319 -9.330385 -7.796683 -7.972426 -8.324835 -7.297833
43.400000 -7.567217 -9.087983 -9.845641 -8.883705 -8.238320 -9.112697 -8.180918 -8.175414 -9.276069 -7.763654 -7.944978 -8.300673 -7.276205
43.440000 -7.547645 -9.109325 -9.862468 -8.894875 -8.225256 -9.084706 -8.170675 -8.136852 -9.218575 -7.732823 -7.919370 -8.277515 -7.240678
43.480000 -7.528917 -9.132540 -9.876751 -8.921671 -8.215834 -9.056861 -8.165029 -8.100627 -9.160299 -7.705859 -7.896138 -8.291773 -7.256784
43.520000 -7.509380 -9.156461 -9.889445 -8.947028 -8.207193 -9.026673 -8.148378 -8.064286 -9.093054 -7.688614 -7.871422 -8.269036 -7.229351
43.560000 -7.489172 -9.180423 -9.907604 -8.963986 -8.199497 -8.994461 -8.138480 -8.029110 -9.031495 -7.679487 -7.848540 -8.233448 -7.204676
43.600000 -7.469864 -9.207025 -9.932016 -8.984171 -8.195482 -8.967009 -8.140229 -7.995185 -8.997732 -7.671407 -7.822428 -8.224290 -7.178226
43.640000 -7.448683 -9.231508 -9.956050 -9.003836 -8.188844 -8.924337 -8.136148 -7.961118 -8.955741 -7.658613 -7.802527 -8.211391 -7.162194
43.680000 -7.428488 -9.260362 -9.982200 -9.026018 -8.186075 -8.894849 -8.144642 -7.928397 -8.908225 -7.630635 -7.780481 -8.180614 -7.140891
43.720000 -7.408798 -9.285720 -9.992358 -9.049454 -8.184103 -8.870911 -8.132986 -7.896850 -8.856788 -7.605149 -7.758310 -8.172369 -7.132836
43.760000 -7.389588 -9.314802 -10.019093 -9.075763 -8.183450 -8.859241 -8.129566 -7.865775 -8.803886 -7.580517 -7.738064 -8.133794 -7.135383
43.800000 -7.371192 -9.343032 -10.045080 -9.103647 -8.186132 -8.851268 -8.130553 -7.836430 -8.752949 -7.556195 -7.716698 -8.087963 -7.131030
43.840000 -7.350487 -9.372443 -10.071902 -9.137957 -8.187132 -8.857651 -8.109735 -7.807454 -8.695993 -7.535628 -7.689952 -8.061626 -7.136228
43.880000 -7.330724 -9.402928 -10.105433 -9.176080 -8.192172 -8.875462 -8.096101 -7.779141 -8.652337 -7.513518 -7.666509 -8.036909 -7.139684
43.920000 -7.311985 -9.433113 -10.146350 -9.208937 -8.196956 -8.887780 -8.096357 -7.753523 -8.604363 -7.495752 -7.642322 -8.024730 -7.146615
43.960000 -7.294178 -9.466014 -10.192001 -9.241466 -8.204624 -8.894731 -8.086529 -7.727059 -8.568857 -7.477091 -7.619543 -7.994718 -7.156718
44.000000 -7.277072 -9.496921 -10.225731 -9.271925 -8.212877 -8.896727 -8.078095 -7.703991 -8.536833 -7.460864 -7.595779 -7.998071 -7.141028
44.040000 -7.260742 -9.532389 -10.264423 -9.308318 -8.221896 -8.884263 -8.068284 -7.680276 -8.498160 -7.443559 -7.576431 -7.960130 -7.123177
44.080000 -7.245004 -9.563447 -10.296189 -9.339524 -8.232557 -8.872030 -8.062459 -7.658637 -8.453440 -7.443060 -7.557337 -7.984158 -7.104237
44.120000 -7.231516 -9.599454 -10.335636 -9.377881 -8.244915 -8.862403 -8.057153 -7.638398 -8.414940 -7.434890 -7.539584 -7.953528 -7.111636
44.160000 -7.220089 -9.633362 -10.375644 -9.415404 -8.257979 -8.862928 -8.055427 -7.618451 -8.390837 -7.416981 -7.527906 -7.970184 -7.124662
44.200000 -7.208956 -9.670069 -10.410548 -9.454237 -8.273354 -8.881501 -8.055373 -7.601217 -8.373971 -7.404415 -7.513980 -7.943381 -7.137664
44.240000 -7.200804 -9.706788 -10.448735 -9.490092 -8.289053 -8.898967 -8.055482 -7.583483 -8.338042 -7.395399 -7.508793 -7.928497 -7.151582
44.280000 -7.192803 -9.743579 -10.497636 -9.527849 -8.304922 -8.918108 -8.055832 -7.569131 -8.299807 -7.388188 -7.504654 -7.904457 -7.179950
44.320000 -7.186113 -9.783838 -10.557277 -9.570492 -8.325544 -8.938600 -8.057463 -7.554588 -8.261001 -7.381944 -7.494810 -7.890407 -7.183454
44.360000 -7.180677 -9.820616 -10.609823 -9.602115 -8.341435 -8.942989 -8.060117 -7.542722 -8.242141 -7.366683 -7.495320 -7.862389 -7.200534
44.400000 -7.175309 -9.864598 -10.669252 -9.647883 -8.364357 -8.952875 -8.070365 -7.530930 -8.231367 -7.363414 -7.485476 -7.825982 -7.213240
44.440000 -7.171934 -9.901233 -10.705614 -9.688170 -8.382525 -8.954493 -8.088528 -7.521804 -8.209885 -7.366402 -7.486688 -7.819454 -7.226706
44.480000 -7.168585 -9.944923 -10.749662 -9.736666 -8.405171 -8.962872 -8.100847 -7.513278 -8.185254 -7.348458 -7.485978 -7.802271 -7.228711
44.520000 -7.166657 -9.985450 -10.788303 -9.781366 -8.427930 -8.976362 -8.104885 -7.506113 -8.161953 -7.340860 -7.481548 -7.799310 -7.226805
44.560000 -7.166131 -10.028870 -10.829730 -9.830250 -8.450129 -8.990713 -8.121122 -7.501527 -8.133950 -7.323723 -7.486511 -7.786717 -7.235524
44.600000 -7.165606 -10.073266 -10.877212 -9.880052 -8.477628 -9.024797 -8.153418 -7.495368 -8.112038 -7.327486 -7.483752 -7.769139 -7.214499
44.640000 -7.167019 -10.116254 -10.927945 -9.928009 -8.499041 -9.049610 -8.171059 -7.495349 -8.089084 -7.341216 -7.487207 -7.759076 -7.188530
44.680000 -7.168436 -10.164116 -10.985730 -9.981623 -8.529236 -9.089680 -8.196481 -7.492719 -8.068495 -7.332883 -7.489046 -7.764349 -7.167288
44.720000 -7.170850 -10.207049 -11.030472 -10.029109 -8.551680 -9.114591 -8.215536 -7.494303 -8.057357 -7.330985 -7.489078 -7.784428 -7.157741
44.760000 -7.174276 -10.258470 -11.083560 -10.079012 -8.580572 -9.145730 -8.229096 -7.496085 -8.066987 -7.322967 -7.492305 -7.786455 -7.161128
44.800000 -7.177730 -10.301246 -11.126655 -10.116385 -8.607686 -9.171155 -8.253645 -7.497988 -8.079737 -7.321175 -7.494142 -7.785494 -7.168193
44.840000 -7.184247 -10.351685 -11.178103 -10.160806 -8.635271 -9.186798 -8.280301 -7.504746 -8.091181 -7.312932 -7.499458 -7.789275 -7.166618
44.880000 -7.190862 -10.398315 -11.225214 -10.202320 -8.664996 -9.205861 -8.310430 -7.509293 -8.107285 -7.315557 -7.505864 -7.812384 -7.159617
44.920000 -7.199096 -10.448333 -11.275923 -10.247393 -8.693386 -9.236751 -8.338991 -7.518228 -8.127550 -7.313929 -7.512006 -7.817676 -7.147207
44.960000 -7.209040 -10.498769 -11.326982 -10.291431 -8.725918 -9.275367 -8.372776 -7.526230 -8.128130 -7.311944 -7.522334 -7.823349 -7.148824
45.000000 -7.219217 -10.548330 -11.377004 -10.335590 -8.755149 -9.309795 -8.404605 -7.535961 -8.122379 -7.307906 -7.531289 -7.825859 -7.165974
45.040000 -7.232899 -10.602679 -11.431970 -10.384051 -8.790566 -9.356120 -8.445670 -7.549041 -8.116208 -7.313937 -7.544455 -7.828087 -7.189365
45.080000 -7.247026 -10.651251 -11.478948 -10.442440 -8.818590 -9.396926 -8.476500 -7.561315 -8.111981 -7.302030 -7.560184 -7.852337 -7.189195
45.120000 -7.263287 -10.710141 -11.536666 -10.521621 -8.854567 -9.448186 -8.518293 -7.576279 -8.132289 -7.315380 -7.575749 -7.872921 -7.180301
45.160000 -7.281910 -10.757716 -11.582365 -10.580600 -8.885998 -9.492205 -8.553017 -7.591677 -8.133401 -7.320454 -7.597439 -7.867299 -7.193848
45.200000 -7.301369 -10.815743 -11.639124 -10.644034 -8.922657 -9.541788 -8.595456 -7.606894 -8.137774 -7.326531 -7.619532 -7.862945 -7.210057
45.240000 -7.323139 -10.867910 -11.689388 -10.698878 -8.957494 -9.575745 -8.630621 -7.626883 -8.121651 -7.337980 -7.642503 -7.886781 -7.231166
45.280000 -7.346058 -10.924711 -11.744587 -10.758888 -8.992835 -9.609639 -8.659147 -7.645404 -8.114772 -7.347901 -7.670098 -7.926789 -7.226287
45.320000 -7.370066 -10.982033 -11.802302 -10.823612 -9.033193 -9.650291 -8.701996 -7.665766 -8.111799 -7.356687 -7.696298 -7.970668 -7.206298
45.360000 -7.395279 -11.037630 -11.858074 -10.894043 -9.067144 -9.683514 -8.717637 -7.688126 -8.111800 -7.373050 -7.724941 -7.988458 -7.226532
45.400000 -7.422046 -11.100300 -11.922384 -10.986520 -9.113295 -9.730031 -8.757558 -7.707549 -8.115336 -7.381463 -7.758150 -8.028911 -7.254567
45.440000 -7.449381 -11.154734 -11.984096 -11.061415 -9.145795 -9.764460 -8.785678 -7.734389 -8.129519 -7.390558 -7.786244 -8.055403 -7.282266
45.480000 -7.478552 -11.222432 -12.087849 -11.132635 -9.190328 -9.820867 -8.824341 -7.757714 -8.152682 -7.401516 -7.821442 -8.096225 -7.320947
45.520000 -7.508061 -11.276257 -12.152431 -11.186099 -9.228826 -9.866514 -8.852198 -7.783445 -8.181633 -7.405116 -7.854633 -8.134806 -7.343303
45.560000 -7.537833 -11.342360 -12.221713 -11.251610 -9.271394 -9.917579 -8.885777 -7.811111 -8.211810 -7.408725 -7.886595 -8.164635 -7.375661
45.600000 -7.569797 -11.402433 -12.283858 -11.311021 -9.316039 -9.972444 -8.925153 -7.834540 -8.241531 -7.422726 -7.927995 -8.211333 -7.387890
45.640000 -7.600917 -11.467053 -12.345508 -11.374763 -9.356648 -10.012505 -8.963385 -7.866838 -8.276783 -7.451706 -7.957426 -8.239436 -7.420194
45.680000 -7.634439 -11.532980 -12.407980 -11.439650 -9.405640 -10.070940 -9.015753 -7.893793 -8.305511 -7.473641 -7.998503 -8.284676 -7.459546
45.720000 -7.668448 -11.596651 -12.467550 -11.502186 -9.446091 -10.118313 -9.058552 -7.924384 -8.341076 -7.501801 -8.036606 -8.327642 -7.500655
45.760000 -7.702836 -11.668654 -12.556734 -11.572693 -9.499225 -10.180237 -9.124392 -7.955685 -8.378976 -7.525841 -8.074315 -8.373483 -7.541562
45.800000 -7.740182 -11.731393 -12.640547 -11.634074 -9.539529 -10.219508 -9.177796 -7.983340 -8.411845 -7.556897 -8.124538 -8.432154 -7.574494
45.840000 -7.775262 -11.809698 -12.744561 -11.709475 -9.589749 -10.268774 -9.228391 -8.019304 -8.432081 -7.589864 -8.157860 -8.464861 -7.604063
45.880000 -7.813427 -11.870987 -12.806542 -11.767662 -9.634707 -10.312789 -9.269541 -8.050231 -8.462219 -7.619216 -8.205929 -8.516265 -7.661623
45.920000 -7.851875 -11.947707 -12.885924 -11.839546 -9.684072 -10.361214 -9.314324 -8.084105 -8.505184 -7.652002 -8.250548 -8.563130 -7.699961
45.960000 -7.890349 -12.016188 -12.963725 -11.903951 -9.733637 -10.409797 -9.358801 -8.118704 -8.549461 -7.686761 -8.294354 -8.611338 -7.742746
46.000000 -7.932566 -12.091408 -13.079698 -11.974247 -9.782198 -10.457615 -9.403449 -8.149770 -8.589643 -7.718677 -8.353561 -8.677122 -7.799137
46.040000 -7.971369 -12.167245 -13.195516 -12.044904 -9.836443 -10.510686 -9.452682 -8.188241 -8.639603 -7.749561 -8.392330 -8.720036 -7.842551
46.080000 -8.013982 -12.240471 -13.299611 -12.113234 -9.882494 -10.559733 -9.495747 -8.223750 -8.682513 -7.779364 -8.446466 -8.776841 -7.892499
46.120000 -8.056591 -12.324536 -13.410903 -12.190908 -9.943285 -10.619929 -9.551652 -8.259703 -8.729910 -7.808485 -8.499685 -8.834244 -7.924885
46.160000 -8.098721 -12.396027 -13.484819 -12.257744 -9.986885 -10.663831 -9.592940 -8.299485 -8.777473 -7.846246 -8.545905 -8.882505 -7.957286
46.200000 -8.145381 -12.488749 -13.579735 -12.342864 -10.046276 -10.722566 -9.680718 -8.332514 -8.814326 -7.881931 -8.617160 -8.951731 -7.993112
46.240000 -8.186539 -12.558356 -13.647962 -12.403849 -10.095554 -10.772327 -9.755025 -8.375962 -8.856609 -7.929314 -8.653656 -8.987744 -8.024218
46.280000 -8.232009 -12.648293 -13.765901 -12.481059 -10.152003 -10.834218 -9.838828 -8.414242 -8.893993 -7.976398 -8.712692 -9.037908 -8.055683
46.320000 -8.277236 -12.727750 -13.867371 -12.549934 -10.208753 -10.892652 -9.913977 -8.453011 -8.934634 -8.024269 -8.770592 -9.086478 -8.095404
46.360000 -8.321558 -12.815053 -13.971067 -12.629738 -10.262280 -10.961033 -9.967086 -8.497353 -8.974229 -8.070221 -8.814560 -9.140304 -8.153651
46.400000 -8.370923 -12.904759 -14.070105 -12.717096 -10.326654 -11.039682 -10.033748 -8.531260 -9.014654 -8.106049 -8.897287 -9.202984 -8.214052
46.440000 -8.413557 -12.989634 -14.159198 -12.812977 -10.377264 -11.093136 -10.087656 -8.581099 -9.069345 -8.156188 -8.923354 -9.243368 -8.270282
46.480000 -8.460836 -13.089629 -14.264032 -12.904011 -10.447457 -11.176553 -10.183156 -8.620832 -9.114102 -8.198625 -8.986883 -9.298578 -8.332047
46.520000 -8.507745 -13.172883 -14.347943 -12.969877 -10.497262 -11.228735 -10.243949 -8.665147 -9.159732 -8.246538 -9.039767 -9.343806 -8.401068
46.560000 -8.553499 -13.283954 -14.466248 -13.066123 -10.563909 -11.303101 -10.331809 -8.711150 -9.205357 -8.296266 -9.084219 -9.379818 -8.463899
46.600000 -8.604647 -13.366070 -14.558762 -13.136594 -10.622741 -11.367515 -10.407382 -8.750161 -9.243667 -8.340316 -9.165168 -9.448855 -8.543423
46.640000 -8.648549 -13.474505 -14.677790 -13.232213 -10.685804 -11.434891 -10.488112 -8.801651 -9.287592 -8.394880 -9.189311 -9.471400 -8.602672
46.680000 -8.697393 -13.570775 -14.774026 -13.310428 -10.751661 -11.507719 -10.554075 -8.844297 -9.326181 -8.442599 -9.253116 -9.528578 -8.677006
46.720000 -8.745819 -13.678433 -14.881566 -13.397327 -10.813295 -11.572425 -10.612477 -8.892342 -9.368249 -8.494520 -9.302102 -9.571797 -8.751693
46.760000 -8.792950 -13.791351 -14.990253 -13.489067 -10.886191 -11.648139 -10.683514 -8.938795 -9.410771 -8.545613 -9.350205 -9.615316 -8.809390
46.800000 -8.845826 -13.900657 -15.094605 -13.582043 -10.946569 -11.710812 -10.738413 -8.983760 -9.451652 -8.595723 -9.423938 -9.689993 -8.912788
46.840000 -8.891078 -14.035532 -15.229030 -13.700221 -11.026562 -11.801683 -10.806011 -9.035676 -9.516912 -8.649585 -9.450383 -9.723137 -8.946904
46.880000 -8.941601 -14.150999 -15.341924 -13.805751 -11.083905 -11.862904 -10.856836 -9.084181 -9.569758 -8.702749 -9.506007 -9.773241 -9.010118
46.920000 -8.991719 -14.321502 -15.512642 -13.957915 -11.161346 -11.939158 -10.924347 -9.132802 -9.622417 -8.750839 -9.559396 -9.819233 -9.063466
46.960000 -9.040471 -14.456183 -15.643401 -14.085510 -11.227417 -12.010530 -10.985099 -9.184767 -9.674154 -8.804329 -9.599267 -9.860752 -9.114896
47.000000 -9.095397 -14.669879 -15.848746 -14.284884 -11.302674 -12.106690 -11.062415 -9.230598 -9.720223 -8.852290 -9.678248 -9.919958 -9.197727
47.040000 -9.142371 -14.913882 -16.085048 -14.522115 -11.377429 -12.187373 -11.140541 -9.285661 -9.780113 -8.908172 -9.702708 -9.960723 -9.242804
47.080000 -9.195049 -15.377635 -16.544879 -14.984311 -11.448862 -12.263257 -11.213971 -9.338318 -9.836575 -8.964716 -9.755052 -10.018485 -9.308912
47.120000 -9.247368 nan nan nan -11.534270 -12.357525 -11.299424 -9.387149 -9.901874 -9.028227 -9.815950 -10.060344 -9.378985
47.160000 -9.298263 nan nan nan -11.602026 -12.447317 -11.361785 -9.446232 -9.955693 -9.088702 -9.845301 -10.103471 -9.427775
47.200000 -9.355924 -inf nan nan -11.698355 -12.585985 -11.456581 -9.492319 -10.018274 -9.137883 -9.932711 -10.160125 -9.517905
47.240000 -9.405173 -inf nan nan -11.762439 -12.657292 -11.512437 -9.554763 -10.088785 -9.209348 -9.947304 -10.193691 -9.555175
47.280000 -9.460730 -inf nan nan -11.853402 -12.754494 -11.599668 -9.608862 -10.157314 -9.274237 -10.005956 -10.255133 -9.624935
47.320000 -9.515991 -inf nan nan -11.930365 -12.834084 -11.670621 -9.664324 -10.221000 -9.346735 -10.060415 -10.313350 -9.691144
47.360000 -9.569735 -inf nan nan -12.016241 -12.922325 -11.750508 -9.725614 -10.283718 -9.405420 -10.095522 -10.357431 -9.741296
47.400000 -9.631081 -inf nan nan -12.106208 -13.015620 -11.836624 -9.775182 -10.346267 -9.456372 -10.185440 -10.428654 -9.832760
47.440000 -9.683160 -inf nan nan -12.187330 -13.111000 -11.911601 -9.843237 -10.421953 -9.519399 -10.198632 -10.464014 -9.850185
47.480000 -9.742346 -inf nan nan -12.288627 -13.238137 -12.006679 -9.898620 -10.490124 -9.574560 -10.266145 -10.529394 -9.929933
47.520000 -9.801286 -inf nan nan -12.367542 -13.329063 -12.077939 -9.962416 -10.561181 -9.635122 -10.313791 -10.589169 -9.968123
47.560000 -9.858525 -inf nan nan -12.481145 -13.471105 -12.185858 -10.025857 -10.634738 -9.695649 -10.356965 -10.637834 -10.019099
47.600000 -9.924470 -inf nan nan -12.558855 -13.556428 -12.256052 -10.083283 -10.698156 -9.753291 -10.441661 -10.719537 -10.127661
47.640000 -9.979977 -inf nan nan -12.666647 -13.672024 -12.355764 -10.154003 -10.778752 -9.827170 -10.463974 -10.753468 -10.172760
47.680000 -10.043634 -inf nan nan -12.760216 -13.770372 -12.441691 -10.216670 -10.847065 -9.891813 -10.529476 -10.818862 -10.248734
47.720000 -10.107069 -inf nan nan -12.865772 -13.881171 -12.539172 -10.283827 -10.909845 -9.964016 -10.585130 -10.876466 -10.312187
47.760000 -10.168478 -inf nan nan -12.977200 -13.999337 -12.642408 -10.352139 -10.978656 -10.036674 -10.632805 -10.927167 -10.362644
47.800000 -10.240023 -inf nan nan -13.083107 -14.106860 -12.740563 -10.416203 -11.037713 -10.103598 -10.718839 -11.014227 -10.471781
47.840000 -10.299517 -inf nan nan -13.217073 -14.243570 -12.865530 -10.489664 -11.111787 -10.184365 -10.751307 -11.048631 -10.513238
47.880000 -10.368476 -inf nan nan -13.326319 -14.349727 -12.965514 -10.561094 -11.175980 -10.258400 -10.815656 -11.107295 -10.583178
47.920000 -10.437244 -inf nan nan -13.497767 -14.525726 -13.128793 -10.631438 -11.251877 -10.335633 -10.881327 -11.179611 -10.646743
47.960000 -10.503521 -inf nan nan -13.623073 -14.644427 -13.243371 -10.708193 -11.323591 -10.411787 -10.929449 -11.237856 -10.709792
48.000000 -10.581766 -inf nan nan -13.834615 -14.870544 -13.444624 -10.776205 -11.393973 -10.489474 -11.025038 -11.328057 -10.821121
48.040000 -10.645710 -inf nan nan -14.069612 -15.114448 -13.672536 -10.857840 -11.470765 -10.574294 -11.059071 -11.386220 -10.853287
48.080000 -10.720721 -inf nan nan -14.520312 -15.560867 -14.123100 -10.934615 -11.557805 -10.654927 -11.131049 -11.479858 -10.924190
48.120000 -10.795602 -inf nan nan nan nan nan -11.010458 -11.652556 -10.735462 -11.204248 -11.559582 -10.998979
48.160000 -10.867383 -inf nan nan nan nan nan -11.095557 -11.753427 -10.824213 -11.256006 -11.636204 -11.064317
48.200000 -10.953425 -inf nan nan -inf nan nan -11.167323 -11.845957 -10.903533 -11.363570 -11.747598 -11.163695
48.240000 -11.022255 -inf nan nan -inf nan nan -11.259300 -11.952187 -11.002127 -11.398352 -11.822050 -11.217319
48.280000 -11.104086 -inf nan nan -inf nan nan -11.341579 -12.060396 -11.079550 -11.479569 -11.919632 -11.298730
48.320000 -11.185908 -inf nan nan -inf nan nan -11.426740 -12.177787 -11.159179 -11.556845 -12.010859 -11.375644
48.360000 -11.263862 -inf nan nan -inf nan nan -11.518658 -12.280544 -11.237780 -11.616641 -12.074417 -11.434253
48.400000 -11.358937 -inf nan nan -inf nan nan -11.599167 -12.368175 -11.308738 -11.730688 -12.194144 -11.540382
48.440000 -11.433427 -inf nan nan -inf nan nan -11.699520 -12.477665 -11.394252 -11.772454 -12.239394 -11.590445
48.480000 -11.523394 -inf nan nan -inf nan nan -11.789429 -12.577930 -11.475055 -11.862488 -12.331617 -11.667782
48.520000 -11.613691 -inf nan nan -inf nan nan -11.885315 -12.679829 -11.561528 -11.946264 -12.448625 -11.744418
48.560000 -11.699269 -inf nan nan -inf nan nan -11.985837 -12.790611 -11.653958 -12.015258 -12.529012 -11.807831
48.600000 -11.805953 -inf nan nan -inf nan nan -12.078681 -12.879097 -11.751039 -12.137259 -12.660731 -11.916070
48.640000 -11.887556 -inf nan nan -inf nan nan -12.190299 -12.987794 -11.855224 -12.186880 -12.724564 -11.970828
48.680000 -11.988125 -inf nan nan -inf nan nan -12.294861 -13.082254 -11.965059 -12.283523 -12.828049 -12.063108
48.720000 -12.089942 -inf nan nan -inf nan nan -12.406315 -13.199219 -12.077069 -12.376153 -12.939387 -12.145775
48.760000 -12.186304 -inf nan nan -inf nan nan -12.525060 -13.322455 -12.200656 -12.452624 -13.036107 -12.222573
48.800000 -12.310329 -inf nan nan -inf nan nan -12.641267 -13.468647 -12.328825 -12.583379 -13.201928 -12.328320
48.840000 -12.404329 -inf nan nan -inf nan nan -12.780360 -13.605100 -12.472475 -12.641423 -13.283250 -12.395067
48.880000 -12.524461 -inf nan nan -inf nan nan -12.923977 -13.747880 -12.630512 -12.745261 -13.386866 -12.491780
48.920000 -12.649229 -inf nan nan -inf nan nan nan nan nan -12.847908 -13.481789 -12.578406
48.960000 -12.768939 -inf nan nan -inf nan nan nan nan nan -12.931105 -13.570245 -12.652123
49.000000 -12.934758 -inf nan nan -inf nan nan nan nan nan -13.072565 -13.731126 -12.757661
49.040000 -13.054574 -inf nan nan -inf nan nan nan nan nan -13.138412 -13.818830 -12.823423
49.080000 -13.220598 -inf nan nan -inf nan nan nan nan nan -13.250770 -13.953765 -12.922466
49.120000 -13.397192 -inf nan nan -inf nan nan nan nan nan nan nan nan
49.160000 -13.554721 -inf nan nan -inf nan nan nan nan nan nan nan nan
49.200000 -13.804396 -inf nan nan -inf nan nan -inf nan nan nan nan nan
49.240000 -13.948056 -inf nan nan -inf nan nan -inf nan nan nan nan nan
49.280000 -14.164201 -inf nan nan -inf nan nan -inf nan nan nan nan nan
49.320000 -14.404905 -inf nan nan -inf nan nan -inf nan nan nan nan nan
49.360000 -14.597836 -inf nan nan -inf nan nan -inf nan nan nan nan nan
49.400000 -14.953696 -inf nan nan -inf nan nan -inf nan nan nan nan nan
49.440000 -15.130482 -inf nan nan -inf nan nan -inf nan nan nan nan nan
49.480000 -15.433601 -inf nan nan -inf nan nan -inf nan nan nan nan nan
49.520000 -15.823162 -inf nan nan -inf nan nan -inf nan nan nan nan nan
49.560000 -16.066203 -inf nan nan -inf nan nan -inf nan nan nan nan nan
49.600000 -16.668288 -inf nan nan -inf nan nan -inf nan nan nan nan nan
