#Quasar bolometric luminosity function in different Eddington ratio bins from TRINITY PaperIII (Fig. 8, Zhang+2024, MNRAS, 529, 2777)
#z: 4.00
#log10(Lbol [erg/s])(0) log10(QLF_total [Mpc^-3 dex^-1])(1) log10(QLF(-3<logEta<-2) [Mpc^-3 dex^-1])(2) log10(QLF(-3<logEta<-2)_16th [Mpc^-3 dex^-1])(3) log10(QLF(-3<logEta<-2)_84th [Mpc^-3 dex^-1])(4)
#log10(QLF(-2<logEta<-1) [Mpc^-3 dex^-1])(5) log10(QLF(-2<logEta<-1)_16th [Mpc^-3 dex^-1])(6) log10(QLF(-2<logEta<-1)_84th [Mpc^-3 dex^-1])(7)
#log10(QLF(-1<logEta<0) [Mpc^-3 dex^-1])(8) log10(QLF(-1<logEta<0)_16th [Mpc^-3 dex^-1])(9) log10(QLF(-1<logEta<0)_84th [Mpc^-3 dex^-1])(10)
#log10(QLF(0<logEta<1) [Mpc^-3 dex^-1])(11) log10(QLF(0<logEta<1)_16th [Mpc^-3 dex^-1])(12) log10(QLF(0<logEta<1)_84th [Mpc^-3 dex^-1])(13)
40.000000 -5.546680 -7.882909 -8.657575 -7.618333 -8.620524 -8.694208 -7.902390 -7.549086 -7.845784 -7.029125 -inf nan nan
40.040000 -5.534556 -7.824310 -8.593477 -7.563503 -8.581376 -8.671560 -7.871402 -7.519431 -7.798507 -7.002990 nan nan nan
40.080000 -5.522761 -7.768168 -8.528210 -7.512042 -8.551474 -8.683197 -7.836185 -7.491091 -7.755832 -6.976345 nan nan nan
40.120000 -5.510875 -7.710165 -8.457132 -7.459252 -8.511161 -8.658489 -7.814882 -7.482475 -7.738565 -6.968162 -8.824628 -9.066796 -8.296997
40.160000 -5.498914 -7.656650 -8.392202 -7.409706 -8.472175 -8.656344 -7.794993 -7.495296 -7.751387 -6.981357 -8.324320 -8.556325 -7.760361
40.200000 -5.487274 -7.598870 -8.322583 -7.356644 -8.432013 -8.662814 -7.747755 -7.510974 -7.768886 -6.998328 -8.088022 -8.312966 -7.497593
40.240000 -5.475137 -7.545361 -8.258172 -7.306808 -8.385707 -8.634657 -7.693617 -7.522303 -7.756801 -7.009488 -7.936349 -8.149971 -7.306492
40.280000 -5.463331 -7.489584 -8.189631 -7.254226 -8.341978 -8.624391 -7.643085 -7.538160 -7.771526 -7.026990 -7.815274 -8.027433 -7.154607
40.320000 -5.451368 -7.436263 -8.123669 -7.203228 -8.292742 -8.576304 -7.594218 -7.549406 -7.772490 -7.038437 -7.714639 -7.908679 -7.027071
40.360000 -5.439269 -7.382275 -8.057024 -7.151573 -8.244107 -8.558086 -7.582302 -7.563321 -7.780304 -7.053698 -7.618394 -7.801736 -6.901655
40.400000 -5.427497 -7.328954 -7.998633 -7.117004 -8.193819 -8.533776 -7.557970 -7.576291 -7.786045 -7.068549 -7.541033 -7.717487 -6.804817
40.440000 -5.414987 -7.276608 -7.950431 -7.103012 -8.140128 -8.510570 -7.506623 -7.588236 -7.788955 -7.081216 -7.446503 -7.604570 -6.676462
40.480000 -5.402828 -7.222733 -7.897755 -7.052926 -8.085194 -8.499926 -7.470505 -7.600923 -7.791906 -7.096852 -7.368514 -7.511546 -6.566026
40.520000 -5.390374 -7.172569 -7.837203 -7.006315 -8.031453 -8.481833 -7.424851 -7.612076 -7.796817 -7.109521 -7.285566 -7.412105 -6.419380
40.560000 -5.377662 -7.117714 -7.766920 -6.955465 -7.974138 -8.445608 -7.382971 -7.624045 -7.808604 -7.125314 -7.201126 -7.315372 -6.314463
40.600000 -5.365311 -7.067311 -7.702226 -6.908602 -7.921820 -8.411465 -7.353879 -7.633974 -7.818634 -7.138025 -7.131018 -7.236674 -6.234420
40.640000 -5.351724 -7.013720 -7.632351 -6.858955 -7.863935 -8.368295 -7.323177 -7.644630 -7.808994 -7.142001 -7.032779 -7.119009 -6.090647
40.680000 -5.338549 -6.962605 -7.566567 -6.811492 -7.809778 -8.348188 -7.272519 -7.651209 -7.795248 -7.149495 -6.953401 -7.026972 -5.976258
40.720000 -5.324590 -6.910633 -7.499809 -6.763741 -7.755737 -8.330570 -7.214045 -7.659521 -7.787040 -7.162743 -6.860915 -6.913486 -5.827236
40.760000 -5.309935 -6.858749 -7.440575 -6.717266 -7.699807 -8.302329 -7.165389 -7.663744 -7.773795 -7.161041 -6.765163 -6.795341 -5.676199
40.800000 -5.295758 -6.808404 -7.383831 -6.671981 -7.649959 -8.255249 -7.124807 -7.668915 -7.781115 -7.141448 -6.686547 -6.714169 -5.585424
40.840000 -5.278064 -6.755731 -7.323940 -6.624793 -7.591659 -8.192919 -7.117289 -7.669798 -7.776794 -7.095998 -6.562051 -6.558338 -5.457789
40.880000 -5.261063 -6.706902 -7.271120 -6.580773 -7.540017 -8.135964 -7.060137 -7.669374 -7.773003 -7.104026 -6.465391 -6.444986 -5.359792
40.920000 -5.240611 -6.653600 -7.212291 -6.538135 -7.485750 -8.069916 -7.001910 -7.667416 -7.772606 -7.087015 -6.343241 -6.310517 -5.294175
40.960000 -5.217203 -6.604118 -7.158781 -6.489339 -7.432897 -8.015136 -6.957382 -7.660414 -7.783447 -7.091980 -6.216343 -6.174250 -5.201874
41.000000 -5.194993 -6.552456 -7.102994 -6.439000 -7.382560 -7.965478 -6.915177 -7.654698 -7.776293 -7.100608 -6.118165 -6.085012 -5.177482
41.040000 -5.157302 -6.502386 -7.048436 -6.389457 -7.328483 -7.911663 -6.869931 -7.640333 -7.765954 -7.058666 -5.943027 -5.893015 -5.179226
41.080000 -5.122622 -6.452053 -6.986234 -6.340443 -7.278372 -7.854209 -6.829349 -7.627414 -7.778610 -7.024407 -5.818519 -5.785800 -5.180899
41.120000 -5.092693 -6.401897 -6.930172 -6.291493 -7.226036 -7.790467 -6.788065 -7.607971 -7.783827 -6.994407 -5.777769 -5.757076 -5.194512
41.160000 -5.066752 -6.352936 -6.875359 -6.243817 -7.175457 -7.721720 -6.747401 -7.587100 -7.781296 -6.960729 -5.789377 -5.768375 -5.225545
41.200000 -5.042274 -6.302873 -6.822822 -6.196155 -7.124822 -7.654324 -6.707721 -7.563002 -7.780382 -6.974777 -5.792511 -5.768042 -5.247307
41.240000 -5.036461 -6.255545 -6.765209 -6.149222 -7.070949 -7.579810 -6.657635 -7.534402 -7.751852 -6.986353 -5.821424 -5.799600 -5.263142
41.280000 -5.030725 -6.205167 -6.705881 -6.097731 -7.018794 -7.524156 -6.606362 -7.504448 -7.742745 -6.976962 -5.818020 -5.802808 -5.278897
41.320000 -5.024997 -6.158137 -6.651664 -6.049639 -6.966631 -7.468145 -6.556288 -7.470330 -7.727610 -6.953083 -5.846618 -5.826497 -5.295623
41.360000 -5.019277 -6.109422 -6.594417 -6.000311 -6.913114 -7.410630 -6.502563 -7.435171 -7.709939 -6.909009 -5.855886 -5.836771 -5.323126
41.400000 -5.013631 -6.062908 -6.547604 -5.953346 -6.863134 -7.358224 -6.454527 -7.396543 -7.689245 -6.866290 -5.858781 -5.842611 -5.332026
41.440000 -5.007115 -6.015881 -6.500509 -5.906194 -6.808650 -7.298343 -6.399819 -7.356734 -7.674105 -6.830199 -5.894154 -5.868297 -5.352532
41.480000 -5.000695 -5.969763 -6.454149 -5.859622 -6.756846 -7.243308 -6.381664 -7.313440 -7.646485 -6.792600 -5.886601 -5.861096 -5.371827
41.520000 -4.994520 -5.924793 -6.406015 -5.814412 -6.705968 -7.188039 -6.386247 -7.270475 -7.642620 -6.739343 -5.922278 -5.893946 -5.382736
41.560000 -4.988581 -5.879351 -6.352302 -5.769225 -6.651690 -7.135488 -6.348008 -7.224383 -7.632031 -6.679827 -5.918439 -5.889252 -5.404117
41.600000 -4.982721 -5.836663 -6.301452 -5.726760 -6.603176 -7.085788 -6.307562 -7.179271 -7.593264 -6.624209 -5.936277 -5.905133 -5.412564
41.640000 -4.975975 -5.791916 -6.243483 -5.683147 -6.547107 -7.017470 -6.261712 -7.131072 -7.545767 -6.563235 -5.953633 -5.918340 -5.422313
41.680000 -4.969331 -5.750048 -6.194503 -5.642264 -6.496220 -6.963249 -6.219736 -7.083095 -7.513595 -6.505451 -5.953031 -5.914987 -5.426223
41.720000 -4.961921 -5.707706 -6.145789 -5.601704 -6.443518 -6.904785 -6.167599 -7.034898 -7.482107 -6.447615 -5.988680 -5.927021 -5.438061
41.760000 -4.953785 -5.666935 -6.106266 -5.562780 -6.390665 -6.845541 -6.113948 -6.984595 -7.441529 -6.417528 -5.983346 -5.916862 -5.467021
41.800000 -4.945799 -5.626961 -6.068747 -5.525142 -6.341607 -6.787015 -6.065627 -6.937071 -7.400302 -6.453256 -6.007908 -5.919774 -5.479242
41.840000 -4.936395 -5.587576 -6.020107 -5.488515 -6.287312 -6.717956 -6.011683 -6.884654 -7.359268 -6.413622 -6.021331 -5.947874 -5.503846
41.880000 -4.927190 -5.549520 -5.970543 -5.453265 -6.238550 -6.657459 -5.961692 -6.835389 -7.297943 -6.372036 -6.029481 -5.965347 -5.519283
41.920000 -4.917463 -5.512226 -5.923059 -5.419592 -6.185926 -6.597180 -5.909223 -6.783916 -7.248855 -6.329106 -6.049265 -5.955339 -5.511820
41.960000 -4.907253 -5.476319 -5.880590 -5.386931 -6.135217 -6.540407 -5.861505 -6.733126 -7.207622 -6.286844 -6.054671 -5.977836 -5.523574
42.000000 -4.897277 -5.441133 -5.833049 -5.356084 -6.086069 -6.485619 -5.822450 -6.682830 -7.163084 -6.244967 -6.059710 -5.938020 -5.526042
42.040000 -4.886407 -5.407036 -5.787669 -5.325956 -6.033016 -6.426331 -5.777166 -6.630686 -7.112586 -6.202016 -6.076535 -5.981126 -5.547168
42.080000 -4.875802 -5.374154 -5.744438 -5.297616 -5.983059 -6.370836 -5.735909 -6.580220 -7.060253 -6.179605 -6.075091 -5.971509 -5.561816
42.120000 -4.864655 -5.342553 -5.710087 -5.270432 -5.932335 -6.307200 -5.694994 -6.528337 -7.003727 -6.166454 -6.087176 -5.990010 -5.560000
42.160000 -4.853013 -5.311894 -5.676741 -5.244677 -5.881668 -6.246419 -5.652089 -6.478041 -6.949155 -6.124547 -6.091238 -6.002920 -5.569882
42.200000 -4.841674 -5.283089 -5.645207 -5.223942 -5.833680 -6.194514 -5.614068 -6.426269 -6.893990 -6.080487 -6.080576 -5.988700 -5.572639
42.240000 -4.828832 -5.254569 -5.612770 -5.196577 -5.783103 -6.136925 -5.569867 -6.374898 -6.837053 -6.031674 -6.097273 -5.976691 -5.578421
42.280000 -4.816359 -5.228454 -5.581986 -5.176157 -5.734022 -6.082179 -5.529878 -6.323126 -6.777891 -5.976493 -6.077140 -5.947739 -5.586093
42.320000 -4.803403 -5.202747 -5.545543 -5.156948 -5.686172 -6.034816 -5.489589 -6.272192 -6.710590 -5.920940 -6.087112 -5.945160 -5.597315
42.360000 -4.790018 -5.179165 -5.509176 -5.137347 -5.637040 -5.977360 -5.447719 -6.220493 -6.641022 -5.864872 -6.069097 -5.947640 -5.600104
42.400000 -4.777034 -5.156551 -5.474562 -5.119901 -5.592185 -5.932665 -5.409318 -6.170040 -6.573594 -5.822942 -6.059034 -5.950721 -5.586410
42.440000 -4.762396 -5.135348 -5.440426 -5.103929 -5.542354 -5.877101 -5.360579 -6.118465 -6.508513 -5.780673 -6.053170 -5.949064 -5.580812
42.480000 -4.748236 -5.115648 -5.415984 -5.089464 -5.496521 -5.827672 -5.313011 -6.067126 -6.451022 -5.737550 -6.026240 -5.947666 -5.572380
42.520000 -4.733164 -5.097107 -5.395478 -5.076087 -5.450001 -5.777255 -5.270790 -6.017400 -6.394825 -5.695341 -6.019623 -5.939141 -5.560501
42.560000 -4.717287 -5.080444 -5.376576 -5.064624 -5.403128 -5.726095 -5.222867 -5.964978 -6.329698 -5.651143 -5.988919 -5.936727 -5.549068
42.600000 -4.701970 -5.064529 -5.359812 -5.053650 -5.360579 -5.683849 -5.174709 -5.915826 -6.270740 -5.609565 -5.970312 -5.927989 -5.517800
42.640000 -4.684364 -5.050976 -5.338765 -5.041876 -5.313457 -5.632604 -5.126932 -5.863730 -6.203816 -5.565802 -5.949320 -5.913342 -5.496432
42.680000 -4.667444 -5.037727 -5.318605 -5.026767 -5.271073 -5.583395 -5.084044 -5.813937 -6.143196 -5.523923 -5.920243 -5.906111 -5.481683
42.720000 -4.649878 -5.027274 -5.300705 -5.012435 -5.228001 -5.536477 -5.040957 -5.763536 -6.082728 -5.481707 -5.894416 -5.890553 -5.464605
42.760000 -4.631767 -5.017146 -5.288532 -4.998903 -5.185930 -5.495337 -4.998757 -5.713260 -6.031785 -5.433287 -5.864442 -5.877703 -5.447326
42.800000 -4.614382 -5.009364 -5.281701 -4.987658 -5.146822 -5.456334 -4.960107 -5.664532 -5.983908 -5.387622 -5.828551 -5.848109 -5.426095
42.840000 -4.594948 -5.002383 -5.266577 -4.986777 -5.104204 -5.413942 -4.916548 -5.614021 -5.935232 -5.340288 -5.803402 -5.837605 -5.408064
42.880000 -4.576347 -4.996941 -5.252606 -4.980491 -5.064975 -5.374504 -4.880719 -5.566320 -5.889671 -5.295455 -5.768044 -5.821655 -5.381549
42.920000 -4.556955 -4.993433 -5.238131 -4.976313 -5.026185 -5.332057 -4.844563 -5.516434 -5.836869 -5.249693 -5.736702 -5.809825 -5.352161
42.960000 -4.536906 -4.990409 -5.222337 -4.977580 -4.987769 -5.281938 -4.810242 -5.468810 -5.788046 -5.205649 -5.706062 -5.803342 -5.326340
43.000000 -4.517742 -4.990301 -5.227331 -4.976906 -4.952602 -5.239045 -4.783134 -5.420704 -5.742898 -5.171029 -5.665391 -5.798738 -5.291963
43.040000 -4.496395 -4.990052 -5.232262 -4.974183 -4.915030 -5.188380 -4.754355 -5.373551 -5.688712 -5.134180 -5.640366 -5.793006 -5.270290
43.080000 -4.476049 -4.992649 -5.239673 -4.969612 -4.880878 -5.142223 -4.723403 -5.326813 -5.636396 -5.099291 -5.600730 -5.757022 -5.240312
43.120000 -4.455153 -4.995852 -5.246997 -4.967419 -4.846977 -5.096663 -4.692982 -5.280829 -5.583218 -5.064594 -5.571735 -5.728470 -5.214100
43.160000 -4.433827 -5.000832 -5.256681 -4.969590 -4.813204 -5.051377 -4.663039 -5.235825 -5.530668 -5.029008 -5.538827 -5.694683 -5.188971
43.200000 -4.413499 -5.007348 -5.264943 -4.975028 -4.783161 -5.013132 -4.636997 -5.190911 -5.478923 -4.996229 -5.502798 -5.663162 -5.161069
43.240000 -4.391619 -5.014843 -5.271510 -4.980428 -4.750576 -4.967372 -4.609065 -5.148352 -5.429520 -4.961050 -5.475073 -5.635879 -5.139533
43.280000 -4.370789 -5.024109 -5.273243 -4.988199 -4.722212 -4.940296 -4.585395 -5.104516 -5.387781 -4.926998 -5.441519 -5.599791 -5.115969
43.320000 -4.349886 -5.034637 -5.279531 -4.991861 -4.693769 -4.910489 -4.561034 -5.063425 -5.345390 -4.893892 -5.410935 -5.564208 -5.093793
43.360000 -4.328965 -5.046384 -5.289432 -4.997006 -4.666960 -4.872338 -4.540392 -5.022193 -5.289463 -4.862271 -5.380520 -5.529384 -5.073440
43.400000 -4.309005 -5.059704 -5.305576 -5.006141 -4.642473 -4.836774 -4.521525 -4.982456 -5.239889 -4.825755 -5.347487 -5.492454 -5.051221
43.440000 -4.288477 -5.074031 -5.314369 -5.012187 -4.617403 -4.798942 -4.502834 -4.944283 -5.199249 -4.786059 -5.320231 -5.460814 -5.033613
43.480000 -4.268875 -5.089800 -5.323781 -5.020529 -4.595004 -4.768093 -4.476869 -4.906804 -5.161459 -4.749179 -5.292437 -5.428951 -5.017803
43.520000 -4.249758 -5.106859 -5.334896 -5.034911 -4.573583 -4.739980 -4.453248 -4.871076 -5.124005 -4.719456 -5.264126 -5.396130 -4.998875
43.560000 -4.231100 -5.124719 -5.353036 -5.050254 -4.553871 -4.713472 -4.441602 -4.836325 -5.080500 -4.693050 -5.239314 -5.366268 -4.982455
43.600000 -4.213210 -5.144629 -5.375943 -5.067426 -4.535536 -4.688986 -4.432403 -4.803089 -5.038416 -4.668201 -5.209982 -5.332987 -4.963858
43.640000 -4.196239 -5.164198 -5.396035 -5.081390 -4.518884 -4.665784 -4.424480 -4.771260 -4.996007 -4.649738 -5.188896 -5.310754 -4.950448
43.680000 -4.179906 -5.186706 -5.415779 -5.097365 -4.503043 -4.644388 -4.413974 -4.741072 -4.955792 -4.623879 -5.164934 -5.288626 -4.936539
43.720000 -4.164644 -5.207962 -5.435123 -5.115614 -4.489773 -4.625859 -4.398433 -4.711801 -4.915567 -4.594686 -5.142019 -5.265609 -4.927066
43.760000 -4.150362 -5.231777 -5.462650 -5.137765 -4.476940 -4.608126 -4.388454 -4.685037 -4.879740 -4.568465 -5.122990 -5.241319 -4.916944
43.800000 -4.136536 -5.255730 -5.489071 -5.159122 -4.466197 -4.589141 -4.379409 -4.658121 -4.846517 -4.542493 -5.099495 -5.211315 -4.905962
43.840000 -4.124917 -5.280750 -5.515909 -5.185663 -4.457797 -4.577543 -4.371927 -4.635053 -4.817024 -4.519683 -5.084871 -5.190142 -4.899521
43.880000 -4.113602 -5.306892 -5.539938 -5.211482 -4.450331 -4.566576 -4.365123 -4.612352 -4.788131 -4.500520 -5.067269 -5.164504 -4.894514
43.920000 -4.103584 -5.333135 -5.562957 -5.237612 -4.445277 -4.557860 -4.362982 -4.591231 -4.760934 -4.479204 -5.051223 -5.147412 -4.889010
43.960000 -4.094782 -5.361551 -5.588195 -5.263993 -4.440476 -4.548223 -4.363751 -4.573149 -4.736827 -4.463918 -5.038323 -5.131753 -4.887288
44.000000 -4.086155 -5.388771 -5.612897 -5.288504 -4.438145 -4.540328 -4.366870 -4.553745 -4.711683 -4.446711 -5.022762 -5.113545 -4.886347
44.040000 -4.080492 -5.419528 -5.640901 -5.315622 -4.436560 -4.542790 -4.369199 -4.539579 -4.690635 -4.435016 -5.013635 -5.103878 -4.890248
44.080000 -4.074903 -5.447206 -5.666486 -5.340702 -4.436659 -4.549605 -4.369517 -4.524792 -4.666380 -4.423308 -5.002837 -5.092113 -4.898463
44.120000 -4.071123 -5.478622 -5.695657 -5.369075 -4.438271 -4.557442 -4.368946 -4.512476 -4.643265 -4.416921 -4.994163 -5.084356 -4.901514
44.160000 -4.069108 -5.508746 -5.725900 -5.393854 -4.441899 -4.562552 -4.368351 -4.502302 -4.632661 -4.413634 -4.988182 -5.076101 -4.905705
44.200000 -4.067101 -5.540957 -5.761586 -5.421311 -4.446016 -4.562482 -4.370880 -4.492103 -4.614747 -4.409834 -4.981256 -5.068952 -4.911484
44.240000 -4.068591 -5.573437 -5.796443 -5.454325 -4.453202 -4.558542 -4.380948 -4.486213 -4.601875 -4.409114 -4.979605 -5.074829 -4.917319
44.280000 -4.070086 -5.606032 -5.832590 -5.488231 -4.461064 -4.564802 -4.390497 -4.480287 -4.586852 -4.405462 -4.977172 -5.074196 -4.924412
44.320000 -4.073348 -5.641401 -5.871278 -5.522233 -4.469900 -4.571346 -4.402509 -4.476827 -4.583571 -4.404503 -4.976871 -5.076545 -4.929813
44.360000 -4.078418 -5.674364 -5.906089 -5.553574 -4.481542 -4.578950 -4.414732 -4.474820 -4.582827 -4.412096 -4.978947 -5.068799 -4.938539
44.400000 -4.083548 -5.712836 -5.951670 -5.594411 -4.491863 -4.583818 -4.426081 -4.473800 -4.579846 -4.411157 -4.981497 -5.071320 -4.950069
44.440000 -4.092177 -5.746185 -5.983439 -5.630945 -4.507191 -4.589851 -4.439912 -4.475772 -4.577832 -4.418418 -4.987425 -5.084468 -4.960464
44.480000 -4.100982 -5.784944 -6.028095 -5.673415 -4.521398 -4.596326 -4.453012 -4.478725 -4.575476 -4.425698 -4.994629 -5.094888 -4.965803
44.520000 -4.111481 -5.821782 -6.065809 -5.713007 -4.537705 -4.613223 -4.467888 -4.483242 -4.573265 -4.432860 -5.003474 -5.112286 -4.976861
44.560000 -4.123796 -5.861094 -6.107799 -5.753165 -4.555848 -4.634045 -4.485521 -4.489787 -4.577008 -4.442611 -5.014513 -5.118987 -4.987197
44.600000 -4.136471 -5.901504 -6.152405 -5.791152 -4.572759 -4.655252 -4.500824 -4.497306 -4.589652 -4.459210 -5.028192 -5.134380 -5.002598
44.640000 -4.151917 -5.941410 -6.191299 -5.828968 -4.594675 -4.681297 -4.520713 -4.507070 -4.596904 -4.472940 -5.041418 -5.150790 -5.012310
44.680000 -4.167933 -5.985426 -6.237454 -5.870852 -4.614924 -4.705684 -4.536280 -4.518180 -4.606477 -4.487079 -5.058605 -5.170692 -5.027377
44.720000 -4.185330 -6.026283 -6.277443 -5.911686 -4.637364 -4.730906 -4.554839 -4.530576 -4.617096 -4.500493 -5.076116 -5.197333 -5.036460
44.760000 -4.204256 -6.074317 -6.330971 -5.958306 -4.660968 -4.757052 -4.574416 -4.544515 -4.627643 -4.512086 -5.095904 -5.218871 -5.050267
44.800000 -4.224044 -6.116143 -6.375004 -5.996684 -4.683377 -4.777875 -4.593413 -4.560248 -4.641549 -4.529335 -5.119641 -5.245030 -5.073048
44.840000 -4.245313 -6.164899 -6.426616 -6.041462 -4.710143 -4.804980 -4.617112 -4.576503 -4.659246 -4.546371 -5.140492 -5.267430 -5.090919
44.880000 -4.267677 -6.211146 -6.476044 -6.083861 -4.735077 -4.832777 -4.639469 -4.594923 -4.673085 -4.566152 -5.166812 -5.295456 -5.118530
44.920000 -4.291043 -6.261097 -6.528016 -6.129658 -4.761870 -4.862447 -4.664406 -4.614034 -4.695627 -4.583408 -5.192858 -5.323510 -5.140637
44.960000 -4.315513 -6.312111 -6.582158 -6.177236 -4.789712 -4.893453 -4.690794 -4.634102 -4.719897 -4.600408 -5.220730 -5.351299 -5.160836
45.000000 -4.341444 -6.363219 -6.635343 -6.226506 -4.815922 -4.922474 -4.717142 -4.656925 -4.742589 -4.623429 -5.253509 -5.387099 -5.182954
45.040000 -4.367512 -6.419571 -6.694331 -6.283027 -4.847187 -4.955551 -4.750029 -4.677998 -4.764826 -4.640805 -5.280847 -5.416894 -5.203797
45.080000 -4.395244 -6.471484 -6.747458 -6.334535 -4.875784 -4.984997 -4.779124 -4.702718 -4.789969 -4.663726 -5.314257 -5.454647 -5.234673
45.120000 -4.423579 -6.534083 -6.813040 -6.394861 -4.906756 -5.016972 -4.806698 -4.726625 -4.815205 -4.688745 -5.348752 -5.487429 -5.266929
45.160000 -4.452512 -6.586722 -6.866071 -6.445974 -4.938212 -5.049630 -4.836644 -4.752004 -4.839561 -4.715615 -5.381864 -5.518577 -5.298105
45.200000 -4.483511 -6.650532 -6.932097 -6.507746 -4.968435 -5.083509 -4.866131 -4.779605 -4.869504 -4.741309 -5.424881 -5.565337 -5.342400
45.240000 -4.513265 -6.709485 -6.991575 -6.565076 -5.003146 -5.122250 -4.902527 -4.804721 -4.895451 -4.766129 -5.456885 -5.600022 -5.372784
45.280000 -4.545207 -6.774174 -7.057496 -6.627999 -5.035867 -5.158587 -4.934770 -4.833274 -4.925472 -4.793556 -5.497293 -5.637980 -5.408337
45.320000 -4.577525 -6.840342 -7.124390 -6.692445 -5.070702 -5.196167 -4.967994 -4.860899 -4.954682 -4.820853 -5.539439 -5.676855 -5.442947
45.360000 -4.610110 -6.905739 -7.189552 -6.756359 -5.106449 -5.233118 -5.003962 -4.889701 -4.983546 -4.851126 -5.576596 -5.709897 -5.478602
45.400000 -4.645340 -6.979878 -7.264943 -6.828701 -5.141404 -5.270054 -5.038348 -4.920708 -5.014888 -4.885007 -5.628368 -5.756882 -5.523549
45.440000 -4.678286 -7.045786 -7.329501 -6.893437 -5.180299 -5.310253 -5.079231 -4.949002 -5.040119 -4.914233 -5.662762 -5.786447 -5.557516
45.480000 -4.713937 -7.128459 -7.412568 -6.974338 -5.218526 -5.349713 -5.119554 -4.979995 -5.069750 -4.949206 -5.709667 -5.831789 -5.603127
45.520000 -4.749752 -7.194894 -7.477142 -7.039861 -5.257567 -5.389648 -5.160842 -5.011340 -5.099610 -4.983611 -5.755269 -5.874826 -5.644955
45.560000 -4.785500 -7.277974 -7.558574 -7.121598 -5.299146 -5.430040 -5.203915 -5.041999 -5.129597 -5.017381 -5.796744 -5.909052 -5.685613
45.600000 -4.824456 -7.353643 -7.634147 -7.196273 -5.338333 -5.473181 -5.242193 -5.076926 -5.165929 -5.057591 -5.853533 -5.955640 -5.738115
45.640000 -4.860237 -7.436852 -7.716262 -7.278577 -5.383367 -5.520672 -5.286850 -5.107039 -5.196336 -5.089816 -5.889047 -5.986683 -5.771992
45.680000 -4.899233 -7.522429 -7.800899 -7.363239 -5.426883 -5.565510 -5.331182 -5.140935 -5.231034 -5.128434 -5.939894 -6.028987 -5.820191
45.720000 -4.938384 -7.605638 -7.882361 -7.445882 -5.471505 -5.610164 -5.378074 -5.175489 -5.265779 -5.166708 -5.985660 -6.068315 -5.866169
45.760000 -4.977375 -7.702063 -7.977541 -7.541584 -5.520185 -5.659105 -5.427865 -5.208311 -5.299507 -5.201356 -6.028623 -6.103298 -5.910138
45.800000 -5.020214 -7.784918 -8.058183 -7.624177 -5.564070 -5.703155 -5.471600 -5.247822 -5.341015 -5.241996 -6.085141 -6.149736 -5.962237
45.840000 -5.059185 -7.893110 -8.164662 -7.732544 -5.617121 -5.756160 -5.521542 -5.280055 -5.373663 -5.274648 -6.120166 -6.178274 -5.994891
45.880000 -5.102002 -7.975145 -8.243792 -7.816622 -5.666127 -5.806156 -5.573751 -5.318648 -5.411917 -5.313987 -6.168060 -6.216190 -6.038730
45.920000 -5.145007 -8.082170 -8.348321 -7.929333 -5.719163 -5.861307 -5.626916 -5.356170 -5.449907 -5.352416 -6.213388 -6.253503 -6.081641
45.960000 -5.187778 -8.177082 -8.440251 -8.028636 -5.774013 -5.918032 -5.682070 -5.393540 -5.486952 -5.390570 -6.253233 -6.291519 -6.118727
46.000000 -5.235225 -8.282495 -8.542655 -8.138826 -5.826790 -5.972749 -5.735136 -5.437135 -5.530365 -5.435580 -6.306945 -6.339369 -6.167226
46.040000 -5.277904 -8.391280 -8.647545 -8.252227 -5.888076 -6.036377 -5.796280 -5.473140 -5.567259 -5.470031 -6.340015 -6.369478 -6.199056
46.080000 -5.325239 -8.494604 -8.746870 -8.352917 -5.945253 -6.094534 -5.854840 -5.516851 -5.610976 -5.512182 -6.381517 -6.406529 -6.240504
46.120000 -5.372785 -8.618266 -8.866365 -8.473132 -6.008832 -6.161651 -5.917347 -5.558391 -5.653517 -5.553914 -6.424971 -6.443423 -6.277987
46.160000 -5.419951 -8.719255 -8.962729 -8.572646 -6.070405 -6.223405 -5.981967 -5.601831 -5.697777 -5.594890 -6.457836 -6.476258 -6.307979
46.200000 -5.472870 -8.858569 -9.097761 -8.715879 -6.134342 -6.290411 -6.048357 -5.650383 -5.745687 -5.641504 -6.509337 -6.523707 -6.352823
46.240000 -5.519750 -8.957011 -9.194483 -8.821510 -6.202779 -6.359682 -6.120141 -5.692652 -5.789201 -5.683618 -6.535625 -6.547735 -6.379962
46.280000 -5.572311 -9.091647 -9.321225 -8.961684 -6.271878 -6.430718 -6.191410 -5.741286 -5.837949 -5.731699 -6.575225 -6.579623 -6.422343
46.320000 -5.625033 -9.208399 -9.434022 -9.071511 -6.342973 -6.503801 -6.264549 -5.789878 -5.886664 -5.777486 -6.614629 -6.617618 -6.464650
46.360000 -5.677052 -9.338188 -9.559318 -9.195495 -6.416798 -6.578691 -6.342529 -5.838587 -5.934373 -5.824890 -6.644370 -6.646569 -6.498743
46.400000 -5.736161 -9.473938 -9.698682 -9.337404 -6.491382 -6.656150 -6.418862 -5.894039 -5.987209 -5.876744 -6.694807 -6.696888 -6.544191
46.440000 -5.787436 -9.598849 -9.824462 -9.458854 -6.569515 -6.734160 -6.500631 -5.942796 -6.033964 -5.924754 -6.716689 -6.722686 -6.570318
46.480000 -5.845585 -9.754194 -9.974636 -9.605633 -6.652818 -6.817493 -6.583276 -5.997318 -6.088082 -5.976781 -6.756778 -6.764418 -6.609655
46.520000 -5.903783 -9.874303 -10.092114 -9.728803 -6.730513 -6.889968 -6.662656 -6.054364 -6.144424 -6.032206 -6.792406 -6.804097 -6.647320
46.560000 -5.960778 -10.049878 -10.273687 -9.911295 -6.818818 -6.974563 -6.752569 -6.108818 -6.196407 -6.085652 -6.824197 -6.843391 -6.681153
46.600000 -6.026398 -10.165352 -10.385960 -10.031032 -6.900373 -7.049955 -6.842081 -6.173684 -6.261288 -6.149295 -6.871962 -6.897352 -6.723771
46.640000 -6.082040 -10.331555 -10.544313 -10.205066 -6.993324 -7.137665 -6.938335 -6.228112 -6.312989 -6.203169 -6.896908 -6.921021 -6.749251
46.680000 -6.145872 -10.473326 -10.689438 -10.354654 -7.084169 -7.222020 -7.031594 -6.291353 -6.374632 -6.266141 -6.937739 -6.959499 -6.787351
46.720000 -6.209596 -10.631293 -10.850160 -10.521417 -7.176854 -7.320466 -7.127513 -6.355524 -6.436536 -6.330340 -6.975190 -6.995652 -6.825706
46.760000 -6.271442 -10.800615 -11.039356 -10.703381 -7.277676 -7.426701 -7.233054 -6.417224 -6.494991 -6.392323 -7.010634 -7.029751 -6.859919
46.800000 -6.343580 -10.952332 -11.199287 -10.857356 -7.370173 -7.527065 -7.338000 -6.491359 -6.564623 -6.462725 -7.059222 -7.076974 -6.906693
46.840000 -6.403303 -11.152825 -11.403847 -11.065362 -7.481382 -7.635894 -7.452542 -6.552134 -6.626593 -6.525140 -7.088654 -7.105897 -6.937665
46.880000 -6.472568 -11.302581 -11.553714 -11.220328 -7.577849 -7.730026 -7.549388 -6.625094 -6.699120 -6.599432 -7.130749 -7.146806 -6.980910
46.920000 -6.541567 -11.545387 -11.802423 -11.466876 -7.688999 -7.837354 -7.660201 -6.696570 -6.771314 -6.672135 -7.173830 -7.189928 -7.025965
46.960000 -6.607928 -11.704198 -11.965263 -11.623402 -7.795708 -7.944659 -7.771528 -6.767748 -6.842796 -6.743696 -7.211350 -7.226975 -7.066031
47.000000 -6.686291 -11.970617 -12.248494 -11.882122 -7.907074 -8.055459 -7.885629 -6.850064 -6.924644 -6.826674 -7.266293 -7.281511 -7.121805
47.040000 -6.749789 -12.247029 -12.537884 -12.148866 -8.024463 -8.179343 -8.001839 -6.919663 -6.993041 -6.897538 -7.300424 -7.315469 -7.158706
47.080000 -6.824187 -12.716540 -13.004438 -12.616407 -8.139337 -8.297365 -8.119416 -7.000851 -7.075595 -6.975629 -7.348344 -7.363091 -7.204918
47.120000 -6.898213 nan nan nan -8.264885 -8.427104 -8.243593 -7.081070 -7.155669 -7.058209 -7.397855 -7.412815 -7.252072
47.160000 -6.968845 nan nan nan -8.382338 -8.550067 -8.358303 -7.161248 -7.233355 -7.132905 -7.440806 -7.456323 -7.294416
47.200000 -7.053239 -inf nan nan -8.517787 -8.693917 -8.494424 -7.252428 -7.324665 -7.215938 -7.503324 -7.520471 -7.353955
47.240000 -7.120288 -inf nan nan -8.636852 -8.809506 -8.610434 -7.331508 -7.401906 -7.292145 -7.543080 -7.564098 -7.396344
47.280000 -7.199611 -inf nan nan -8.775107 -8.953114 -8.743703 -7.421050 -7.492904 -7.378432 -7.599105 -7.619911 -7.447957
47.320000 -7.278501 -inf nan nan -8.903608 -9.086428 -8.871192 -7.511670 -7.583808 -7.468443 -7.655101 -7.677453 -7.501342
47.360000 -7.353229 -inf nan nan -9.043501 -9.235306 -9.015215 -7.600094 -7.671548 -7.557181 -7.705982 -7.729897 -7.550657
47.400000 -7.443544 -inf nan nan -9.183402 -9.377093 -9.152135 -7.701932 -7.772460 -7.654743 -7.776712 -7.801741 -7.616985
47.440000 -7.513965 -inf nan nan -9.323937 -9.528003 -9.289379 -7.789543 -7.859937 -7.741458 -7.823517 -7.851413 -7.664048
47.480000 -7.598056 -inf nan nan -9.478927 -9.694981 -9.440387 -7.888868 -7.959598 -7.838395 -7.887415 -7.916592 -7.725782
47.520000 -7.681708 -inf nan nan -9.617588 -9.829731 -9.578538 -7.989337 -8.059405 -7.933050 -7.951440 -7.981773 -7.788948
47.560000 -7.760442 -inf nan nan -9.788714 -10.010360 -9.744094 -8.087183 -8.158628 -8.029096 -8.009860 -8.042577 -7.847432
47.600000 -7.856682 -inf nan nan -9.926580 -10.148426 -9.876082 -8.199716 -8.272557 -8.137171 -8.089648 -8.127153 -7.925085
47.640000 -7.930671 -inf nan nan -10.097286 -10.320678 -10.044623 -8.296837 -8.371422 -8.232164 -8.143974 -8.182628 -7.979561
47.680000 -8.019907 -inf nan nan -10.253245 -10.491435 -10.201936 -8.406888 -8.476934 -8.339885 -8.216597 -8.260004 -8.050507
47.720000 -8.108853 -inf nan nan -10.422812 -10.681281 -10.365929 -8.517424 -8.588039 -8.445591 -8.289644 -8.338129 -8.123560
47.760000 -8.192201 -inf nan nan -10.599049 -10.877428 -10.536638 -8.626269 -8.699291 -8.551282 -8.356511 -8.408833 -8.190005
47.800000 -8.295437 -inf nan nan -10.770643 -11.063259 -10.697416 -8.749193 -8.821971 -8.666540 -8.446949 -8.505850 -8.279033
47.840000 -8.373564 -inf nan nan -10.971906 -11.274662 -10.900949 -8.857772 -8.939804 -8.775252 -8.509073 -8.570815 -8.340827
47.880000 -8.468896 -inf nan nan -11.150522 -11.462354 -11.077897 -8.977484 -9.063668 -8.889573 -8.592116 -8.658244 -8.427396
47.920000 -8.564163 -inf nan nan -11.390207 -11.714358 -11.310375 -9.100253 -9.193797 -9.008712 -8.674517 -8.744927 -8.508007
47.960000 -8.652941 -inf nan nan -11.587614 -11.917006 -11.507379 -9.218677 -9.320355 -9.121334 -8.751349 -8.822407 -8.585148
48.000000 -8.764657 -inf nan nan -11.871240 -12.211446 -11.780694 -9.354277 -9.459875 -9.249781 -8.852888 -8.925077 -8.686600
48.040000 -8.847590 -inf nan nan -12.179442 -12.524597 -12.084309 -9.472865 -9.582618 -9.366832 -8.924127 -8.994961 -8.758717
48.080000 -8.950190 -inf nan nan -12.707911 -13.054687 -12.614401 -9.604677 -9.715316 -9.491518 -9.017290 -9.091959 -8.852408
48.120000 -9.052984 -inf nan nan nan nan nan -9.740222 -9.853799 -9.620173 -9.110298 -9.191073 -8.943088
48.160000 -9.147974 -inf nan nan nan nan nan -9.869485 -9.984964 -9.737131 -9.196787 -9.283633 -9.028727
48.200000 -9.269732 -inf nan nan -inf nan nan -10.021487 -10.139839 -9.886933 -9.310396 -9.400912 -9.138555
48.240000 -9.358064 -inf nan nan -inf nan nan -10.148349 -10.272602 -10.006554 -9.390925 -9.483135 -9.219622
48.280000 -9.469072 -inf nan nan -inf nan nan -10.296764 -10.433495 -10.158915 -9.494306 -9.588075 -9.322553
48.320000 -9.580622 -inf nan nan -inf nan nan -10.441224 -10.586609 -10.295849 -9.599460 -9.696865 -9.427488
48.360000 -9.682543 -inf nan nan -inf nan nan -10.586686 -10.741841 -10.436688 -9.694630 -9.796739 -9.523408
48.400000 -9.815963 -inf nan nan -inf nan nan -10.748203 -10.908863 -10.587905 -9.822681 -9.933787 -9.650377
48.440000 -9.910220 -inf nan nan -inf nan nan -10.891421 -11.056725 -10.726999 -9.910919 -10.025987 -9.739660
48.480000 -10.030774 -inf nan nan -inf nan nan -11.055144 -11.227067 -10.887931 -10.025737 -10.147870 -9.854650
48.520000 -10.152443 -inf nan nan -inf nan nan -11.211474 -11.387396 -11.036815 -10.142977 -10.272889 -9.971944
48.560000 -10.262180 -inf nan nan -inf nan nan -11.380412 -11.563579 -11.204803 -10.247154 -10.385464 -10.076781
48.600000 -10.409377 -inf nan nan -inf nan nan -11.548320 -11.733240 -11.360959 -10.390931 -10.546897 -10.223922
48.640000 -10.510066 -inf nan nan -inf nan nan -11.715570 -11.905659 -11.527050 -10.486828 -10.645461 -10.325693
48.680000 -10.641377 -inf nan nan -inf nan nan -11.888505 -12.083023 -11.695588 -10.614719 -10.777762 -10.459466
48.720000 -10.774560 -inf nan nan -inf nan nan -12.070576 -12.280648 -11.873635 -10.743719 -10.912802 -10.583531
48.760000 -10.892621 -inf nan nan -inf nan nan -12.252777 -12.486155 -12.053746 -10.858345 -11.031358 -10.693413
48.800000 -11.055276 -inf nan nan -inf nan nan -12.450279 -12.693785 -12.234968 -11.017207 -11.202093 -10.849548
48.840000 -11.162580 -inf nan nan -inf nan nan -12.649271 -12.911436 -12.424922 -11.120909 -11.310298 -10.954407
48.880000 -11.305414 -inf nan nan -inf nan nan -12.849305 -13.117807 -12.610189 -11.261465 -11.459647 -11.096057
48.920000 -11.451277 -inf nan nan -inf nan nan -13.095554 -13.378179 -12.853596 -11.402661 -11.611662 -11.238379
48.960000 -11.578210 -inf nan nan -inf nan nan -13.311787 -13.597132 -13.055434 -11.528004 -11.743150 -11.365034
49.000000 -11.758315 -inf nan nan -inf nan nan -13.615642 -13.911011 -13.348750 -11.703115 -11.933461 -11.539219
49.040000 -11.872645 -inf nan nan -inf nan nan -13.935027 -14.233166 -13.656485 -11.815679 -12.049470 -11.652485
49.080000 -12.028266 -inf nan nan -inf nan nan -14.490768 -14.784037 -14.187324 -11.968296 -12.208164 -11.803136
49.120000 -12.188639 -inf nan nan -inf nan nan nan nan nan -12.125035 -12.371516 -11.960467
49.160000 -12.325275 -inf nan nan -inf nan nan nan nan nan -12.261750 -12.512418 -12.096064
49.200000 -12.525751 -inf nan nan -inf nan nan -inf nan nan -12.458324 -12.727359 -12.288528
49.240000 -12.647848 -inf nan nan -inf nan nan -inf nan nan -12.581353 -12.856642 -12.411047
49.280000 -12.818312 -inf nan nan -inf nan nan -inf nan nan -12.750243 -13.035504 -12.578749
49.320000 -12.996557 -inf nan nan -inf nan nan -inf nan nan -12.926531 -13.231742 -12.751905
49.360000 -13.145481 -inf nan nan -inf nan nan -inf nan nan -13.075340 -13.385774 -12.901370
49.400000 -13.373925 -inf nan nan -inf nan nan -inf nan nan -13.299371 -13.654275 -13.121967
49.440000 -13.507509 -inf nan nan -inf nan nan -inf nan nan -13.434056 -13.796923 -13.255250
49.480000 -13.701427 -inf nan nan -inf nan nan -inf nan nan -13.626730 -14.009410 -13.445140
49.520000 -13.910071 -inf nan nan -inf nan nan -inf nan nan -13.832185 -14.230412 -13.645882
49.560000 -14.079817 -inf nan nan -inf nan nan -inf nan nan -14.001648 -14.428482 -13.811063
49.600000 -14.362349 -inf nan nan -inf nan nan -inf nan nan nan nan nan
