#Quasar bolometric luminosity function in different Eddington ratio bins from TRINITY PaperIII (Fig. 8, Zhang+2024, MNRAS, 529, 2777)
#z: 10.00
#log10(Lbol [erg/s])(0) log10(QLF_total [Mpc^-3 dex^-1])(1) log10(QLF(-3<logEta<-2) [Mpc^-3 dex^-1])(2) log10(QLF(-3<logEta<-2)_16th [Mpc^-3 dex^-1])(3) log10(QLF(-3<logEta<-2)_84th [Mpc^-3 dex^-1])(4)
#log10(QLF(-2<logEta<-1) [Mpc^-3 dex^-1])(5) log10(QLF(-2<logEta<-1)_16th [Mpc^-3 dex^-1])(6) log10(QLF(-2<logEta<-1)_84th [Mpc^-3 dex^-1])(7)
#log10(QLF(-1<logEta<0) [Mpc^-3 dex^-1])(8) log10(QLF(-1<logEta<0)_16th [Mpc^-3 dex^-1])(9) log10(QLF(-1<logEta<0)_84th [Mpc^-3 dex^-1])(10)
#log10(QLF(0<logEta<1) [Mpc^-3 dex^-1])(11) log10(QLF(0<logEta<1)_16th [Mpc^-3 dex^-1])(12) log10(QLF(0<logEta<1)_84th [Mpc^-3 dex^-1])(13)
40.000000 -10.388153 -12.527879 -16.126738 -11.620600 -13.272936 -17.766256 -11.921805 -13.402896 -16.595723 -11.458197 -inf nan nan
40.040000 -10.369312 -12.439856 -15.950428 -11.579338 -13.172038 -17.547034 -11.861725 -13.305148 -14.323056 -11.177089 nan nan nan
40.080000 -10.351254 -12.361785 -15.796750 -11.539395 -13.087079 -17.401704 -11.811511 -13.225262 -14.185193 -11.127151 nan nan nan
40.120000 -10.333249 -12.281768 -15.617104 -11.499583 -12.988935 -17.226468 -11.759428 -13.118106 -13.360189 -11.029605 -14.905924 -14.581872 -12.178976
40.160000 -10.315319 -12.206998 -15.483380 -11.457382 -12.903577 -17.064808 -11.708496 -13.027236 -13.284930 -10.992969 -13.985343 -13.914344 -11.569005
40.200000 -10.298100 -12.132625 -15.302531 -11.415061 -12.820136 -16.939052 -11.663832 -12.973773 -13.755928 -11.029652 -13.592225 -13.613323 -11.262956
40.240000 -10.278455 -12.058156 -15.161193 -11.374593 -12.730322 -16.753172 -11.611731 -12.820705 -13.149664 -10.920632 -12.612827 -12.873206 -11.070642
40.280000 -10.259662 -11.986366 -14.997567 -11.316242 -12.654524 -16.617393 -11.562775 -12.797541 -13.557943 -10.885292 -12.298568 -12.684705 -10.913544
40.320000 -10.240715 -11.917741 -14.851866 -11.255082 -12.569637 -16.465008 -11.503130 -12.676461 -13.188575 -10.849468 -12.112467 -12.543786 -10.780763
40.360000 -10.221670 -11.848778 -14.700720 -11.193457 -12.496984 -16.316340 -11.443523 -12.611926 -13.163722 -10.865515 -11.950220 -12.360282 -10.650785
40.400000 -10.203424 -11.784920 -14.560142 -11.134761 -12.422340 -16.200514 -11.393077 -12.566305 -13.304155 -10.886794 -11.830959 -12.249932 -10.550984
40.440000 -10.183813 -11.718975 -14.420017 -11.081076 -12.344819 -16.044671 -11.335265 -12.458848 -13.046958 -10.896127 -11.710252 -12.072367 -10.415504
40.480000 -10.165050 -11.655960 -14.275143 -11.035704 -12.272987 -15.920853 -11.285548 -12.414281 -13.186603 -10.896570 -11.607908 -11.973312 -10.320098
40.520000 -10.145579 -11.597732 -14.154606 -10.993382 -12.198610 -15.793722 -11.237055 -12.329164 -13.071209 -10.862499 -11.510242 -11.859703 -10.213414
40.560000 -10.125524 -11.536990 -14.006183 -10.954881 -12.127617 -15.664166 -11.188753 -12.273119 -13.030832 -10.824754 -11.409464 -11.744164 -10.106088
40.600000 -10.106355 -11.482535 -13.890624 -10.918547 -12.061546 -15.563129 -11.147969 -12.212429 -13.023589 -10.786680 -11.329372 -11.652784 -10.019376
40.640000 -10.083635 -11.425036 -13.779383 -10.893545 -11.989369 -15.422241 -11.100698 -12.142217 -12.990866 -10.745280 -11.217720 -11.502718 -9.883966
40.680000 -10.062045 -11.371835 -13.692143 -10.869921 -11.923902 -15.312743 -11.060551 -12.081517 -12.967094 -10.717198 -11.128800 -11.390531 -9.781617
40.720000 -10.037844 -11.318590 -13.601216 -10.831730 -11.858840 -15.190601 -11.019514 -12.017442 -12.922562 -10.704463 -11.025153 -11.243007 -9.580245
40.760000 -10.011500 -11.266417 -13.510417 -10.787148 -11.793924 -15.067174 -10.978868 -11.961131 -12.853219 -10.662936 -10.917346 -11.091420 -9.362155
40.800000 -9.986664 -11.216844 -13.419811 -10.744052 -11.736215 -14.970781 -10.945730 -11.912261 -12.933013 -10.678868 -10.830904 -10.980648 -9.217371
40.840000 -9.949682 -11.164883 -13.300524 -10.700415 -11.671213 -14.811080 -10.907495 -11.850818 -12.793664 -10.614752 -10.687380 -10.802183 -9.029371
40.880000 -9.915604 -11.116957 -13.230920 -10.658943 -11.613971 -14.678840 -10.874079 -11.800604 -12.831032 -10.597962 -10.579381 -10.670769 -8.910570
40.920000 -9.869217 -11.067348 -13.102561 -10.618396 -11.555354 -14.523652 -10.841317 -11.748312 -12.861035 -10.579073 -10.437757 -10.479636 -8.640787
40.960000 -9.814305 -11.020587 -12.989074 -10.582356 -11.498367 -14.378036 -10.799591 -11.695076 -12.770897 -10.548656 -10.292354 -10.312149 -8.358961
41.000000 -9.765563 -10.974309 -12.897842 -10.546595 -11.445947 -14.261396 -10.770564 -11.652522 -12.808937 -10.524601 -10.183383 -10.179332 -8.189568
41.040000 -9.659601 -10.929142 -12.793249 -10.511183 -11.388618 -14.102476 -10.736584 -11.594234 -12.698626 -10.498786 -9.963074 -9.890165 -7.878739
41.080000 -9.574488 -10.885162 -12.703442 -10.476464 -11.337696 -13.981761 -10.706423 -11.547151 -12.718423 -10.475976 -9.817469 -9.711533 -7.759741
41.120000 -9.428266 -10.842211 -12.612262 -10.433062 -11.285964 -13.856367 -10.675079 -11.496283 -12.688094 -10.454870 -9.662174 -9.512693 -7.682867
41.160000 -9.268506 -10.800289 -12.524575 -10.380297 -11.236888 -13.749506 -10.643604 -11.446078 -12.646296 -10.434152 -9.643026 -9.472016 -7.737659
41.200000 -9.151968 -10.759288 -12.451094 -10.341530 -11.191217 -13.654598 -10.615081 -11.401079 -12.606989 -10.415487 -9.780554 -9.583241 -7.703542
41.240000 -8.874921 -10.719474 -12.386396 -10.307219 -11.140701 -13.543363 -10.581910 -11.350608 -12.555286 -10.391321 -9.661973 -9.460109 -7.714920
41.280000 -8.707127 -10.679428 -12.318551 -10.276777 -11.095626 -13.447841 -10.552177 -11.305121 -12.516423 -10.368588 -9.795496 -9.580795 -7.699652
41.320000 -8.643449 -10.641237 -12.255344 -10.254610 -11.049256 -13.351783 -10.521041 -11.258980 -12.458606 -10.345719 -9.714627 -9.469753 -7.723153
41.360000 -8.645192 -10.602804 -12.190841 -10.240170 -11.003716 -13.255435 -10.478710 -11.213105 -12.441338 -10.322705 -9.750601 -9.500564 -7.723479
41.400000 -8.646942 -10.566075 -12.129699 -10.212417 -10.962109 -13.173166 -10.442674 -11.169844 -12.398389 -10.301073 -9.816233 -9.559290 -7.720902
41.440000 -8.647260 -10.529206 -12.068142 -10.168253 -10.914051 -13.076845 -10.411148 -11.124183 -12.336165 -10.277660 -9.736704 -9.493952 -7.790897
41.480000 -8.647579 -10.493507 -12.008483 -10.141821 -10.870841 -12.993273 -10.387951 -11.080729 -12.274138 -10.250768 -9.816502 -9.524119 -7.785746
41.520000 -8.659332 -10.458263 -11.944344 -10.120393 -10.827352 -12.909143 -10.352011 -11.037865 -12.218155 -10.220058 -9.764110 -9.476793 -7.828172
41.560000 -8.683493 -10.423333 -11.878858 -10.105674 -10.783411 -12.812241 -10.319374 -10.994224 -12.205265 -10.189263 -9.827620 -9.511635 -7.835928
41.600000 -8.709077 -10.389871 -11.819687 -10.100829 -10.744054 -12.738335 -10.290989 -10.953377 -12.176845 -10.160619 -9.852450 -9.555216 -7.848766
41.640000 -8.734441 -10.355344 -11.755513 -10.097564 -10.699888 -12.661031 -10.256801 -10.910004 -12.139027 -10.128999 -9.850608 -9.561962 -7.883087
41.680000 -8.761377 -10.322497 -11.684101 -10.095954 -10.660376 -12.593417 -10.226988 -10.869130 -12.101654 -10.099770 -9.832898 -9.526870 -7.887413
41.720000 -8.785489 -10.289448 -11.603723 -10.095170 -10.619776 -12.513655 -10.196095 -10.827873 -12.061360 -10.066765 -9.830106 -9.514812 -7.913990
41.760000 -8.806186 -10.257233 -11.559282 -10.095289 -10.579433 -12.407323 -10.164746 -10.786082 -12.018219 -10.047214 -9.817831 -9.478103 -7.932030
41.800000 -8.827919 -10.225652 -11.516111 -10.097298 -10.542447 -12.313446 -10.132181 -10.746978 -11.969400 -10.011894 -9.868603 -9.536100 -7.930507
41.840000 -8.841041 -10.194228 -11.472978 -10.094608 -10.500083 -12.223767 -10.067340 -10.704193 -11.917940 -9.968784 -9.804856 -9.448766 -7.962344
41.880000 -8.854573 -10.163600 -11.431437 -10.068930 -10.462086 -12.137129 -10.008694 -10.664271 -11.864875 -9.931834 -9.805333 -9.440862 -7.965478
41.920000 -8.863356 -10.133656 -11.390338 -10.049952 -10.422113 -12.042752 -9.951037 -10.623368 -11.808161 -9.894207 -9.803931 -9.451885 -7.965688
41.960000 -8.867093 -10.104246 -11.347718 -10.031545 -10.382506 -11.997809 -9.892835 -10.582501 -11.750484 -9.856541 -9.748464 -9.415133 -7.992698
42.000000 -8.870863 -10.075723 -11.285697 -9.995049 -10.345880 -11.962558 -9.839564 -10.543338 -11.696411 -9.820746 -9.833566 -9.554614 -7.945533
42.040000 -8.866184 -10.047378 -11.243743 -9.945760 -10.305081 -11.921521 -9.783554 -10.501792 -11.644260 -9.782304 -9.709723 -9.438748 -8.017576
42.080000 -8.861555 -10.020114 -11.219489 -9.907257 -10.267870 -11.875242 -9.746846 -10.462175 -11.657508 -9.745900 -9.734239 -9.516766 -7.996728
42.120000 -8.859655 -9.993576 -11.193678 -9.897261 -10.229865 -11.760063 -9.719318 -10.422184 -11.652952 -9.715590 -9.690126 -9.499020 -8.027226
42.160000 -8.860449 -9.967588 -11.159210 -9.888734 -10.191507 -11.651560 -9.692167 -10.382316 -11.653552 -9.701433 -9.657378 -9.483504 -8.051433
42.200000 -8.861244 -9.943122 -11.124886 -9.881968 -10.156571 -11.565004 -9.656221 -10.343713 -11.622689 -9.684985 -9.681453 -9.508587 -8.024363
42.240000 -8.859242 -9.918422 -11.089234 -9.874985 -10.117073 -11.513826 -9.610695 -10.303156 -11.583241 -9.665093 -9.599110 -9.445251 -8.059948
42.280000 -8.857249 -9.895763 -11.064161 -9.853796 -10.080742 -11.468418 -9.566962 -10.264093 -11.547357 -9.641046 -9.599220 -9.449998 -8.030445
42.320000 -8.854222 -9.873178 -11.027996 -9.855832 -10.044105 -11.410169 -9.522248 -10.224949 -11.504903 -9.596934 -9.552071 -9.420698 -8.044255
42.360000 -8.850185 -9.852274 -10.990280 -9.844673 -10.006758 -11.349440 -9.476942 -10.185334 -11.479872 -9.552295 -9.522539 -9.421928 -8.046680
42.400000 -8.846184 -9.832172 -10.959629 -9.842922 -9.973234 -11.296089 -9.441881 -10.147658 -11.445040 -9.510516 -9.507116 -9.432269 -8.041005
42.440000 -8.840116 -9.812931 -10.929098 -9.842405 -9.935175 -11.227038 -9.402719 -10.107433 -11.407973 -9.477801 -9.448011 -9.384087 -8.067859
42.480000 -8.834131 -9.795015 -10.899219 -9.843431 -9.901042 -11.165543 -9.369754 -10.069107 -11.374195 -9.450138 -9.414334 -9.342868 -8.047068
42.520000 -8.824576 -9.777990 -10.869390 -9.847104 -9.866447 -11.102782 -9.336089 -10.030567 -11.339446 -9.422089 -9.391684 -9.337710 -8.065640
42.560000 -8.811684 -9.762432 -10.842708 -9.852871 -9.832095 -11.034784 -9.313517 -9.991235 -11.304262 -9.393613 -9.336088 -9.321114 -8.054527
42.600000 -8.799163 -9.747697 -10.834776 -9.849009 -9.801188 -10.971832 -9.314237 -9.954104 -11.272212 -9.367656 -9.340045 -9.368537 -8.044860
42.640000 -8.775703 -9.734657 -10.824369 -9.859133 -9.765472 -10.898157 -9.309668 -9.914081 -11.230383 -9.338090 -9.276785 -9.347585 -8.037352
42.680000 -8.753446 -9.722060 -10.800913 -9.842104 -9.733725 -10.835230 -9.310430 -9.876204 -11.180174 -9.311151 -9.250681 -9.344849 -8.024729
42.720000 -8.729488 -9.711897 -10.779415 -9.839207 -9.700687 -10.792157 -9.310712 -9.837674 -11.129685 -9.283700 -9.239111 -9.430196 -8.019877
42.760000 -8.704155 -9.701954 -10.757685 -9.832578 -9.667511 -10.750857 -9.301796 -9.799065 -11.078129 -9.252518 -9.172392 -9.357043 -8.005532
42.800000 -8.680218 -9.694332 -10.731604 -9.830169 -9.637521 -10.715531 -9.286147 -9.762090 -11.036782 -9.224851 -9.198640 -9.373363 -8.014509
42.840000 -8.652763 -9.687147 -10.708354 -9.827941 -9.603714 -10.672982 -9.268489 -9.722734 -10.981277 -9.191122 -9.110375 -9.303905 -7.977414
42.880000 -8.626940 -9.681626 -10.693340 -9.824061 -9.573395 -10.637012 -9.260059 -9.685380 -10.964477 -9.164324 -9.101251 -9.278622 -8.018071
42.920000 -8.606156 -9.677782 -10.689473 -9.812351 -9.542936 -10.596013 -9.249245 -9.647319 -10.986169 -9.130594 -9.078127 -9.253490 -8.030145
42.960000 -8.589778 -9.674496 -10.715240 -9.833513 -9.512547 -10.554962 -9.237650 -9.609355 -10.962922 -9.087827 -9.035533 -9.215278 -8.010998
43.000000 -8.573996 -9.673990 -10.735598 -9.838069 -9.485456 -10.511375 -9.227537 -9.572959 -10.925467 -9.049123 -9.043912 -9.299068 -8.000615
43.040000 -8.561875 -9.673231 -10.731153 -9.840247 -9.453898 -10.456821 -9.217271 -9.534419 -10.842136 -9.007911 -8.988534 -9.224517 -8.006738
43.080000 -8.550083 -9.675360 -10.717606 -9.846217 -9.426024 -10.403581 -9.204308 -9.497642 -10.760670 -8.968939 -8.974633 -9.215444 -7.972126
43.120000 -8.537595 -9.678080 -10.704254 -9.850016 -9.397474 -10.352065 -9.190593 -9.460701 -10.677553 -8.929699 -8.944253 -9.197966 -7.963441
43.160000 -8.524476 -9.682564 -10.692457 -9.840934 -9.368610 -10.317825 -9.177209 -9.423495 -10.599880 -8.892260 -8.914731 -9.156070 -7.936010
43.200000 -8.511742 -9.688696 -10.682113 -9.838565 -9.343483 -10.281096 -9.171245 -9.388314 -10.557298 -8.858615 -8.892921 -9.140876 -7.943926
43.240000 -8.497266 -9.695707 -10.672084 -9.833466 -9.314226 -10.257120 -9.170030 -9.350843 -10.507140 -8.822588 -8.866235 -9.155930 -7.964311
43.280000 -8.483257 -9.704585 -10.664134 -9.830572 -9.289154 -10.243358 -9.148207 -9.315257 -10.462701 -8.789105 -8.835032 -9.124689 -7.972282
43.320000 -8.468139 -9.714904 -10.688533 -9.826644 -9.263551 -10.217911 -9.138064 -9.279537 -10.416285 -8.756952 -8.817876 -9.102285 -7.948976
43.360000 -8.452040 -9.726351 -10.711398 -9.825221 -9.238581 -10.184648 -9.132398 -9.243686 -10.363499 -8.719931 -8.782030 -9.065677 -7.919895
43.400000 -8.436516 -9.739771 -10.735919 -9.824530 -9.216923 -10.153355 -9.116069 -9.209813 -10.309078 -8.685634 -8.763252 -9.051680 -7.890449
43.440000 -8.417861 -9.754029 -10.754926 -9.825972 -9.192176 -10.113730 -9.119194 -9.173689 -10.245870 -8.649312 -8.736351 -9.044074 -7.870214
43.480000 -8.399974 -9.770125 -10.781731 -9.828545 -9.171160 -10.079868 -9.117713 -9.139712 -10.187595 -8.615875 -8.709639 -9.028473 -7.848713
43.520000 -8.379611 -9.787641 -10.808871 -9.835970 -9.150206 -10.045278 -9.117330 -9.105347 -10.133456 -8.585706 -8.694790 -9.022458 -7.842495
43.560000 -8.357136 -9.806144 -10.824084 -9.852864 -9.129872 -10.012936 -9.105797 -9.071351 -10.073248 -8.557577 -8.662827 -9.019703 -7.840620
43.600000 -8.335767 -9.827185 -10.851801 -9.878764 -9.112888 -9.987650 -9.095275 -9.038902 -10.039974 -8.540377 -8.649493 -8.990477 -7.822407
43.640000 -8.312828 -9.847778 -10.879394 -9.886517 -9.093431 -9.974056 -9.081919 -9.004806 -9.997307 -8.527516 -8.617762 -8.977681 -7.823894
43.680000 -8.291040 -9.872049 -10.896004 -9.882857 -9.077361 -9.965383 -9.072879 -8.972407 -9.969733 -8.515152 -8.594867 -8.955917 -7.830910
43.720000 -8.268434 -9.894933 -10.921602 -9.887243 -9.062582 -9.956411 -9.064829 -8.940139 -9.941860 -8.504435 -8.572012 -8.937736 -7.838449
43.760000 -8.245186 -9.921077 -10.957358 -9.905525 -9.048547 -9.931615 -9.058032 -8.908002 -9.900084 -8.494290 -8.537531 -8.920504 -7.848518
43.800000 -8.223118 -9.947480 -10.991237 -9.918156 -9.038320 -9.902675 -9.055326 -8.877396 -9.844306 -8.485275 -8.522452 -8.882003 -7.851657
43.840000 -8.203754 -9.975345 -11.015680 -9.944262 -9.025981 -9.871817 -9.050789 -8.845767 -9.784145 -8.477853 -8.487822 -8.872601 -7.841727
43.880000 -8.185217 -10.004711 -11.034731 -9.980977 -9.017497 -9.837208 -9.050218 -8.815293 -9.727865 -8.470024 -8.464664 -8.828534 -7.823910
43.920000 -8.168003 -10.034404 -11.052323 -10.015881 -9.009306 -9.845632 -9.050054 -8.785765 -9.670279 -8.464915 -8.441386 -8.814193 -7.813795
43.960000 -8.151989 -10.066906 -11.065559 -10.034378 -9.002008 -9.864462 -9.054368 -8.755865 -9.624077 -8.460301 -8.420041 -8.789085 -7.819914
44.000000 -8.136545 -10.098020 -11.088427 -10.053876 -8.997946 -9.884182 -9.056704 -8.728082 -9.595597 -8.456196 -8.399367 -8.803025 -7.824044
44.040000 -8.123906 -10.133779 -11.112990 -10.079132 -8.991863 -9.906950 -9.060664 -8.699184 -9.564194 -8.434709 -8.386838 -8.772862 -7.835512
44.080000 -8.111625 -10.165406 -11.150251 -10.104789 -8.989340 -9.913628 -9.067571 -8.671995 -9.535302 -8.420643 -8.375378 -8.788667 -7.841989
44.120000 -8.099521 -10.202153 -11.188480 -10.137103 -8.987901 -9.912747 -9.089844 -8.645262 -9.493619 -8.408541 -8.360875 -8.761827 -7.852979
44.160000 -8.087589 -10.236756 -11.221276 -10.168355 -8.987653 -9.911379 -9.086215 -8.618937 -9.475498 -8.396957 -8.349167 -8.774876 -7.863645
44.200000 -8.075976 -10.274284 -11.260545 -10.202458 -8.990663 -9.912175 -9.085414 -8.594135 -9.447916 -8.372940 -8.336079 -8.759332 -7.873921
44.240000 -8.064823 -10.311761 -11.307138 -10.216141 -8.992992 -9.912796 -9.082824 -8.568963 -9.417546 -8.337098 -8.327622 -8.746017 -7.883820
44.280000 -8.053950 -10.349186 -11.352802 -10.234653 -8.997838 -9.915711 -9.083839 -8.545911 -9.389967 -8.315203 -8.321504 -8.743635 -7.873465
44.320000 -8.043414 -10.390102 -11.403863 -10.274458 -9.005474 -9.913747 -9.086876 -8.522537 -9.359433 -8.294175 -8.308168 -8.699417 -7.860595
44.360000 -8.033198 -10.427114 -11.447644 -10.314926 -9.011956 -9.911101 -9.081288 -8.501487 -9.316465 -8.261592 -8.303972 -8.680301 -7.857264
44.400000 -8.023217 -10.471463 -11.502448 -10.367949 -9.023772 -9.914073 -9.069867 -8.479829 -9.281124 -8.245357 -8.290670 -8.669604 -7.876088
44.440000 -8.014407 -10.507862 -11.543118 -10.409966 -9.032972 -9.924466 -9.059278 -8.460851 -9.239356 -8.251039 -8.287204 -8.667063 -7.897397
44.480000 -8.005773 -10.551322 -11.594301 -10.459205 -9.046539 -9.939102 -9.045652 -8.441747 -9.203621 -8.239697 -8.282406 -8.642199 -7.920386
44.520000 -7.998031 -10.591268 -11.638809 -10.498914 -9.060917 -9.948920 -9.047147 -8.423881 -9.186283 -8.226941 -8.273860 -8.646375 -7.925979
44.560000 -7.991138 -10.633856 -11.691215 -10.541818 -9.075974 -9.948643 -9.058589 -8.408082 -9.184330 -8.238557 -8.272062 -8.655783 -7.914405
44.600000 -7.984353 -10.677221 -11.743493 -10.580255 -9.095945 -9.945090 -9.077923 -8.390365 -9.169904 -8.252481 -8.265703 -8.648009 -7.901485
44.640000 -7.977976 -10.718867 -11.792478 -10.613914 -9.112339 -9.969230 -9.090104 -8.378814 -9.142760 -8.237843 -8.260696 -8.637545 -7.934741
44.680000 -7.971692 -10.765154 -11.844982 -10.648517 -9.136441 -9.975740 -9.101830 -8.364011 -9.117906 -8.245569 -8.255996 -8.619698 -7.948267
44.720000 -7.966978 -10.806402 -11.885784 -10.680232 -9.155629 -10.003884 -9.110489 -8.353716 -9.092554 -8.252489 -8.251991 -8.606577 -7.919028
44.760000 -7.963784 -10.855668 -11.936425 -10.721805 -9.180710 -10.024090 -9.119170 -8.343020 -9.068654 -8.254559 -8.251198 -8.596058 -7.887915
44.800000 -7.960613 -10.896559 -11.976847 -10.755267 -9.205472 -10.040487 -9.132283 -8.332412 -9.049501 -8.247307 -8.249364 -8.596736 -7.860160
44.840000 -7.960747 -10.944551 -12.025437 -10.794706 -9.230890 -10.059350 -9.136587 -8.326739 -9.035025 -8.236301 -8.252035 -8.615079 -7.866540
44.880000 -7.960882 -10.988939 -12.069767 -10.831707 -9.259005 -10.092657 -9.162388 -8.318588 -9.042089 -8.217433 -8.255467 -8.628180 -7.862941
44.920000 -7.962532 -11.036429 -12.117607 -10.871798 -9.286524 -10.106552 -9.179972 -8.314910 -9.057756 -8.201035 -8.258989 -8.632052 -7.855174
44.960000 -7.965716 -11.084272 -12.165693 -10.912337 -9.318203 -10.128678 -9.200703 -8.309725 -9.063313 -8.187390 -8.266796 -8.634953 -7.849423
45.000000 -7.968923 -11.131334 -12.212889 -10.952889 -9.347383 -10.160256 -9.222213 -8.307151 -9.062780 -8.190410 -8.272269 -8.635528 -7.823250
45.040000 -7.974451 -11.182754 -12.263646 -11.017302 -9.383036 -10.199736 -9.247446 -8.307362 -9.063872 -8.197751 -8.280351 -8.637151 -7.830559
45.080000 -7.980050 -11.228900 -12.308107 -11.088846 -9.411685 -10.227339 -9.265049 -8.308157 -9.073200 -8.199508 -8.290021 -8.651108 -7.838867
45.120000 -7.987489 -11.284590 -12.363522 -11.182216 -9.448595 -10.269802 -9.283800 -8.309875 -9.104307 -8.211821 -8.298801 -8.666842 -7.843892
45.160000 -7.996863 -11.329856 -12.415070 -11.245434 -9.480954 -10.300719 -9.296420 -8.314272 -9.134451 -8.223875 -8.312532 -8.684518 -7.849700
45.200000 -8.006444 -11.384831 -12.500023 -11.299972 -9.518816 -10.341277 -9.319526 -8.316471 -9.160547 -8.237693 -8.326175 -8.709621 -7.875359
45.240000 -8.018969 -11.434359 -12.574188 -11.349063 -9.554741 -10.376819 -9.346033 -8.325210 -9.163083 -8.256172 -8.341093 -8.732365 -7.877207
45.280000 -8.031866 -11.488232 -12.638230 -11.403016 -9.591092 -10.413238 -9.375980 -8.333492 -9.141302 -8.251861 -8.358941 -8.734084 -7.890375
45.320000 -8.046372 -11.542565 -12.693037 -11.454353 -9.632524 -10.456260 -9.412418 -8.340523 -9.120135 -8.233838 -8.378299 -8.737433 -7.882815
45.360000 -8.062639 -11.595328 -12.745589 -11.504957 -9.666909 -10.496273 -9.443278 -8.355683 -9.101474 -8.217907 -8.396111 -8.747468 -7.899079
45.400000 -8.079539 -11.654625 -12.806097 -11.561642 -9.713770 -10.549428 -9.487765 -8.362326 -9.093907 -8.238200 -8.421529 -8.776309 -7.915840
45.440000 -8.099826 -11.706240 -12.856701 -11.620790 -9.746080 -10.587047 -9.517486 -8.382300 -9.119311 -8.255919 -8.442161 -8.799224 -7.920863
45.480000 -8.121107 -11.770098 -12.921936 -11.703510 -9.790493 -10.635484 -9.561067 -8.395696 -9.142591 -8.268475 -8.471529 -8.818644 -7.900810
45.520000 -8.143360 -11.821098 -12.971705 -11.757301 -9.828527 -10.674091 -9.598222 -8.412923 -9.161150 -8.270303 -8.498560 -8.829395 -7.916494
45.560000 -8.166685 -11.883343 -13.034382 -11.823665 -9.870431 -10.719851 -9.640075 -8.433739 -9.183664 -8.276757 -8.524328 -8.846426 -7.942389
45.600000 -8.191333 -11.940037 -13.093725 -11.883538 -9.914186 -10.768297 -9.679377 -8.447248 -9.182553 -8.281002 -8.561800 -8.873497 -7.971656
45.640000 -8.217122 -12.000763 -13.155200 -11.947841 -9.953430 -10.809272 -9.704754 -8.475616 -9.192378 -8.293960 -8.583969 -8.895748 -8.000755
45.680000 -8.244539 -12.062642 -13.217114 -12.013494 -10.000809 -10.863445 -9.761770 -8.493092 -9.196988 -8.295911 -8.623514 -8.928122 -8.039145
45.720000 -8.272667 -12.122417 -13.276153 -12.076406 -10.039536 -10.907544 -9.802855 -8.520581 -9.212626 -8.302523 -8.652015 -8.966748 -8.062092
45.760000 -8.301528 -12.189632 -13.343675 -12.147893 -10.090418 -10.967689 -9.857885 -8.545581 -9.242833 -8.307415 -8.685302 -9.004499 -8.094648
45.800000 -8.332444 -12.248492 -13.401695 -12.209459 -10.128818 -11.006376 -9.897774 -8.568502 -9.270802 -8.325275 -8.727018 -9.053237 -8.099713
45.840000 -8.361986 -12.321216 -13.490965 -12.286842 -10.176498 -11.054100 -9.946815 -8.601096 -9.301437 -8.344947 -8.751580 -9.085384 -8.131625
45.880000 -8.393686 -12.378661 -13.552035 -12.346458 -10.219264 -11.096836 -9.989338 -8.627413 -9.331236 -8.366418 -8.790686 -9.129295 -8.167888
45.920000 -8.426166 -12.449905 -13.626694 -12.421689 -10.266149 -11.143365 -10.030468 -8.658926 -9.364328 -8.381310 -8.823842 -9.169120 -8.205017
45.960000 -8.459419 -12.513712 -13.687988 -12.488402 -10.313267 -11.190592 -10.066171 -8.689706 -9.397419 -8.390880 -8.860227 -9.212409 -8.239888
46.000000 -8.495430 -12.583631 -13.774130 -12.561874 -10.359650 -11.242254 -10.102492 -8.718633 -9.428449 -8.405608 -8.906500 -9.262412 -8.285557
46.040000 -8.530419 -12.653932 -13.882278 -12.630155 -10.411020 -11.298054 -10.141813 -8.754106 -9.462874 -8.414418 -8.940181 -9.295920 -8.321388
46.080000 -8.568476 -12.722072 -13.992545 -12.690518 -10.454967 -11.341629 -10.205824 -8.788754 -9.487311 -8.426404 -8.983506 -9.352998 -8.357701
46.120000 -8.607005 -12.799766 -14.126532 -12.758961 -10.512736 -11.399900 -10.289891 -8.822203 -9.522173 -8.445678 -9.029227 -9.406301 -8.396017
46.160000 -8.645804 -12.866536 -14.207808 -12.818506 -10.554332 -11.439505 -10.330895 -8.861018 -9.551602 -8.474014 -9.068060 -9.453718 -8.436234
46.200000 -8.688412 -12.952117 -14.305922 -12.893896 -10.611073 -11.496507 -10.389049 -8.891641 -9.586023 -8.499443 -9.130049 -9.514802 -8.484645
46.240000 -8.727059 -13.017313 -14.380384 -12.952071 -10.657812 -11.541248 -10.435273 -8.934266 -9.620448 -8.537096 -9.161688 -9.554566 -8.524808
46.280000 -8.769484 -13.100648 -14.493789 -13.025592 -10.711546 -11.599495 -10.489437 -8.971265 -9.654840 -8.570135 -9.213110 -9.609032 -8.566872
46.320000 -8.812045 -13.174704 -14.575665 -13.091251 -10.765437 -11.660363 -10.543544 -9.007910 -9.692448 -8.603932 -9.265715 -9.661313 -8.611797
46.360000 -8.854316 -13.255954 -14.660420 -13.163027 -10.816216 -11.714658 -10.593865 -9.051334 -9.724213 -8.645224 -9.305702 -9.707117 -8.652182
46.400000 -8.901149 -13.339341 -14.746942 -13.236535 -10.877279 -11.788771 -10.655978 -9.081768 -9.776589 -8.677448 -9.383100 -9.771278 -8.714148
46.440000 -8.941624 -13.418701 -14.822682 -13.306757 -10.925250 -11.843237 -10.702435 -9.131278 -9.807089 -8.727883 -9.405832 -9.805690 -8.749560
46.480000 -8.986264 -13.511495 -14.907765 -13.388021 -10.991657 -11.926620 -10.769647 -9.168434 -9.859882 -8.768362 -9.464241 -9.852341 -8.805724
46.520000 -9.030467 -13.589794 -14.980186 -13.460238 -11.038836 -11.976471 -10.817075 -9.210799 -9.902420 -8.813772 -9.511998 -9.893058 -8.840295
46.560000 -9.073545 -13.692847 -15.090014 -13.554196 -11.101647 -12.047552 -10.884265 -9.254610 -9.948409 -8.857223 -9.553047 -9.930219 -8.873323
46.600000 -9.121372 -13.770581 -15.168686 -13.626132 -11.157170 -12.109260 -10.943311 -9.289778 -10.001990 -8.898587 -9.626943 -9.973827 -8.958741
46.640000 -9.162324 -13.871964 -15.274354 -13.718804 -11.216432 -12.174058 -11.002894 -9.339989 -10.048886 -8.953443 -9.647929 -10.013908 -9.004546
46.680000 -9.207545 -13.962739 -15.367277 -13.802443 -11.278295 -12.243584 -11.071161 -9.378714 -10.097278 -8.996375 -9.706192 -10.067956 -9.068746
46.720000 -9.252128 -14.064308 -15.471384 -13.904357 -11.336112 -12.306262 -11.135597 -9.424720 -10.136195 -9.045726 -9.747414 -10.117660 -9.121531
46.760000 -9.295296 -14.170767 -15.585587 -13.995952 -11.404205 -12.383216 -11.208431 -9.467904 -10.186954 -9.093787 -9.789921 -10.156395 -9.170653
46.800000 -9.343232 -14.274963 -15.713895 -14.089545 -11.460873 -12.444445 -11.267786 -9.508814 -10.224517 -9.139112 -9.852763 -10.206803 -9.228183
46.840000 -9.384816 -14.402575 -15.851678 -14.219701 -11.535154 -12.528266 -11.347318 -9.559020 -10.288491 -9.195042 -9.875153 -10.239306 -9.268304
46.880000 -9.430807 -14.514015 -15.966122 -14.313163 -11.588880 -12.584593 -11.402647 -9.602707 -10.338326 -9.246876 -9.925787 -10.283415 -9.320150
46.920000 -9.476407 -14.676523 -16.136252 -14.444701 -11.660885 -12.675991 -11.479249 -9.649540 -10.388421 -9.301663 -9.968240 -10.320285 -9.370451
46.960000 -9.520881 -14.808530 -16.265979 -14.571149 -11.722336 -12.756733 -11.542495 -9.696971 -10.434433 -9.354184 -10.006287 -10.359304 -9.417864
47.000000 -9.570435 -15.016168 -16.475859 -14.764576 -11.792448 -12.844283 -11.604116 -9.739613 -10.478589 -9.408260 -10.069876 -10.405198 -9.480142
47.040000 -9.613629 -15.257040 -16.714796 -14.999181 -11.861590 -12.921248 -11.664318 -9.791886 -10.529264 -9.470332 -10.093803 -10.435415 -9.526221
47.080000 -9.661598 -15.720638 -17.173261 -15.463972 -11.928075 -12.994716 -11.722911 -9.839801 -10.573662 -9.517950 -10.141573 -10.480474 -9.600578
47.120000 -9.709191 nan nan nan -12.007024 -13.082674 -11.791674 -9.887182 -10.624612 -9.566728 -10.189095 -10.521510 -9.651971
47.160000 -9.755590 nan nan nan -12.070077 -13.149585 -11.847380 -9.940678 -10.672775 -9.636581 -10.221371 -10.563240 -9.701035
47.200000 -9.807546 -inf nan nan -12.159067 -13.296723 -11.924862 -9.984080 -10.723166 -9.685015 -10.289610 -10.629311 -9.772343
47.240000 -9.852844 -inf nan nan -12.218702 -13.384820 -11.977737 -10.042319 -10.778251 -9.748511 -10.309697 -10.669676 -9.808076
47.280000 -9.903423 -inf nan nan -12.302832 -13.520580 -12.054387 -10.092551 -10.836264 -9.791738 -10.360522 -10.726018 -9.868401
47.320000 -9.953675 -inf nan nan -12.374237 -13.604529 -12.120043 -10.144701 -10.895835 -9.841081 -10.407045 -10.780032 -9.925939
47.360000 -10.002665 -inf nan nan -12.453909 -13.690106 -12.202289 -10.201907 -10.959544 -9.915202 -10.441085 -10.827841 -9.978698
47.400000 -10.057892 -inf nan nan -12.537263 -13.778984 -12.271994 -10.247986 -11.019709 -9.978541 -10.512375 -10.891732 -10.055930
47.440000 -10.105575 -inf nan nan -12.612802 -13.858268 -12.335656 -10.311639 -11.100615 -10.047720 -10.531913 -10.929402 -10.097209
47.480000 -10.159145 -inf nan nan -12.706559 -13.950676 -12.443657 -10.363590 -11.161629 -10.099688 -10.587865 -10.976670 -10.163782
47.520000 -10.212274 -inf nan nan -12.780491 -14.024300 -12.528529 -10.421977 -11.225533 -10.158133 -10.632170 -11.023344 -10.219613
47.560000 -10.263811 -inf nan nan -12.885758 -14.127043 -12.636427 -10.481662 -11.298334 -10.216920 -10.670455 -11.068692 -10.271452
47.600000 -10.322298 -inf nan nan -12.959104 -14.199667 -12.701421 -10.533229 -11.358784 -10.266670 -10.739759 -11.141318 -10.366381
47.640000 -10.372337 -inf nan nan -13.059581 -14.297883 -12.790416 -10.600208 -11.434947 -10.332489 -10.763588 -11.181228 -10.414841
47.680000 -10.428901 -inf nan nan -13.147510 -14.391671 -12.868539 -10.656246 -11.502235 -10.387108 -10.820766 -11.237227 -10.475958
47.720000 -10.485149 -inf nan nan -13.246766 -14.527643 -12.957112 -10.719179 -11.573665 -10.446950 -10.867243 -11.315180 -10.525541
47.760000 -10.539785 -inf nan nan -13.351368 -14.674113 -13.050343 -10.781544 -11.648921 -10.505816 -10.911046 -11.379273 -10.588593
47.800000 -10.602297 -inf nan nan -13.452100 -14.793690 -13.141350 -10.838909 -11.709666 -10.558450 -10.980457 -11.455393 -10.724702
47.840000 -10.655401 -inf nan nan -13.578415 -14.923527 -13.254761 -10.909117 -11.781020 -10.624794 -11.010712 -11.495628 -10.767289
47.880000 -10.715915 -inf nan nan -13.683557 -15.025593 -13.350462 -10.970290 -11.836012 -10.687678 -11.070280 -11.557923 -10.840780
47.920000 -10.776336 -inf nan nan -13.846681 -15.185931 -13.500193 -11.037999 -11.905521 -10.752067 -11.121477 -11.617667 -10.902394
47.960000 -10.835174 -inf nan nan -13.969100 -15.302661 -13.613910 -11.104591 -11.966731 -10.817302 -11.170990 -11.667336 -10.960707
48.000000 -10.903251 -inf nan nan -14.174368 -15.504469 -13.807942 -11.167750 -12.035691 -10.874392 -11.244679 -11.747390 -11.046360
48.040000 -10.960523 -inf nan nan -14.405912 -15.730026 -14.029824 -11.242080 -12.109173 -10.945294 -11.282266 -11.790354 -11.085814
48.080000 -11.026512 -inf nan nan -14.856266 -16.174100 -14.474323 -11.310138 -12.178423 -11.009233 -11.345806 -11.857351 -11.150449
48.120000 -11.092464 -inf nan nan nan nan nan -11.381963 -12.257360 -11.074054 -11.405339 -11.926313 -11.212924
48.160000 -11.156447 -inf nan nan nan nan nan -11.456138 -12.331698 -11.144890 -11.458819 -11.985374 -11.261956
48.200000 -11.231512 -inf nan nan -inf nan nan -11.524863 -12.425540 -11.204067 -11.540360 -12.076100 -11.350636
48.240000 -11.293480 -inf nan nan -inf nan nan -11.605815 -12.517589 -11.281480 -11.583492 -12.123657 -11.384974
48.280000 -11.365785 -inf nan nan -inf nan nan -11.682238 -12.652824 -11.349131 -11.651921 -12.187174 -11.453946
48.320000 -11.438107 -inf nan nan -inf nan nan -11.758940 -12.765845 -11.419439 -11.720198 -12.260212 -11.524024
48.360000 -11.507879 -inf nan nan -inf nan nan -11.842955 -12.885879 -11.502027 -11.777340 -12.319838 -11.596174
48.400000 -11.591048 -inf nan nan -inf nan nan -11.915690 -13.011188 -11.588151 -11.869684 -12.422528 -11.721074
48.440000 -11.658146 -inf nan nan -inf nan nan -12.007333 -13.116961 -11.686363 -11.915831 -12.501764 -11.773509
48.480000 -11.737539 -inf nan nan -inf nan nan -12.089783 -13.215664 -11.780770 -11.992763 -12.622197 -11.866498
48.520000 -11.817011 -inf nan nan -inf nan nan -12.176146 -13.305930 -11.878791 -12.066800 -12.755523 -11.934636
48.560000 -11.893114 -inf nan nan -inf nan nan -12.271179 -13.416216 -11.977086 -12.128736 -12.838369 -11.987107
48.600000 -11.985447 -inf nan nan -inf nan nan -12.350367 -13.493274 -12.071573 -12.230792 -12.934514 -12.084897
48.640000 -12.059061 -inf nan nan -inf nan nan -12.456655 -13.602900 -12.176716 -12.281141 -12.995229 -12.130359
48.680000 -12.147753 -inf nan nan -inf nan nan -12.546081 -13.692479 -12.255873 -12.369343 -13.078454 -12.224385
48.720000 -12.237128 -inf nan nan -inf nan nan -12.650576 -13.797546 -12.345096 -12.448938 -13.173047 -12.301385
48.760000 -12.322608 -inf nan nan -inf nan nan -12.755855 -13.928638 -12.441680 -12.522418 -13.271081 -12.366304
48.800000 -12.429140 -inf nan nan -inf nan nan nan nan nan -12.631418 -13.420844 -12.457645
48.840000 -12.513053 -inf nan nan -inf nan nan nan nan nan -12.690193 -13.507368 -12.507940
48.880000 -12.617158 -inf nan nan -inf nan nan nan nan nan -12.786493 -13.638485 -12.616257
48.920000 -12.724356 -inf nan nan -inf nan nan nan nan nan -12.872909 -13.757077 -12.696719
48.960000 -12.828494 -inf nan nan -inf nan nan nan nan nan -12.957215 -13.843921 -12.758315
49.000000 -12.965753 -inf nan nan -inf nan nan nan nan nan -13.074747 -13.966600 -12.835722
49.040000 -13.073808 -inf nan nan -inf nan nan nan nan nan -13.144155 -14.057186 -12.888854
49.080000 -13.217981 -inf nan nan -inf nan nan nan nan nan -13.245916 -14.195964 -12.972672
49.120000 -13.372370 -inf nan nan -inf nan nan nan nan nan nan nan nan
49.160000 -13.522329 -inf nan nan -inf nan nan nan nan nan nan nan nan
49.200000 -13.753248 -inf nan nan -inf nan nan -inf nan nan nan nan nan
49.240000 -13.898936 -inf nan nan -inf nan nan -inf nan nan nan nan nan
49.280000 -14.119758 -inf nan nan -inf nan nan -inf nan nan nan nan nan
49.320000 -14.369403 -inf nan nan -inf nan nan -inf nan nan nan nan nan
49.360000 -14.574283 -inf nan nan -inf nan nan -inf nan nan nan nan nan
49.400000 -14.975278 -inf nan nan -inf nan nan -inf nan nan nan nan nan
49.440000 -15.157899 -inf nan nan -inf nan nan -inf nan nan nan nan nan
49.480000 -15.479129 -inf nan nan -inf nan nan -inf nan nan nan nan nan
49.520000 -15.911290 -inf nan nan -inf nan nan -inf nan nan nan nan nan
49.560000 -16.168869 -inf nan nan -inf nan nan -inf nan nan nan nan nan
49.600000 -16.889169 -inf nan nan -inf nan nan -inf nan nan nan nan nan
