#Quasar bolometric luminosity function in different Eddington ratio bins from TRINITY PaperIII (Fig. 8, Zhang+2024, MNRAS, 529, 2777)
#z: 8.00
#log10(Lbol [erg/s])(0) log10(QLF_total [Mpc^-3 dex^-1])(1) log10(QLF(-3<logEta<-2) [Mpc^-3 dex^-1])(2) log10(QLF(-3<logEta<-2)_16th [Mpc^-3 dex^-1])(3) log10(QLF(-3<logEta<-2)_84th [Mpc^-3 dex^-1])(4)
#log10(QLF(-2<logEta<-1) [Mpc^-3 dex^-1])(5) log10(QLF(-2<logEta<-1)_16th [Mpc^-3 dex^-1])(6) log10(QLF(-2<logEta<-1)_84th [Mpc^-3 dex^-1])(7)
#log10(QLF(-1<logEta<0) [Mpc^-3 dex^-1])(8) log10(QLF(-1<logEta<0)_16th [Mpc^-3 dex^-1])(9) log10(QLF(-1<logEta<0)_84th [Mpc^-3 dex^-1])(10)
#log10(QLF(0<logEta<1) [Mpc^-3 dex^-1])(11) log10(QLF(0<logEta<1)_16th [Mpc^-3 dex^-1])(12) log10(QLF(0<logEta<1)_84th [Mpc^-3 dex^-1])(13)
40.000000 -8.582155 -10.569581 -13.388181 -10.278309 -11.535258 -15.639170 -10.878307 -11.684616 -11.327506 -9.626362 -inf nan nan
40.040000 -8.565330 -10.488390 -13.225922 -10.224144 -11.447474 -15.416928 -10.799099 -11.047386 -11.102291 -9.560418 nan nan nan
40.080000 -8.549132 -10.414393 -13.083819 -10.168381 -11.360819 -15.269585 -10.732940 -10.799517 -11.016694 -9.503227 nan nan nan
40.120000 -8.532935 -10.337529 -12.922291 -10.109837 -11.269420 -15.089396 -10.663938 -10.706077 -10.964876 -9.480250 -11.453118 -11.969562 -10.612599
40.160000 -8.516760 -10.268023 -12.794718 -10.055437 -11.185569 -14.924007 -10.596948 -10.706404 -10.924396 -9.496648 -10.947014 -11.452900 -10.096925
40.200000 -8.501166 -10.194600 -12.635609 -9.998730 -11.099474 -14.792690 -10.538036 -10.719218 -10.934268 -9.522512 -10.706893 -11.206790 -9.853276
40.240000 -8.484885 -10.126870 -12.504169 -9.944735 -11.014798 -14.601998 -10.464426 -10.708256 -10.888534 -9.535278 -10.555948 -11.029982 -9.666571
40.280000 -8.469192 -10.057368 -12.359067 -9.890981 -10.939987 -14.461256 -10.400915 -10.716634 -10.924522 -9.564542 -10.433738 -10.882263 -9.511016
40.320000 -8.453324 -9.992727 -12.219615 -9.837210 -10.857128 -14.300434 -10.330380 -10.702198 -10.907402 -9.578432 -10.332263 -10.767070 -9.386121
40.360000 -8.437319 -9.927127 -12.072616 -9.785061 -10.784324 -14.134185 -10.263117 -10.697381 -10.926985 -9.602648 -10.234175 -10.647618 -9.258911
40.400000 -8.421884 -9.864884 -11.955869 -9.731771 -10.708114 -14.012191 -10.206895 -10.686543 -10.949658 -9.596208 -10.155661 -10.554728 -9.160033
40.440000 -8.405188 -9.803222 -11.858083 -9.679644 -10.633534 -13.809235 -10.135948 -10.679683 -10.867355 -9.573202 -10.057789 -10.428640 -9.023496
40.480000 -8.389111 -9.740836 -11.742927 -9.620306 -10.566194 -13.666880 -10.076122 -10.671902 -10.902969 -9.569755 -9.977863 -10.330222 -8.917801
40.520000 -8.372421 -9.684134 -11.643210 -9.571574 -10.491443 -13.511205 -10.016331 -10.660929 -10.863784 -9.524734 -9.890920 -10.225650 -8.794632
40.560000 -8.355209 -9.621683 -11.550326 -9.524037 -10.427818 -13.352093 -9.957885 -10.645851 -10.848830 -9.479278 -9.802556 -10.111699 -8.668573
40.600000 -8.338654 -9.567103 -11.479777 -9.474461 -10.357326 -13.236251 -9.914770 -10.627421 -10.841889 -9.477556 -9.729482 -10.021843 -8.571371
40.640000 -8.319350 -9.508105 -11.398882 -9.419179 -10.292542 -13.065960 -9.846315 -10.604597 -10.844218 -9.498326 -9.624249 -9.880941 -8.433599
40.680000 -8.300869 -9.453611 -11.329387 -9.365133 -10.228318 -12.941276 -9.779771 -10.571977 -10.822373 -9.503120 -9.540321 -9.787258 -8.329476
40.720000 -8.280322 -9.399536 -11.238628 -9.313437 -10.163522 -12.803835 -9.726081 -10.543042 -10.795988 -9.450393 -9.440024 -9.645031 -8.196320
40.760000 -8.258025 -9.345644 -11.146718 -9.264171 -10.103304 -12.667453 -9.661913 -10.501598 -10.770185 -9.414331 -9.335999 -9.494358 -8.045759
40.800000 -8.236817 -9.295402 -11.070372 -9.216691 -10.042525 -12.560503 -9.619020 -10.466550 -10.771318 -9.425424 -9.251880 -9.387051 -7.933239
40.840000 -8.206196 -9.242590 -10.984747 -9.168471 -9.982746 -12.405613 -9.553356 -10.414931 -10.749271 -9.431661 -9.112057 -9.192206 -7.598090
40.880000 -8.177592 -9.194385 -10.907435 -9.123252 -9.925320 -12.291053 -9.504432 -10.366971 -10.731798 -9.441543 -9.006415 -9.080157 -7.434580
40.920000 -8.139188 -9.144009 -10.822190 -9.076434 -9.867059 -12.163382 -9.452973 -10.317928 -10.723295 -9.437937 -8.867888 -8.882521 -7.243930
40.960000 -8.093507 -9.096682 -10.745594 -9.030905 -9.810752 -12.041660 -9.401485 -10.265067 -10.716195 -9.381767 -8.725192 -8.729291 -6.967599
41.000000 -8.052177 -9.049637 -10.653521 -8.983512 -9.756417 -11.939685 -9.359871 -10.217963 -10.732140 -9.330850 -8.617883 -8.624461 -6.800216
41.040000 -7.962671 -9.003605 -10.545970 -8.939958 -9.698586 -11.812663 -9.309486 -10.163095 -10.714305 -9.278337 -8.401953 -8.332071 -6.611527
41.080000 -7.888497 -8.958716 -10.441197 -8.896996 -9.645006 -11.701474 -9.267234 -10.114620 -10.684913 -9.236604 -8.258349 -8.147806 -6.506845
41.120000 -7.759246 -8.915024 -10.340809 -8.865027 -9.589137 -11.568944 -9.223208 -10.061439 -10.691230 -9.190990 -8.106960 -8.009756 -6.508686
41.160000 -7.613666 -8.872402 -10.253670 -8.839788 -9.535177 -11.452535 -9.181417 -10.010360 -10.685353 -9.147152 -8.089648 -7.999010 -6.535715
41.200000 -7.504826 -8.830841 -10.190912 -8.814942 -9.483066 -11.334128 -9.143486 -9.959652 -10.665294 -9.100873 -8.226147 -8.081245 -6.539506
41.240000 -7.349680 -8.790471 -10.131658 -8.772775 -9.427773 -11.211453 -9.099921 -9.906294 -10.648600 -9.041317 -8.111770 -8.016328 -6.570003
41.280000 -7.235605 -8.750426 -10.069925 -8.729085 -9.375969 -11.115627 -9.060687 -9.854909 -10.622196 -8.989565 -8.246098 -8.089441 -6.589232
41.320000 -7.192105 -8.712342 -10.012758 -8.686318 -9.323562 -11.027078 -9.020702 -9.802825 -10.608481 -9.001544 -8.167232 -8.022964 -6.607917
41.360000 -7.200155 -8.674604 -9.946948 -8.641433 -9.271263 -10.937580 -8.980003 -9.751360 -10.588677 -9.030091 -8.206499 -8.054221 -6.601876
41.400000 -7.208357 -8.638933 -9.882060 -8.603842 -9.222387 -10.859038 -8.943585 -9.700324 -10.559056 -9.001045 -8.273972 -8.102340 -6.591305
41.440000 -7.222119 -8.603341 -9.816902 -8.561689 -9.169089 -10.770461 -8.901517 -9.648023 -10.537187 -8.957782 -8.199110 -8.040175 -6.632953
41.480000 -7.236330 -8.569601 -9.751563 -8.523013 -9.119522 -10.692022 -8.864139 -9.595313 -10.524022 -8.916160 -8.274617 -8.108854 -6.638560
41.520000 -7.248489 -8.536697 -9.687111 -8.487164 -9.069878 -10.626077 -8.827807 -9.544303 -10.505151 -8.876337 -8.228710 -8.067478 -6.660214
41.560000 -7.258404 -8.505234 -9.621010 -8.452674 -9.018705 -10.558326 -8.790093 -9.491694 -10.488100 -8.835943 -8.292583 -8.052693 -6.674917
41.600000 -7.268551 -8.475081 -9.560863 -8.418352 -8.972407 -10.500141 -8.751855 -9.441874 -10.460033 -8.846730 -8.321791 -8.083820 -6.673856
41.640000 -7.275188 -8.445754 -9.495537 -8.383408 -8.920347 -10.418428 -8.696056 -9.389412 -10.419902 -8.835531 -8.329879 -8.090026 -6.695938
41.680000 -7.281928 -8.417791 -9.434538 -8.350734 -8.873162 -10.346409 -8.646539 -9.338840 -10.376204 -8.795867 -8.317961 -8.064490 -6.712286
41.720000 -7.286930 -8.391122 -9.385532 -8.319743 -8.824820 -10.277286 -8.595048 -9.288338 -10.348566 -8.755525 -8.328924 -8.064678 -6.710930
41.760000 -7.290133 -8.365510 -9.338772 -8.295534 -8.776834 -10.219046 -8.543180 -9.236892 -10.314547 -8.712325 -8.326041 -8.017445 -6.738803
41.800000 -7.293360 -8.341320 -9.292880 -8.268601 -8.732450 -10.166969 -8.496511 -9.188550 -10.316034 -8.676527 -8.388293 -8.071661 -6.718312
41.840000 -7.301842 -8.318140 -9.250515 -8.242338 -8.683307 -10.104434 -8.448097 -9.136019 -10.274463 -8.630657 -8.345043 -8.032987 -6.757932
41.880000 -7.310493 -8.295802 -9.206462 -8.217316 -8.639012 -10.050094 -8.427383 -9.086835 -10.234089 -8.592151 -8.355287 -8.013403 -6.761465
41.920000 -7.321017 -8.275612 -9.164617 -8.194718 -8.592434 -9.990866 -8.406800 -9.036166 -10.201645 -8.552509 -8.371191 -8.017403 -6.763385
41.960000 -7.333548 -8.255452 -9.122049 -8.171982 -8.546857 -9.933433 -8.371590 -8.986148 -10.133010 -8.512744 -8.326082 -7.952637 -6.800084
42.000000 -7.346451 -8.237868 -9.078732 -8.155289 -8.504169 -9.879334 -8.322017 -8.937305 -10.100112 -8.479262 -8.429729 -8.067712 -6.767448
42.040000 -7.351954 -8.220113 -9.039137 -8.144043 -8.457355 -9.816084 -8.273226 -8.886288 -10.066519 -8.435485 -8.311391 -7.958115 -6.819338
42.080000 -7.357527 -8.204344 -9.000537 -8.126745 -8.414325 -9.758145 -8.231031 -8.837217 -10.021539 -8.400476 -8.352259 -7.995349 -6.828296
42.120000 -7.361207 -8.189493 -8.963367 -8.129511 -8.371094 -9.698844 -8.192274 -8.787174 -9.975595 -8.360318 -8.311807 -7.975265 -6.850981
42.160000 -7.362945 -8.175480 -8.926979 -8.134470 -8.327835 -9.620967 -8.151284 -8.738060 -9.929363 -8.322092 -8.287850 -7.970710 -6.872992
42.200000 -7.364689 -8.163503 -8.892489 -8.138554 -8.288607 -9.545383 -8.113554 -8.688846 -9.885879 -8.287725 -8.326663 -8.049065 -6.862830
42.240000 -7.360826 -8.151237 -8.859371 -8.142774 -8.244262 -9.471657 -8.057983 -8.638759 -9.837999 -8.231620 -8.237788 -7.991749 -6.892644
42.280000 -7.356997 -8.141573 -8.829583 -8.143255 -8.203910 -9.381275 -8.015007 -8.589362 -9.793243 -8.179400 -8.256417 -8.021402 -6.897632
42.320000 -7.350262 -8.131832 -8.800301 -8.108472 -8.163319 -9.300934 -7.986310 -8.540331 -9.747656 -8.129529 -8.200368 -7.976337 -6.904154
42.360000 -7.340754 -8.124122 -8.772747 -8.064031 -8.122600 -9.243868 -7.938596 -8.490695 -9.701476 -8.111483 -8.185340 -7.958597 -6.887839
42.400000 -7.331450 -8.117155 -8.753982 -8.039311 -8.086256 -9.192627 -7.894457 -8.442871 -9.658400 -8.093855 -8.167675 -7.940484 -6.874083
42.440000 -7.314469 -8.111094 -8.738795 -8.036263 -8.045452 -9.134958 -7.844835 -8.392935 -9.613182 -8.051606 -8.107330 -7.912039 -6.858857
42.480000 -7.298128 -8.106325 -8.725045 -8.033256 -8.009475 -9.082845 -7.802390 -8.344389 -9.615913 -8.005356 -8.077362 -7.918453 -6.838913
42.520000 -7.279720 -8.102430 -8.712137 -8.009043 -7.972862 -9.029587 -7.760073 -8.296476 -9.606550 -7.959118 -8.044419 -7.935748 -6.832728
42.560000 -7.259523 -8.099743 -8.702183 -7.997725 -7.937380 -8.975851 -7.716378 -8.247010 -9.548739 -7.916593 -7.995925 -7.930532 -6.834936
42.600000 -7.240223 -8.098078 -8.694353 -7.991713 -7.905402 -8.927774 -7.681505 -8.200476 -9.505773 -7.876813 -7.986276 -7.975711 -6.842197
42.640000 -7.219341 -8.097354 -8.666215 -7.982088 -7.870108 -8.873156 -7.637285 -8.150869 -9.446503 -7.838774 -7.930611 -7.939040 -6.854883
42.680000 -7.199416 -8.097431 -8.657665 -7.981247 -7.838840 -8.824759 -7.598497 -8.103781 -9.390557 -7.786647 -7.895138 -7.939592 -6.851285
42.720000 -7.178811 -8.099111 -8.660590 -7.980903 -7.807831 -8.774673 -7.559703 -8.056137 -9.333523 -7.742353 -7.874488 -7.943067 -6.826339
42.760000 -7.157657 -8.101162 -8.643705 -7.987062 -7.777409 -8.725139 -7.534840 -8.008626 -9.276280 -7.699404 -7.817959 -7.890734 -6.849054
42.800000 -7.137487 -8.104977 -8.640346 -7.996155 -7.750714 -8.679891 -7.526455 -7.963019 -9.221640 -7.658955 -7.808314 -7.875524 -6.814453
42.840000 -7.116962 -8.108900 -8.650298 -7.996613 -7.721233 -8.623411 -7.517988 -7.915262 -9.163028 -7.618758 -7.746727 -7.834701 -6.822177
42.880000 -7.097364 -8.114444 -8.671399 -7.994829 -7.695232 -8.564924 -7.498826 -7.870008 -9.115304 -7.582045 -7.716310 -7.809225 -6.811111
42.920000 -7.075416 -8.120643 -8.693616 -7.994755 -7.670907 -8.503035 -7.478797 -7.823966 -9.063805 -7.543424 -7.678808 -7.792591 -6.802638
42.960000 -7.051499 -8.128026 -8.708368 -7.998144 -7.646904 -8.440774 -7.459273 -7.778682 -8.997056 -7.497676 -7.634597 -7.780364 -6.800419
43.000000 -7.028831 -8.136416 -8.728479 -8.008037 -7.627266 -8.382599 -7.451164 -7.735037 -8.935875 -7.467361 -7.611272 -7.763085 -6.781599
43.040000 -7.001766 -8.145303 -8.740477 -8.011116 -7.604438 -8.318387 -7.442934 -7.689938 -8.876195 -7.417430 -7.560333 -7.753569 -6.775320
43.080000 -6.976289 -8.155779 -8.751170 -8.015878 -7.585678 -8.281424 -7.439280 -7.646814 -8.822605 -7.369529 -7.530747 -7.723796 -6.778859
43.120000 -6.950439 -8.166967 -8.761939 -8.021410 -7.566895 -8.228079 -7.434429 -7.604123 -8.766246 -7.326096 -7.492554 -7.708099 -6.776247
43.160000 -6.924361 -8.179331 -8.774190 -8.028665 -7.548300 -8.175337 -7.431336 -7.561519 -8.709542 -7.282371 -7.457435 -7.679446 -6.770699
43.200000 -6.899761 -8.192756 -8.790930 -8.037608 -7.533591 -8.132795 -7.396530 -7.521569 -8.625835 -7.241681 -7.426202 -7.661689 -6.765954
43.240000 -6.873937 -8.207198 -8.810868 -8.049476 -7.516029 -8.106539 -7.394091 -7.479810 -8.553730 -7.198735 -7.391689 -7.633127 -6.755976
43.280000 -6.849562 -8.222286 -8.830421 -8.061583 -7.502502 -8.085043 -7.396202 -7.440675 -8.494212 -7.157888 -7.358773 -7.626354 -6.746008
43.320000 -6.824873 -8.239535 -8.844770 -8.072610 -7.489410 -8.063577 -7.369471 -7.401749 -8.435849 -7.108583 -7.324977 -7.626707 -6.730733
43.360000 -6.799992 -8.256204 -8.864703 -8.086247 -7.477511 -8.043113 -7.344519 -7.363546 -8.375987 -7.060111 -7.289265 -7.603461 -6.718342
43.400000 -6.776459 -8.275487 -8.878632 -8.102373 -7.468813 -8.026169 -7.323313 -7.327717 -8.319615 -7.015007 -7.255246 -7.571966 -6.707957
43.440000 -6.751833 -8.294647 -8.891890 -8.119894 -7.458209 -8.004749 -7.296265 -7.290502 -8.259203 -6.984369 -7.220722 -7.591924 -6.683681
43.480000 -6.728528 -8.315673 -8.916543 -8.139972 -7.450885 -7.987522 -7.274525 -7.256165 -8.201664 -6.967604 -7.189285 -7.568234 -6.661480
43.520000 -6.706044 -8.337765 -8.929342 -8.155952 -7.444063 -7.968733 -7.255522 -7.221761 -8.144107 -6.943365 -7.156533 -7.552184 -6.630900
43.560000 -6.684317 -8.360395 -8.940544 -8.170743 -7.437364 -7.926873 -7.231776 -7.189061 -8.089977 -6.913488 -7.127643 -7.531668 -6.611595
43.600000 -6.663626 -8.385699 -8.963045 -8.188548 -7.434457 -7.887626 -7.214021 -7.157785 -8.041969 -6.885173 -7.091956 -7.523326 -6.581026
43.640000 -6.642307 -8.409738 -8.982658 -8.205542 -7.428646 -7.866165 -7.198910 -7.126609 -7.989561 -6.859780 -7.068375 -7.520530 -6.556647
43.680000 -6.621986 -8.438000 -9.007456 -8.228857 -7.426757 -7.853431 -7.188843 -7.097120 -7.941445 -6.827752 -7.038735 -7.481967 -6.528740
43.720000 -6.601016 -8.463761 -9.039202 -8.258210 -7.424870 -7.840087 -7.177376 -7.068928 -7.877613 -6.797389 -7.010020 -7.433048 -6.516460
43.760000 -6.579529 -8.493287 -9.077447 -8.272961 -7.423962 -7.829391 -7.167162 -7.041381 -7.815091 -6.767840 -6.987653 -7.388140 -6.541464
43.800000 -6.559056 -8.522487 -9.108550 -8.302841 -7.425965 -7.810306 -7.161743 -7.016033 -7.754983 -6.739482 -6.953895 -7.345343 -6.534957
43.840000 -6.537541 -8.553247 -9.140665 -8.329757 -7.426005 -7.806234 -7.153851 -6.990649 -7.706989 -6.724671 -6.938614 -7.333318 -6.540093
43.880000 -6.517042 -8.585361 -9.172607 -8.358233 -7.429831 -7.815193 -7.151226 -6.966640 -7.669002 -6.707318 -6.913063 -7.311260 -6.525314
43.920000 -6.497257 -8.617575 -9.203725 -8.387616 -7.432822 -7.818412 -7.152275 -6.944949 -7.630492 -6.703712 -6.893301 -7.293478 -6.516642
43.960000 -6.478135 -8.652802 -9.238284 -8.422111 -7.438345 -7.828038 -7.175781 -6.922826 -7.593012 -6.691751 -6.876800 -7.260927 -6.512638
44.000000 -6.459820 -8.686175 -9.274668 -8.457279 -7.444140 -7.840428 -7.173982 -6.904239 -7.552539 -6.670957 -6.854370 -7.246378 -6.495020
44.040000 -6.444414 -8.724676 -9.313355 -8.484428 -7.450059 -7.848158 -7.170690 -6.884575 -7.507500 -6.642563 -6.843679 -7.225404 -6.490065
44.080000 -6.429535 -8.758423 -9.354210 -8.509516 -7.457524 -7.845012 -7.172542 -6.867495 -7.464188 -6.618980 -6.827818 -7.211934 -6.488055
44.120000 -6.416279 -8.797742 -9.404245 -8.543888 -7.466365 -7.863331 -7.174790 -6.851469 -7.423835 -6.600980 -6.812443 -7.194121 -6.482145
44.160000 -6.404515 -8.834664 -9.448962 -8.578935 -7.475887 -7.883144 -7.178995 -6.836133 -7.398940 -6.611489 -6.799493 -7.163259 -6.478108
44.200000 -6.393060 -8.874677 -9.498224 -8.618492 -7.487594 -7.903130 -7.190536 -6.823396 -7.386918 -6.607943 -6.782219 -7.137379 -6.474292
44.240000 -6.383860 -8.914724 -9.546152 -8.658897 -7.499639 -7.917241 -7.190453 -6.810141 -7.354467 -6.573340 -6.770600 -7.118955 -6.477210
44.280000 -6.374851 -8.954667 -9.586110 -8.700421 -7.512327 -7.920520 -7.200373 -6.799718 -7.319835 -6.557897 -6.759047 -7.092797 -6.481501
44.320000 -6.367507 -8.998436 -9.626795 -8.744372 -7.528852 -7.935982 -7.224500 -6.789618 -7.284706 -6.551264 -6.744550 -7.077383 -6.484978
44.360000 -6.361747 -9.038085 -9.663388 -8.785430 -7.541791 -7.953645 -7.243382 -6.781469 -7.248774 -6.530453 -6.736965 -7.070056 -6.496874
44.400000 -6.356063 -9.085663 -9.707364 -8.835947 -7.560921 -7.974965 -7.271702 -6.774391 -7.216532 -6.508552 -6.722164 -7.048947 -6.514812
44.440000 -6.353093 -9.124839 -9.743282 -8.877092 -7.575997 -7.997083 -7.289137 -6.768544 -7.186694 -6.492398 -6.717434 -7.023985 -6.516698
44.480000 -6.350144 -9.171724 -9.786295 -8.927119 -7.595360 -8.007129 -7.310882 -6.763953 -7.170657 -6.478726 -6.710403 -6.999919 -6.516700
44.520000 -6.348836 -9.214872 -9.825815 -8.973037 -7.615186 -8.022115 -7.333864 -6.760786 -7.156589 -6.461593 -6.701999 -6.988383 -6.520881
44.560000 -6.349156 -9.261069 -9.868003 -9.022106 -7.635045 -8.040079 -7.339160 -6.758840 -7.135780 -6.448180 -6.702150 -6.992072 -6.528203
44.600000 -6.349476 -9.308157 -9.911035 -9.071919 -7.659954 -8.062928 -7.345797 -6.757993 -7.130473 -6.439585 -6.694010 -6.965578 -6.511347
44.640000 -6.352132 -9.353576 -9.952359 -9.119897 -7.680127 -8.075855 -7.355586 -6.758890 -7.117142 -6.436201 -6.699945 -6.976050 -6.520427
44.680000 -6.354805 -9.404187 -9.998845 -9.173228 -7.708496 -8.101561 -7.390955 -6.760321 -7.102235 -6.428017 -6.701317 -6.980773 -6.522903
44.720000 -6.358883 -9.449298 -10.050018 -9.220559 -7.730694 -8.118663 -7.407366 -6.763739 -7.111435 -6.424818 -6.705766 -6.978974 -6.521423
44.760000 -6.364406 -9.503528 -10.115997 -9.275913 -7.759318 -8.145782 -7.430644 -6.768033 -7.117156 -6.426657 -6.714431 -6.975407 -6.526633
44.800000 -6.370001 -9.548308 -10.168142 -9.320002 -7.786783 -8.171708 -7.455383 -6.773070 -7.114797 -6.435275 -6.720170 -6.979260 -6.525113
44.840000 -6.378998 -9.601350 -10.231330 -9.371715 -7.815419 -8.197892 -7.479870 -6.780494 -7.113260 -6.436833 -6.733974 -7.000897 -6.511501
44.880000 -6.388186 -9.650216 -10.287872 -9.421756 -7.846452 -8.234234 -7.506620 -6.788288 -7.120138 -6.439410 -6.745837 -7.004065 -6.513298
44.920000 -6.399445 -9.702705 -10.349144 -9.476640 -7.876678 -8.267178 -7.533405 -6.797335 -7.119489 -6.441450 -6.760707 -7.009161 -6.513407
44.960000 -6.412937 -9.755645 -10.409911 -9.535726 -7.911427 -8.306426 -7.565900 -6.808283 -7.125018 -6.448455 -6.777262 -7.010345 -6.520165
45.000000 -6.426860 -9.807586 -10.461648 -9.594051 -7.943052 -8.339751 -7.598295 -6.818278 -7.136560 -6.453391 -6.795297 -7.031779 -6.530597
45.040000 -6.443790 -9.864747 -10.518743 -9.652480 -7.981777 -8.381786 -7.644293 -6.832162 -7.149170 -6.463926 -6.813280 -7.055994 -6.525738
45.080000 -6.461407 -9.915668 -10.569130 -9.704812 -8.012868 -8.412633 -7.680467 -6.845606 -7.158021 -6.473122 -6.833394 -7.053896 -6.533362
45.120000 -6.480644 -9.977688 -10.631384 -9.768464 -8.052568 -8.459483 -7.728512 -6.860377 -7.160007 -6.481726 -6.853954 -7.053507 -6.552473
45.160000 -6.501691 -10.027595 -10.680460 -9.819169 -8.087483 -8.499101 -7.752360 -6.877396 -7.155827 -6.494963 -6.876538 -7.088205 -6.555751
45.200000 -6.523810 -10.088687 -10.741619 -9.878960 -8.128000 -8.547469 -7.772041 -6.892526 -7.152547 -6.504232 -6.902312 -7.130055 -6.566126
45.240000 -6.548380 -10.143565 -10.795814 -9.930946 -8.166422 -8.590400 -7.791151 -6.913096 -7.156899 -6.521643 -6.926363 -7.162516 -6.592627
45.280000 -6.574423 -10.203386 -10.855310 -9.988864 -8.205135 -8.630313 -7.811983 -6.931808 -7.158123 -6.536759 -6.955336 -7.203125 -6.637189
45.320000 -6.601564 -10.263813 -10.915385 -10.047316 -8.249320 -8.684424 -7.851293 -6.952283 -7.178673 -6.554343 -6.984175 -7.241481 -6.656953
45.360000 -6.629912 -10.322373 -10.972266 -10.107528 -8.286263 -8.726754 -7.889971 -6.975139 -7.207175 -6.574770 -7.014513 -7.278675 -6.664267
45.400000 -6.660241 -10.388573 -11.043112 -10.178789 -8.336210 -8.789600 -7.944600 -6.995055 -7.231724 -6.591100 -7.050609 -7.310689 -6.673743
45.440000 -6.690661 -10.445896 -11.104526 -10.238946 -8.371315 -8.828367 -7.969974 -7.021972 -7.260439 -6.617388 -7.081516 -7.347284 -6.704296
45.480000 -6.723373 -10.517583 -11.183269 -10.314396 -8.419023 -8.886771 -8.011335 -7.045934 -7.283135 -6.640803 -7.119593 -7.398754 -6.744892
45.520000 -6.756740 -10.574234 -11.243602 -10.372867 -8.460227 -8.935026 -8.045208 -7.072142 -7.307999 -6.666062 -7.158213 -7.437701 -6.782208
45.560000 -6.790710 -10.644239 -11.319827 -10.446224 -8.505643 -8.988722 -8.095090 -7.100311 -7.335602 -6.693284 -7.197857 -7.472514 -6.820137
45.600000 -6.827565 -10.707676 -11.388082 -10.512174 -8.552947 -9.042326 -8.155394 -7.125482 -7.356842 -6.718168 -7.247666 -7.530676 -6.839929
45.640000 -6.862366 -10.776120 -11.461908 -10.583419 -8.595992 -9.081315 -8.208894 -7.157693 -7.388666 -6.753121 -7.285986 -7.559920 -6.864815
45.680000 -6.900200 -10.846014 -11.537511 -10.656356 -8.647610 -9.130445 -8.277590 -7.186103 -7.420960 -6.778570 -7.336427 -7.604173 -6.916825
45.720000 -6.938592 -10.913442 -11.609682 -10.724874 -8.690138 -9.181785 -8.328850 -7.217968 -7.458181 -6.810395 -7.384344 -7.646235 -6.956834
45.760000 -6.977367 -10.990091 -11.693044 -10.798082 -8.746010 -9.250310 -8.382225 -7.250262 -7.497709 -6.842488 -7.432383 -7.684799 -6.995580
45.800000 -7.019947 -11.056534 -11.768760 -10.861170 -8.788187 -9.298184 -8.423510 -7.281053 -7.530059 -6.873254 -7.493959 -7.740225 -7.041647
45.840000 -7.059196 -11.140248 -11.862859 -10.940524 -8.840992 -9.352867 -8.474632 -7.317427 -7.570319 -6.910666 -7.537275 -7.770085 -7.077007
45.880000 -7.102348 -11.205214 -11.931745 -11.001730 -8.888263 -9.398513 -8.520762 -7.351850 -7.604403 -6.947224 -7.595055 -7.820517 -7.123994
45.920000 -7.145682 -11.287263 -12.045463 -11.078980 -8.940192 -9.448361 -8.571423 -7.387200 -7.642838 -6.985544 -7.651242 -7.880551 -7.162954
45.960000 -7.188762 -11.360317 -12.150595 -11.149605 -8.992584 -9.503006 -8.622495 -7.424511 -7.681531 -7.030114 -7.702298 -7.933934 -7.196749
46.000000 -7.236590 -11.440773 -12.265591 -11.227083 -9.043907 -9.558494 -8.672732 -7.459480 -7.716986 -7.072844 -7.772345 -8.011165 -7.237579
46.040000 -7.279054 -11.522175 -12.371989 -11.302211 -9.101159 -9.616603 -8.728730 -7.499023 -7.760743 -7.119290 -7.818047 -8.056570 -7.272416
46.080000 -7.326125 -11.600546 -12.469201 -11.374574 -9.149819 -9.663156 -8.776780 -7.539659 -7.800856 -7.165737 -7.876203 -8.117578 -7.313181
46.120000 -7.373066 -11.691194 -12.579716 -11.457968 -9.213955 -9.724084 -8.839507 -7.577349 -7.842268 -7.204174 -7.939884 -8.183453 -7.355205
46.160000 -7.419183 -11.767639 -12.666596 -11.528269 -9.259960 -9.768873 -8.885248 -7.621139 -7.893137 -7.246357 -7.987921 -8.231778 -7.391761
46.200000 -7.470786 -11.868009 -12.779687 -11.620304 -9.322539 -9.828139 -8.961749 -7.658156 -7.941124 -7.286927 -8.070114 -8.310688 -7.452305
46.240000 -7.515265 -11.942401 -12.856834 -11.688455 -9.374579 -9.878181 -9.022183 -7.703749 -7.991641 -7.329574 -8.108850 -8.343140 -7.503296
46.280000 -7.564825 -12.039649 -12.961333 -11.773752 -9.434043 -9.937471 -9.093258 -7.746368 -8.033634 -7.374873 -8.172842 -8.401258 -7.577825
46.320000 -7.613879 -12.125169 -13.051440 -11.845357 -9.493981 -9.996818 -9.167014 -7.787762 -8.074912 -7.421681 -8.239217 -8.458451 -7.656272
46.360000 -7.661482 -12.219384 -13.150967 -11.942622 -9.550523 -10.051868 -9.236863 -7.835126 -8.124189 -7.465693 -8.284182 -8.497459 -7.718274
46.400000 -7.714953 -12.316456 -13.256333 -12.032170 -9.618492 -10.123805 -9.320842 -7.873598 -8.166504 -7.502503 -8.378053 -8.575561 -7.822901
46.440000 -7.760574 -12.407798 -13.348280 -12.116193 -9.672131 -10.183874 -9.375522 -7.924678 -8.215379 -7.548974 -8.404430 -8.607085 -7.868558
46.480000 -7.811556 -12.516459 -13.466484 -12.216132 -9.746390 -10.266091 -9.474001 -7.968246 -8.261252 -7.594901 -8.474932 -8.660485 -7.950662
46.520000 -7.861983 -12.605666 -13.556978 -12.300628 -9.799078 -10.324303 -9.539989 -8.015355 -8.309115 -7.649493 -8.533530 -8.716409 -8.023555
46.560000 -7.910815 -12.726663 -13.679655 -12.418304 -9.869598 -10.403736 -9.617040 -8.063307 -8.359303 -7.700412 -8.581575 -8.766170 -8.086700
46.600000 -7.965842 -12.814145 -13.764369 -12.501196 -9.931733 -10.483578 -9.681098 -8.107404 -8.403262 -7.752969 -8.670826 -8.830209 -8.189516
46.640000 -8.012759 -12.931452 -13.877452 -12.612754 -9.998644 -10.548587 -9.742570 -8.159322 -8.458572 -7.811798 -8.696687 -8.854616 -8.238292
46.680000 -8.065366 -13.034657 -13.980931 -12.713016 -10.068499 -10.618858 -9.807774 -8.206294 -8.506429 -7.861117 -8.765531 -8.908447 -8.325111
46.720000 -8.117512 -13.150052 -14.091107 -12.831826 -10.133818 -10.689517 -9.882196 -8.256753 -8.560724 -7.910460 -8.819955 -8.965725 -8.396623
46.760000 -8.168100 -13.271300 -14.213806 -12.957241 -10.211399 -10.773287 -9.966337 -8.305827 -8.615548 -7.961471 -8.871298 -9.016647 -8.450486
46.800000 -8.225367 -13.387117 -14.330586 -13.075689 -10.275455 -10.841797 -10.028295 -8.355963 -8.671655 -8.013035 -8.950730 -9.086868 -8.547125
46.840000 -8.274176 -13.531505 -14.481446 -13.224784 -10.360972 -10.932827 -10.104937 -8.409050 -8.728741 -8.067324 -8.978303 -9.114122 -8.591666
46.880000 -8.329173 -13.652113 -14.601543 -13.346787 -10.422060 -10.997202 -10.159796 -8.462631 -8.787500 -8.123133 -9.034267 -9.164799 -8.653770
46.920000 -8.383773 -13.833119 -14.786081 -13.532980 -10.504944 -11.086868 -10.234279 -8.514310 -8.837117 -8.178234 -9.094470 -9.231264 -8.716120
46.960000 -8.436751 -13.971203 -14.928672 -13.671106 -10.575629 -11.158779 -10.297542 -8.570301 -8.886532 -8.236821 -9.131378 -9.281659 -8.763670
47.000000 -8.497101 -14.192728 -15.163213 -13.896190 -10.656142 -11.243504 -10.370184 -8.622051 -8.932853 -8.294571 -9.218068 -9.365237 -8.845815
47.040000 -8.548324 -14.440893 -15.417760 -14.145841 -10.736523 -11.328009 -10.442943 -8.679447 -8.994882 -8.354732 -9.241477 -9.394728 -8.878518
47.080000 -8.606408 -14.904872 -15.880623 -14.609493 -10.813016 -11.419478 -10.513268 -8.737480 -9.056946 -8.417361 -9.294952 -9.451893 -8.940057
47.120000 -8.664149 nan nan nan -10.905118 -11.545092 -10.608984 -8.790422 -9.114348 -8.478287 -9.364841 -9.516281 -9.014786
47.160000 -8.720135 nan nan nan -10.977806 -11.624736 -10.683633 -8.853715 -9.175966 -8.543837 -9.389704 -9.552168 -9.050394
47.200000 -8.784422 -inf nan nan -11.081934 -11.741359 -10.784945 -8.907266 -9.228403 -8.608158 -9.485847 -9.643236 -9.150825
47.240000 -8.838702 -inf nan nan -11.150840 -11.813096 -10.856165 -8.971884 -9.295291 -8.674809 -9.498809 -9.670231 -9.176069
47.280000 -8.900748 -inf nan nan -11.249262 -11.927722 -10.960430 -9.032035 -9.356461 -8.755431 -9.561400 -9.738154 -9.269123
47.320000 -8.962546 -inf nan nan -11.332433 -12.020286 -11.036681 -9.092670 -9.418590 -8.834727 -9.621631 -9.803994 -9.351549
47.360000 -9.022414 -inf nan nan -11.425345 -12.121904 -11.121522 -9.157915 -9.485682 -8.914732 -9.658773 -9.847352 -9.397612
47.400000 -9.091875 -inf nan nan -11.522926 -12.232056 -11.210094 -9.216575 -9.541836 -8.978024 -9.757438 -9.942141 -9.478443
47.440000 -9.150058 -inf nan nan -11.610657 -12.324575 -11.290604 -9.286186 -9.618078 -9.045963 -9.772851 -9.961559 -9.512224
47.480000 -9.217258 -inf nan nan -11.721042 -12.449918 -11.381821 -9.348772 -9.685923 -9.111228 -9.847368 -10.034492 -9.589810
47.520000 -9.284230 -inf nan nan -11.805973 -12.537739 -11.451794 -9.417737 -9.760586 -9.180443 -9.902107 -10.088232 -9.639387
47.560000 -9.348831 -inf nan nan -11.929896 -12.678207 -11.553179 -9.486150 -9.834825 -9.249604 -9.950466 -10.135995 -9.695395
47.600000 -9.424749 -inf nan nan -12.012925 -12.764553 -11.637442 -9.553702 -9.903720 -9.324253 -10.045637 -10.226405 -9.812116
47.640000 -9.487294 -inf nan nan -12.129844 -12.898930 -11.761289 -9.626784 -9.983609 -9.394940 -10.071607 -10.253536 -9.853035
47.680000 -9.560387 -inf nan nan -12.230557 -13.013615 -11.866812 -9.698556 -10.061955 -9.467828 -10.141512 -10.322306 -9.937132
47.720000 -9.633335 -inf nan nan -12.344034 -13.137793 -11.983364 -9.771461 -10.149644 -9.540510 -10.208176 -10.401507 -10.010433
47.760000 -9.703397 -inf nan nan -12.464141 -13.262407 -12.109793 -9.846542 -10.222750 -9.614999 -10.260066 -10.450944 -10.065173
47.800000 -9.786978 -inf nan nan -12.576657 -13.376782 -12.227796 -9.921540 -10.290452 -9.693083 -10.359992 -10.538491 -10.172869
47.840000 -9.854303 -inf nan nan -12.720699 -13.524894 -12.389018 -9.998669 -10.375166 -9.768788 -10.396436 -10.574908 -10.210102
47.880000 -9.934016 -inf nan nan -12.835180 -13.636134 -12.495457 -10.080926 -10.458449 -9.851012 -10.463332 -10.638615 -10.288040
47.920000 -10.013653 -inf nan nan -13.017586 -13.832437 -12.685297 -10.158295 -10.543441 -9.928421 -10.541998 -10.708956 -10.366037
47.960000 -10.089637 -inf nan nan -13.146460 -13.955962 -12.807817 -10.243725 -10.630761 -10.012350 -10.591286 -10.768156 -10.417765
48.000000 -10.181794 -inf nan nan -13.365929 -14.182178 -13.021103 -10.323856 -10.712719 -10.102669 -10.704178 -10.889059 -10.529228
48.040000 -10.254345 -inf nan nan -13.605566 -14.418580 -13.252802 -10.410530 -10.813749 -10.181759 -10.739695 -10.932201 -10.563561
48.080000 -10.341494 -inf nan nan -14.056841 -14.858946 -13.696842 -10.498399 -10.915685 -10.274845 -10.818431 -11.015697 -10.641377
48.120000 -10.428714 -inf nan nan nan nan nan -10.583333 -11.015839 -10.368146 -10.903692 -11.104106 -10.726824
48.160000 -10.511309 -inf nan nan nan nan nan -10.677213 -11.128862 -10.466161 -10.958574 -11.179915 -10.778358
48.200000 -10.613391 -inf nan nan -inf nan nan -10.763710 -11.234259 -10.540936 -11.083959 -11.300232 -10.899410
48.240000 -10.691739 -inf nan nan -inf nan nan -10.861401 -11.339182 -10.642658 -11.120030 -11.350542 -10.932658
48.280000 -10.787404 -inf nan nan -inf nan nan -10.955778 -11.449821 -10.735015 -11.211475 -11.455005 -11.019338
48.320000 -10.883344 -inf nan nan -inf nan nan -11.052270 -11.560047 -10.829473 -11.299819 -11.562642 -11.101673
48.360000 -10.973298 -inf nan nan -inf nan nan -11.152993 -11.677621 -10.925456 -11.366224 -11.652361 -11.166630
48.400000 -11.086887 -inf nan nan -inf nan nan -11.251835 -11.788746 -11.022178 -11.496473 -11.814689 -11.289169
48.440000 -11.171512 -inf nan nan -inf nan nan -11.357144 -11.910860 -11.122783 -11.543205 -11.873869 -11.338101
48.480000 -11.276719 -inf nan nan -inf nan nan -11.462389 -12.042664 -11.221714 -11.642549 -11.975038 -11.432975
48.520000 -11.382652 -inf nan nan -inf nan nan -11.570713 -12.173048 -11.322971 -11.738880 -12.085725 -11.526902
48.560000 -11.481005 -inf nan nan -inf nan nan -11.681416 -12.282770 -11.432053 -11.814907 -12.173714 -11.601775
48.600000 -11.608361 -inf nan nan -inf nan nan -11.797045 -12.401726 -11.565709 -11.950553 -12.315853 -11.723206
48.640000 -11.701211 -inf nan nan -inf nan nan -11.913902 -12.534469 -11.684483 -12.007713 -12.381860 -11.776522
48.680000 -11.819468 -inf nan nan -inf nan nan -12.038784 -12.665976 -11.819289 -12.112127 -12.502646 -11.873691
48.720000 -11.940075 -inf nan nan -inf nan nan -12.165144 -12.803038 -11.927453 -12.219945 -12.630100 -11.959854
48.760000 -12.051919 -inf nan nan -inf nan nan -12.301071 -12.948878 -12.062150 -12.301369 -12.722884 -12.031478
48.800000 -12.202950 -inf nan nan -inf nan nan -12.447138 -13.096552 -12.200067 -12.448985 -12.882317 -12.167861
48.840000 -12.310307 -inf nan nan -inf nan nan -12.597793 -13.259069 -12.342709 -12.513564 -12.959923 -12.240426
48.880000 -12.453235 -inf nan nan -inf nan nan -12.772267 -13.432925 -12.505926 -12.626718 -13.089883 -12.352965
48.920000 -12.602108 -inf nan nan -inf nan nan -12.955896 -13.622419 -12.680935 -12.746507 -13.214130 -12.450501
48.960000 -12.738003 -inf nan nan -inf nan nan -13.173920 -13.820223 -12.896603 -12.834443 -13.310348 -12.537599
49.000000 -12.936873 -inf nan nan -inf nan nan nan nan nan -12.995430 -13.475899 -12.675408
49.040000 -13.062785 -inf nan nan -inf nan nan nan nan nan -13.066095 -13.554127 -12.750827
49.080000 -13.240827 -inf nan nan -inf nan nan nan nan nan -13.189557 -13.682433 -12.868987
49.120000 -13.428774 -inf nan nan -inf nan nan nan nan nan nan nan nan
49.160000 -13.584828 -inf nan nan -inf nan nan nan nan nan nan nan nan
49.200000 -13.830760 -inf nan nan -inf nan nan -inf nan nan nan nan nan
49.240000 -13.969469 -inf nan nan -inf nan nan -inf nan nan nan nan nan
49.280000 -14.174485 -inf nan nan -inf nan nan -inf nan nan nan nan nan
49.320000 -14.399402 -inf nan nan -inf nan nan -inf nan nan nan nan nan
49.360000 -14.582716 -inf nan nan -inf nan nan -inf nan nan nan nan nan
49.400000 -14.906163 -inf nan nan -inf nan nan -inf nan nan nan nan nan
49.440000 -15.074026 -inf nan nan -inf nan nan -inf nan nan nan nan nan
49.480000 -15.351266 -inf nan nan -inf nan nan -inf nan nan nan nan nan
49.520000 -15.690472 -inf nan nan -inf nan nan -inf nan nan nan nan nan
49.560000 -15.924490 -inf nan nan -inf nan nan -inf nan nan nan nan nan
49.600000 -16.468169 -inf nan nan -inf nan nan -inf nan nan nan nan nan
