#Quasar bolometric luminosity function in different Eddington ratio bins from TRINITY PaperIII (Fig. 8, Zhang+2024, MNRAS, 529, 2777)
#z: 5.00
#log10(Lbol [erg/s])(0) log10(QLF_total [Mpc^-3 dex^-1])(1) log10(QLF(-3<logEta<-2) [Mpc^-3 dex^-1])(2) log10(QLF(-3<logEta<-2)_16th [Mpc^-3 dex^-1])(3) log10(QLF(-3<logEta<-2)_84th [Mpc^-3 dex^-1])(4)
#log10(QLF(-2<logEta<-1) [Mpc^-3 dex^-1])(5) log10(QLF(-2<logEta<-1)_16th [Mpc^-3 dex^-1])(6) log10(QLF(-2<logEta<-1)_84th [Mpc^-3 dex^-1])(7)
#log10(QLF(-1<logEta<0) [Mpc^-3 dex^-1])(8) log10(QLF(-1<logEta<0)_16th [Mpc^-3 dex^-1])(9) log10(QLF(-1<logEta<0)_84th [Mpc^-3 dex^-1])(10)
#log10(QLF(0<logEta<1) [Mpc^-3 dex^-1])(11) log10(QLF(0<logEta<1)_16th [Mpc^-3 dex^-1])(12) log10(QLF(0<logEta<1)_84th [Mpc^-3 dex^-1])(13)
40.000000 -6.245276 -8.598092 -9.743523 -8.254236 -9.917742 -10.313185 -8.656935 -8.194116 -8.584584 -7.549665 -inf nan nan
40.040000 -6.232432 -8.521069 -9.642831 -8.187542 -9.811051 -10.069296 -8.662345 -8.159139 -8.539358 -7.519459 nan nan nan
40.080000 -6.219956 -8.449611 -9.561994 -8.126941 -9.723579 -10.056090 -8.672703 -8.126756 -8.493051 -7.490682 nan nan nan
40.120000 -6.207394 -8.375841 -9.456443 -8.065288 -9.623516 -9.975539 -8.629675 -8.115893 -8.465148 -7.481028 -9.415230 -9.753949 -8.791165
40.160000 -6.194762 -8.309261 -9.370150 -8.008414 -9.532785 -9.926676 -8.584036 -8.128894 -8.457579 -7.495348 -8.913556 -9.245782 -8.272499
40.200000 -6.182487 -8.237625 -9.280802 -7.948319 -9.445504 -9.874120 -8.553501 -8.145285 -8.457923 -7.515733 -8.676345 -9.003523 -8.024173
40.240000 -6.169693 -8.173080 -9.213610 -7.920176 -9.350053 -9.805880 -8.515357 -8.156858 -8.468332 -7.526627 -8.524552 -8.838848 -7.839591
40.280000 -6.157265 -8.106148 -9.148060 -7.861192 -9.263801 -9.771751 -8.469476 -8.174092 -8.486482 -7.547859 -8.402919 -8.708402 -7.695509
40.320000 -6.144670 -8.043041 -9.086131 -7.804892 -9.177122 -9.738569 -8.420012 -8.185617 -8.497062 -7.559512 -8.301358 -8.594743 -7.575899
40.360000 -6.131930 -7.979550 -9.014858 -7.747965 -9.093011 -9.724404 -8.372924 -8.200789 -8.506617 -7.577048 -8.203699 -8.483255 -7.455470
40.400000 -6.119554 -7.917413 -8.941570 -7.691809 -9.014946 -9.671916 -8.325595 -8.214403 -8.514145 -7.594396 -8.125384 -8.394904 -7.357903
40.440000 -6.106343 -7.857008 -8.873150 -7.638574 -8.933456 -9.579993 -8.280258 -8.226886 -8.519015 -7.607628 -8.029438 -8.271890 -7.226146
40.480000 -6.093523 -7.794995 -8.792824 -7.581721 -8.854918 -9.516063 -8.235052 -8.240090 -8.521371 -7.626061 -7.950451 -8.190429 -7.123195
40.520000 -6.080348 -7.737963 -8.712547 -7.528566 -8.780793 -9.520350 -8.188181 -8.251392 -8.521578 -7.639990 -7.865843 -8.084295 -7.004264
40.560000 -6.066861 -7.675391 -8.619777 -7.474629 -8.704387 -9.465168 -8.139014 -8.263368 -8.530922 -7.658575 -7.779503 -7.975430 -6.882294
40.600000 -6.053781 -7.618701 -8.548410 -7.425585 -8.637064 -9.438062 -8.099981 -8.272985 -8.512851 -7.673115 -7.708062 -7.888761 -6.798499
40.640000 -6.039236 -7.558662 -8.469832 -7.374099 -8.562250 -9.405947 -8.074531 -8.283256 -8.504576 -7.659698 -7.607055 -7.750981 -6.625760
40.680000 -6.025163 -7.501891 -8.394902 -7.324878 -8.494696 -9.357920 -8.020150 -8.288616 -8.496408 -7.663347 -7.525838 -7.646873 -6.508398
40.720000 -6.010125 -7.444534 -8.326940 -7.268069 -8.428103 -9.282022 -7.966470 -8.296527 -8.490314 -7.675958 -7.430140 -7.536726 -6.351027
40.760000 -5.994236 -7.387564 -8.260787 -7.211686 -8.360987 -9.222459 -7.912003 -8.299425 -8.477730 -7.667510 -7.330882 -7.423587 -6.191932
40.800000 -5.978907 -7.332699 -8.199168 -7.157460 -8.301931 -9.164060 -7.863557 -8.303917 -8.471103 -7.676673 -7.249935 -7.327079 -6.075650
40.840000 -5.959274 -7.275464 -8.138713 -7.101242 -8.234466 -9.085353 -7.811174 -8.303538 -8.466547 -7.693185 -7.119746 -7.179894 -5.863501
40.880000 -5.940490 -7.222803 -8.082864 -7.050657 -8.175490 -9.018198 -7.760071 -8.301987 -8.480004 -7.711099 -7.019699 -7.075402 -5.743233
40.920000 -5.917274 -7.165506 -8.000373 -6.998302 -8.113556 -8.964642 -7.705094 -8.299019 -8.484169 -7.728987 -6.890845 -6.905311 -5.609966
40.960000 -5.890340 -7.112635 -7.927611 -6.949329 -8.053749 -8.918349 -7.653173 -8.290652 -8.493808 -7.742580 -6.757246 -6.722383 -5.489625
41.000000 -5.864979 -7.057748 -7.870263 -6.899491 -7.996981 -8.871485 -7.600549 -8.284058 -8.514171 -7.736785 -6.655132 -6.613161 -5.393687
41.040000 -5.817132 -7.004788 -7.815564 -6.851056 -7.934096 -8.809602 -7.541151 -8.268316 -8.517362 -7.706586 -6.460134 -6.391418 -5.367092
41.080000 -5.774037 -6.951919 -7.748076 -6.803251 -7.876485 -8.736904 -7.487387 -8.254612 -8.517609 -7.696697 -6.326003 -6.270650 -5.356261
41.120000 -5.715415 -6.899512 -7.678075 -6.756183 -7.816131 -8.686465 -7.431187 -8.233593 -8.493434 -7.669192 -6.226697 -6.202028 -5.369362
41.160000 -5.647230 -6.848654 -7.610407 -6.710359 -7.758011 -8.620275 -7.375889 -8.211428 -8.465593 -7.638468 -6.218863 -6.203685 -5.386797
41.200000 -5.588312 -6.797136 -7.539656 -6.679322 -7.700213 -8.557139 -7.322968 -8.185648 -8.465070 -7.604768 -6.287476 -6.223201 -5.399812
41.240000 -5.578856 -6.748444 -7.474692 -6.653256 -7.639916 -8.491562 -7.265060 -8.155083 -8.461628 -7.558273 -6.244936 -6.232230 -5.416000
41.280000 -5.569601 -6.697547 -7.404876 -6.612149 -7.581775 -8.425803 -7.212357 -8.123086 -8.473756 -7.519125 -6.302359 -6.230417 -5.429407
41.320000 -5.565570 -6.649962 -7.356391 -6.564446 -7.524286 -8.358842 -7.167252 -8.086482 -8.483165 -7.474249 -6.290787 -6.267198 -5.444947
41.360000 -5.566618 -6.601526 -7.303141 -6.516602 -7.465726 -8.286007 -7.129769 -8.048835 -8.462836 -7.444519 -6.306615 -6.283859 -5.461825
41.400000 -5.567668 -6.555448 -7.248744 -6.471098 -7.411144 -8.225702 -7.115698 -8.007318 -8.438419 -7.404387 -6.331984 -6.280386 -5.478785
41.440000 -5.567963 -6.509420 -7.190987 -6.428719 -7.351820 -8.168187 -7.059402 -7.964718 -8.395843 -7.360469 -6.333648 -6.313737 -5.499996
41.480000 -5.568258 -6.464828 -7.133505 -6.392166 -7.295376 -8.116071 -7.006591 -7.918127 -8.379831 -7.321444 -6.343946 -6.311830 -5.525567
41.520000 -5.567779 -6.421546 -7.077503 -6.357403 -7.240517 -8.058273 -6.954121 -7.872104 -8.362933 -7.287974 -6.368403 -6.339477 -5.542736
41.560000 -5.566528 -6.378840 -7.020044 -6.323584 -7.181980 -7.989002 -6.906995 -7.822541 -8.333009 -7.285209 -6.367959 -6.319631 -5.565993
41.600000 -5.565280 -6.338471 -6.966781 -6.291220 -7.129889 -7.931812 -6.866400 -7.774149 -8.297806 -7.224387 -6.394023 -6.322091 -5.574890
41.640000 -5.562343 -6.297727 -6.909497 -6.258719 -7.071336 -7.859393 -6.821397 -7.722340 -8.280525 -7.157548 -6.408160 -6.352730 -5.588882
41.680000 -5.559426 -6.259320 -6.865713 -6.227821 -7.018096 -7.783145 -6.775577 -7.670740 -8.244308 -7.111297 -6.400900 -6.346228 -5.619213
41.720000 -5.555483 -6.221670 -6.818785 -6.194055 -6.962903 -7.702742 -6.729356 -7.618965 -8.206261 -7.069203 -6.447277 -6.359371 -5.635951
41.760000 -5.550541 -6.185525 -6.771736 -6.161727 -6.907533 -7.621930 -6.683047 -7.564686 -8.160264 -7.026707 -6.421662 -6.367301 -5.674634
41.800000 -5.545655 -6.150797 -6.725055 -6.128081 -6.856082 -7.556553 -6.631999 -7.513633 -8.119830 -6.987254 -6.478292 -6.375828 -5.669687
41.840000 -5.538022 -6.117166 -6.680070 -6.096619 -6.797620 -7.489190 -6.572119 -7.456916 -8.089515 -6.942984 -6.455344 -6.371120 -5.703921
41.880000 -5.530522 -6.084774 -6.634960 -6.069356 -6.745393 -7.424761 -6.518621 -7.403832 -8.042786 -6.902150 -6.471984 -6.376490 -5.719993
41.920000 -5.522142 -6.054272 -6.592137 -6.037418 -6.688817 -7.357838 -6.461905 -7.348169 -8.016579 -6.860221 -6.504307 -6.384834 -5.726114
41.960000 -5.512936 -6.024440 -6.552548 -5.998926 -6.634424 -7.295158 -6.406790 -7.293321 -7.992432 -6.817901 -6.479547 -6.367601 -5.752744
42.000000 -5.503922 -5.996843 -6.515311 -5.959708 -6.581920 -7.238139 -6.355829 -7.238982 -7.964811 -6.778533 -6.568990 -6.401524 -5.722332
42.040000 -5.494931 -5.969641 -6.477303 -5.926951 -6.525980 -7.175611 -6.301317 -7.182505 -7.919968 -6.734568 -6.507566 -6.379253 -5.740454
42.080000 -5.486122 -5.944439 -6.441872 -5.891107 -6.473527 -7.117457 -6.250799 -7.127992 -7.861914 -6.693820 -6.544040 -6.360251 -5.753186
42.120000 -5.476929 -5.920410 -6.400356 -5.855691 -6.420235 -7.049386 -6.201577 -7.071688 -7.799982 -6.652191 -6.544143 -6.376000 -5.754280
42.160000 -5.467379 -5.897448 -6.354809 -5.823834 -6.367088 -6.978144 -6.165125 -7.017322 -7.755920 -6.630802 -6.543206 -6.377843 -5.744120
42.200000 -5.458034 -5.876686 -6.311634 -5.810982 -6.317152 -6.925325 -6.123203 -6.961094 -7.707258 -6.605313 -6.570620 -6.345152 -5.756864
42.240000 -5.446349 -5.855862 -6.269289 -5.799696 -6.263823 -6.868885 -6.065241 -6.905447 -7.653702 -6.552319 -6.551657 -6.336164 -5.773847
42.280000 -5.434970 -5.837991 -6.236470 -5.780567 -6.212920 -6.815882 -6.012854 -6.849260 -7.573355 -6.500759 -6.556900 -6.301190 -5.785641
42.320000 -5.422208 -5.820103 -6.208126 -5.753391 -6.163004 -6.756846 -5.961964 -6.794024 -7.500186 -6.449214 -6.552022 -6.328947 -5.794573
42.360000 -5.408192 -5.804700 -6.181928 -5.734232 -6.112250 -6.696154 -5.917957 -6.737904 -7.429787 -6.402138 -6.542107 -6.324245 -5.803739
42.400000 -5.394614 -5.790071 -6.156889 -5.715801 -6.066274 -6.641526 -5.877611 -6.683148 -7.353851 -6.361173 -6.535062 -6.317644 -5.787444
42.440000 -5.378253 -5.776788 -6.133080 -5.709490 -6.015953 -6.580519 -5.825337 -6.627154 -7.275101 -6.309706 -6.518739 -6.313909 -5.768066
42.480000 -5.362487 -5.765008 -6.110552 -5.700780 -5.970285 -6.525158 -5.780919 -6.571311 -7.197002 -6.252082 -6.492006 -6.289875 -5.781605
42.520000 -5.345724 -5.754245 -6.088532 -5.681898 -5.924248 -6.469415 -5.737332 -6.517385 -7.145805 -6.195894 -6.489504 -6.291875 -5.787088
42.560000 -5.328097 -5.745282 -6.069320 -5.663971 -5.878811 -6.413561 -5.696312 -6.460261 -7.093139 -6.137217 -6.452188 -6.298237 -5.813593
42.600000 -5.311158 -5.737059 -6.052732 -5.655615 -5.837555 -6.363539 -5.661235 -6.406944 -7.043896 -6.087147 -6.444084 -6.284764 -5.816643
42.640000 -5.291110 -5.730842 -6.043013 -5.642044 -5.791689 -6.307363 -5.627351 -6.350155 -6.990047 -6.043190 -6.409451 -6.283761 -5.821593
42.680000 -5.271948 -5.725056 -6.035304 -5.627961 -5.750565 -6.254682 -5.596245 -6.296016 -6.939482 -6.001604 -6.378143 -6.280468 -5.799579
42.720000 -5.251580 -5.721647 -6.025026 -5.618960 -5.709077 -6.199471 -5.554201 -6.241157 -6.887765 -5.942249 -6.358986 -6.256204 -5.771191
42.760000 -5.230206 -5.718611 -6.022063 -5.621983 -5.668238 -6.145030 -5.508531 -6.186359 -6.833407 -5.882608 -6.313612 -6.265223 -5.780454
42.800000 -5.209835 -5.717656 -6.009242 -5.638719 -5.631230 -6.094986 -5.467161 -6.133440 -6.763916 -5.852027 -6.291361 -6.241659 -5.781050
42.840000 -5.187386 -5.717258 -5.999812 -5.644319 -5.592350 -6.044967 -5.421568 -6.078231 -6.688510 -5.826104 -6.251964 -6.238551 -5.761001
42.880000 -5.166041 -5.718401 -6.013410 -5.644371 -5.556977 -5.993985 -5.391604 -6.026283 -6.619774 -5.774869 -6.216693 -6.234419 -5.734640
42.920000 -5.143862 -5.720924 -6.007217 -5.640605 -5.522884 -5.949840 -5.368043 -5.971894 -6.545934 -5.719351 -6.184112 -6.219863 -5.726266
42.960000 -5.121022 -5.724264 -6.004644 -5.637455 -5.488734 -5.907000 -5.333681 -5.919867 -6.476403 -5.669412 -6.145847 -6.212091 -5.715487
43.000000 -5.099323 -5.729558 -6.012256 -5.637312 -5.459068 -5.867515 -5.320400 -5.867609 -6.405412 -5.620275 -6.105476 -6.185365 -5.677306
43.040000 -5.074115 -5.735053 -6.018974 -5.633965 -5.424895 -5.822620 -5.289556 -5.815909 -6.347880 -5.572081 -6.072527 -6.164128 -5.651349
43.080000 -5.050290 -5.742685 -6.027917 -5.633639 -5.395123 -5.781216 -5.256833 -5.764964 -6.296433 -5.525471 -6.027649 -6.149286 -5.611996
43.120000 -5.025775 -5.750982 -6.039585 -5.633912 -5.365922 -5.741363 -5.223755 -5.714731 -6.244576 -5.479963 -5.995053 -6.140641 -5.582748
43.160000 -5.000748 -5.760689 -6.034153 -5.637950 -5.337245 -5.701499 -5.188034 -5.665445 -6.194647 -5.435747 -5.954916 -6.116227 -5.552830
43.200000 -4.977086 -5.771633 -6.034250 -5.649646 -5.312953 -5.665713 -5.156795 -5.616682 -6.147165 -5.393432 -5.914837 -6.086227 -5.523475
43.240000 -4.951488 -5.783565 -6.054155 -5.666351 -5.285585 -5.623111 -5.122567 -5.569620 -6.099585 -5.355756 -5.881025 -6.067846 -5.505997
43.280000 -4.927316 -5.796560 -6.074033 -5.684304 -5.263211 -5.588956 -5.092268 -5.522058 -6.051036 -5.318251 -5.839768 -6.055357 -5.482132
43.320000 -4.903195 -5.811313 -6.094775 -5.691101 -5.240666 -5.556028 -5.058669 -5.476835 -5.991384 -5.282658 -5.806785 -6.040583 -5.460786
43.360000 -4.879185 -5.826170 -6.102389 -5.702230 -5.219993 -5.526001 -5.038850 -5.431862 -5.930357 -5.247099 -5.769393 -6.011182 -5.435650
43.400000 -4.856433 -5.843158 -6.112246 -5.709050 -5.202227 -5.497059 -5.022280 -5.388412 -5.872658 -5.204829 -5.733636 -5.977428 -5.407000
43.440000 -4.833307 -5.860467 -6.123844 -5.717119 -5.183550 -5.464650 -5.000459 -5.346398 -5.812958 -5.163207 -5.702835 -5.949630 -5.385080
43.480000 -4.811350 -5.879397 -6.140328 -5.726949 -5.168278 -5.432923 -4.980246 -5.305361 -5.757521 -5.124215 -5.669549 -5.912540 -5.364413
43.520000 -4.789767 -5.899450 -6.152547 -5.740190 -5.153680 -5.398957 -4.959671 -5.265908 -5.709406 -5.091173 -5.637816 -5.871666 -5.336244
43.560000 -4.768556 -5.920102 -6.164091 -5.755624 -5.140469 -5.369995 -4.942480 -5.227944 -5.665768 -5.056941 -5.607193 -5.833571 -5.309030
43.600000 -4.748332 -5.943104 -6.185636 -5.771221 -5.129870 -5.344547 -4.932714 -5.190819 -5.616651 -5.027371 -5.572986 -5.803235 -5.280051
43.640000 -4.728022 -5.965236 -6.210393 -5.788657 -5.118378 -5.328580 -4.920675 -5.156368 -5.562275 -4.994724 -5.544939 -5.775259 -5.256755
43.680000 -4.708620 -5.990957 -6.240280 -5.809628 -5.109437 -5.310956 -4.910609 -5.122515 -5.511722 -4.965953 -5.513741 -5.744033 -5.231323
43.720000 -4.690205 -6.014752 -6.266457 -5.830698 -5.102143 -5.291707 -4.904517 -5.090730 -5.460516 -4.937659 -5.484254 -5.710385 -5.209167
43.760000 -4.672691 -6.041712 -6.297153 -5.854875 -5.095800 -5.279517 -4.894701 -5.060695 -5.417869 -4.910321 -5.458335 -5.678293 -5.190923
43.800000 -4.655856 -6.068571 -6.327521 -5.882685 -5.092369 -5.280593 -4.890146 -5.031056 -5.378700 -4.885761 -5.427193 -5.641968 -5.175643
43.840000 -4.640648 -6.096743 -6.359279 -5.913737 -5.088105 -5.276149 -4.887744 -5.005414 -5.332776 -4.860453 -5.407113 -5.611522 -5.165960
43.880000 -4.625954 -6.126156 -6.391959 -5.946060 -5.086634 -5.268046 -4.886732 -4.979581 -5.293372 -4.838517 -5.382301 -5.585458 -5.155190
43.920000 -4.612588 -6.155684 -6.424391 -5.978570 -5.085877 -5.253679 -4.887422 -4.956609 -5.258248 -4.816309 -5.360763 -5.562240 -5.147568
43.960000 -4.600443 -6.187808 -6.459486 -6.013928 -5.086462 -5.249356 -4.887767 -4.934966 -5.238407 -4.797449 -5.342036 -5.534903 -5.140642
44.000000 -4.588628 -6.218433 -6.492454 -6.047531 -5.088777 -5.254705 -4.887807 -4.914181 -5.212370 -4.784377 -5.320266 -5.502484 -5.128333
44.040000 -4.579649 -6.253389 -6.530068 -6.086013 -5.091432 -5.255993 -4.890490 -4.897315 -5.182904 -4.770031 -5.307435 -5.477736 -5.124221
44.080000 -4.570851 -6.284462 -6.563133 -6.116704 -5.095965 -5.249126 -4.894395 -4.880771 -5.153944 -4.755563 -5.291943 -5.449248 -5.119047
44.120000 -4.563707 -6.320198 -6.600669 -6.149539 -5.101925 -5.238991 -4.894945 -4.866279 -5.124708 -4.738497 -5.278797 -5.428107 -5.116340
44.160000 -4.558138 -6.354102 -6.635873 -6.181724 -5.108794 -5.229467 -4.891974 -4.854126 -5.088781 -4.725672 -5.268022 -5.410392 -5.118725
44.200000 -4.552640 -6.390616 -6.673587 -6.216675 -5.117589 -5.236799 -4.898839 -4.841753 -5.060281 -4.722349 -5.255993 -5.390389 -5.110719
44.240000 -4.550562 -6.427290 -6.708811 -6.252280 -5.127240 -5.241727 -4.912580 -4.834011 -5.040558 -4.715060 -5.250130 -5.376028 -5.114536
44.280000 -4.548494 -6.463991 -6.743871 -6.288578 -5.137745 -5.252504 -4.927940 -4.826522 -5.027094 -4.702983 -5.243679 -5.362452 -5.127276
44.320000 -4.548297 -6.504000 -6.782471 -6.328244 -5.151395 -5.267107 -4.946531 -4.820338 -5.011208 -4.692709 -5.238519 -5.350599 -5.129687
44.360000 -4.549970 -6.540761 -6.817110 -6.365526 -5.163840 -5.278177 -4.955945 -4.817811 -4.997653 -4.694253 -5.236949 -5.344917 -5.134478
44.400000 -4.551650 -6.584265 -6.859492 -6.409474 -5.180119 -5.296699 -4.962685 -4.813601 -4.983722 -4.697692 -5.234088 -5.337738 -5.138824
44.440000 -4.556961 -6.620992 -6.893685 -6.447435 -5.195299 -5.316335 -4.980217 -4.815324 -4.976832 -4.698249 -5.236814 -5.349868 -5.146371
44.480000 -4.562338 -6.664328 -6.935275 -6.493841 -5.213015 -5.337985 -5.000630 -4.815985 -4.970706 -4.705694 -5.239854 -5.357967 -5.152146
44.520000 -4.569480 -6.704811 -6.976186 -6.538904 -5.231529 -5.355525 -5.025844 -4.818974 -4.968675 -4.715835 -5.244149 -5.345851 -5.160713
44.560000 -4.578475 -6.748098 -7.024097 -6.587980 -5.250352 -5.373328 -5.050742 -4.824501 -4.960560 -4.717910 -5.251774 -5.348460 -5.169916
44.600000 -4.587661 -6.792387 -7.073200 -6.640408 -5.272015 -5.396152 -5.071061 -4.828849 -4.952031 -4.719330 -5.259760 -5.357181 -5.180333
44.640000 -4.600317 -6.835587 -7.120295 -6.690795 -5.292308 -5.416106 -5.090067 -4.838904 -4.949618 -4.727304 -5.271661 -5.367785 -5.189864
44.680000 -4.613353 -6.883495 -7.173562 -6.746886 -5.317143 -5.446170 -5.110037 -4.847235 -4.952870 -4.737321 -5.285300 -5.373542 -5.196616
44.720000 -4.628157 -6.927036 -7.220112 -6.790696 -5.338890 -5.470709 -5.125500 -4.859145 -4.960809 -4.753751 -5.300792 -5.396776 -5.207261
44.760000 -4.644901 -6.978840 -7.275967 -6.842274 -5.365021 -5.500938 -5.156067 -4.871904 -4.967117 -4.763626 -5.319416 -5.401957 -5.224337
44.800000 -4.662317 -7.022722 -7.326488 -6.884125 -5.389902 -5.529166 -5.183639 -4.885319 -4.980883 -4.783652 -5.340452 -5.431702 -5.234176
44.840000 -4.682123 -7.074322 -7.379922 -6.934330 -5.417297 -5.559784 -5.216831 -4.902060 -4.995517 -4.806108 -5.361925 -5.456188 -5.247327
44.880000 -4.702875 -7.122536 -7.429770 -6.980802 -5.445209 -5.590022 -5.247939 -4.918929 -5.014801 -4.830253 -5.387001 -5.475477 -5.265855
44.920000 -4.725030 -7.174504 -7.483373 -7.031472 -5.473622 -5.618939 -5.267983 -4.937604 -5.026079 -4.849769 -5.413457 -5.508338 -5.289314
44.960000 -4.748757 -7.227266 -7.538564 -7.086879 -5.504879 -5.651794 -5.286503 -4.957319 -5.041775 -4.870428 -5.442283 -5.536096 -5.307360
45.000000 -4.773855 -7.279604 -7.595346 -7.138132 -5.533752 -5.681356 -5.314848 -4.978535 -5.059785 -4.889676 -5.475514 -5.577701 -5.338569
45.040000 -4.799846 -7.337305 -7.658440 -7.198154 -5.568738 -5.717851 -5.354003 -5.000673 -5.079790 -4.910061 -5.505468 -5.612422 -5.355368
45.080000 -4.827492 -7.389591 -7.714588 -7.255360 -5.597833 -5.747253 -5.386925 -5.025505 -5.106478 -4.933653 -5.540655 -5.655677 -5.382812
45.120000 -4.856086 -7.453075 -7.784067 -7.325422 -5.633427 -5.786926 -5.427211 -5.049536 -5.132880 -4.958063 -5.577610 -5.697502 -5.413567
45.160000 -4.885699 -7.505286 -7.839544 -7.375340 -5.665932 -5.821683 -5.463775 -5.076407 -5.162274 -4.984393 -5.613797 -5.737295 -5.441255
45.200000 -4.917480 -7.569058 -7.908629 -7.438988 -5.701703 -5.861608 -5.502088 -5.103019 -5.192200 -5.000779 -5.659664 -5.788786 -5.481370
45.240000 -4.948478 -7.627147 -7.970401 -7.498145 -5.737842 -5.900595 -5.538690 -5.131158 -5.222592 -5.029227 -5.696074 -5.826796 -5.513260
45.280000 -4.981860 -7.690831 -8.037726 -7.560328 -5.773537 -5.939208 -5.573833 -5.160827 -5.254638 -5.060388 -5.740975 -5.884688 -5.549432
45.320000 -5.015751 -7.755649 -8.106118 -7.622748 -5.813320 -5.982941 -5.611902 -5.189656 -5.285612 -5.091685 -5.788536 -5.935117 -5.585192
45.360000 -5.050054 -7.819150 -8.167900 -7.683033 -5.848792 -6.020018 -5.647176 -5.221636 -5.319011 -5.125320 -5.830862 -5.972721 -5.619156
45.400000 -5.087300 -7.891281 -8.238127 -7.752078 -5.891939 -6.069098 -5.687095 -5.252248 -5.351630 -5.158870 -5.889714 -6.027602 -5.663412
45.440000 -5.122021 -7.954515 -8.299262 -7.812218 -5.927363 -6.105036 -5.723230 -5.285484 -5.385506 -5.194093 -5.930013 -6.060606 -5.697519
45.480000 -5.159761 -8.034132 -8.376350 -7.888854 -5.970103 -6.149831 -5.763707 -5.318267 -5.419209 -5.229398 -5.984690 -6.111745 -5.741258
45.520000 -5.197609 -8.097419 -8.437253 -7.949420 -6.009297 -6.189435 -5.801926 -5.352400 -5.453091 -5.264750 -6.038469 -6.164651 -5.783938
45.560000 -5.235267 -8.176519 -8.513314 -8.025840 -6.052027 -6.232386 -5.843345 -5.386559 -5.485624 -5.299181 -6.087640 -6.208864 -5.829715
45.600000 -5.276504 -8.248358 -8.582234 -8.095346 -6.094800 -6.275491 -5.883392 -5.422267 -5.520542 -5.336012 -6.155645 -6.273586 -5.889439
45.640000 -5.313841 -8.326829 -8.657103 -8.171464 -6.137647 -6.318671 -5.925955 -5.457350 -5.553977 -5.371187 -6.198700 -6.311982 -5.933450
45.680000 -5.354693 -8.407451 -8.734696 -8.250117 -6.184706 -6.366229 -5.973363 -5.493071 -5.590539 -5.409184 -6.261128 -6.371066 -5.990746
45.720000 -5.395407 -8.485526 -8.808074 -8.326391 -6.227117 -6.408908 -6.022382 -5.530767 -5.630373 -5.449990 -6.317587 -6.421072 -6.047292
45.760000 -5.435526 -8.575632 -8.894261 -8.415085 -6.278950 -6.462555 -6.079579 -5.566384 -5.668267 -5.486489 -6.371070 -6.468771 -6.100217
45.800000 -5.479733 -8.653125 -8.969270 -8.491352 -6.320620 -6.504153 -6.125782 -5.606859 -5.711037 -5.529443 -6.442945 -6.531331 -6.169983
45.840000 -5.519074 -8.753419 -9.068691 -8.591037 -6.372707 -6.557717 -6.176659 -5.643095 -5.747669 -5.567214 -6.486697 -6.568654 -6.216741
45.880000 -5.562336 -8.829761 -9.148522 -8.666469 -6.419293 -6.604687 -6.221913 -5.683204 -5.788131 -5.610672 -6.547930 -6.630907 -6.278289
45.920000 -5.605400 -8.928690 -9.253967 -8.765555 -6.471026 -6.656840 -6.280234 -5.722547 -5.827153 -5.652705 -6.606797 -6.694010 -6.338895
45.960000 -5.647704 -9.016356 -9.346594 -8.853137 -6.523092 -6.710006 -6.337857 -5.761981 -5.865659 -5.694822 -6.657846 -6.747270 -6.393162
46.000000 -5.694578 -9.113698 -9.449525 -8.951303 -6.574091 -6.762925 -6.392762 -5.805043 -5.906631 -5.742190 -6.729731 -6.803056 -6.465448
46.040000 -5.736095 -9.213408 -9.555130 -9.052117 -6.632495 -6.822714 -6.453686 -5.843689 -5.942307 -5.783967 -6.771549 -6.831970 -6.511857
46.080000 -5.782005 -9.308554 -9.654990 -9.148444 -6.683651 -6.874157 -6.503478 -5.887793 -5.982880 -5.831724 -6.825530 -6.873675 -6.581549
46.120000 -5.827784 -9.421462 -9.767370 -9.264175 -6.747828 -6.942275 -6.563633 -5.929267 -6.023586 -5.875472 -6.883757 -6.925458 -6.648140
46.160000 -5.872788 -9.514248 -9.858446 -9.358403 -6.799140 -6.994615 -6.615106 -5.973702 -6.067946 -5.923070 -6.925229 -6.959832 -6.691033
46.200000 -5.923000 -9.641078 -9.987732 -9.490087 -6.862313 -7.060364 -6.674283 -6.019719 -6.117944 -5.973612 -6.996366 -7.023111 -6.768738
46.240000 -5.967298 -9.731310 -10.076840 -9.581938 -6.920768 -7.119587 -6.732654 -6.063397 -6.163507 -6.019752 -7.027684 -7.049882 -6.808455
46.280000 -6.016633 -9.853844 -10.199568 -9.709552 -6.983981 -7.184513 -6.793653 -6.110609 -6.214073 -6.070611 -7.079029 -7.095622 -6.861202
46.320000 -6.065953 -9.960249 -10.305404 -9.819797 -7.048785 -7.250667 -6.856746 -6.157590 -6.261379 -6.117427 -7.131122 -7.150587 -6.908075
46.360000 -6.114496 -10.078395 -10.421705 -9.942014 -7.112572 -7.314958 -6.920840 -6.205610 -6.308087 -6.167981 -7.166602 -7.189713 -6.953075
46.400000 -6.169157 -10.201609 -10.553619 -10.071409 -7.183688 -7.396715 -6.992141 -6.256749 -6.359029 -6.222604 -7.235427 -7.253359 -7.013330
46.440000 -6.217036 -10.315358 -10.673883 -10.190015 -7.248242 -7.460916 -7.063890 -6.305437 -6.406386 -6.273130 -7.257892 -7.274170 -7.039962
46.480000 -6.270856 -10.455581 -10.810006 -10.339452 -7.327826 -7.543429 -7.145599 -6.356737 -6.460479 -6.325722 -7.308721 -7.328199 -7.102043
46.520000 -6.324745 -10.565429 -10.913341 -10.454024 -7.391288 -7.603733 -7.213400 -6.410795 -6.515376 -6.379961 -7.352126 -7.369256 -7.145913
46.560000 -6.377733 -10.723349 -11.066545 -10.607780 -7.471438 -7.683950 -7.290797 -6.462922 -6.569009 -6.431972 -7.388844 -7.406744 -7.190374
46.600000 -6.438097 -10.829523 -11.171101 -10.722396 -7.542075 -7.753975 -7.358146 -6.522178 -6.631244 -6.491699 -7.450135 -7.469778 -7.254903
46.640000 -6.490244 -10.979740 -11.320888 -10.871702 -7.622959 -7.837815 -7.440844 -6.574989 -6.685178 -6.544095 -7.475011 -7.494680 -7.286859
46.680000 -6.549520 -11.108698 -11.453391 -10.992917 -7.703329 -7.923271 -7.526803 -6.633702 -6.746135 -6.603063 -7.524205 -7.543474 -7.338204
46.720000 -6.608878 -11.252714 -11.601420 -11.128836 -7.782645 -8.001931 -7.614489 -6.693552 -6.807959 -6.662795 -7.567121 -7.587521 -7.384993
46.760000 -6.666999 -11.406085 -11.759094 -11.273650 -7.873726 -8.091452 -7.712502 -6.751574 -6.867671 -6.720692 -7.607028 -7.626758 -7.424799
46.800000 -6.734117 -11.545938 -11.904833 -11.416443 -7.950780 -8.164614 -7.797670 -6.819268 -6.937515 -6.788626 -7.664797 -7.684718 -7.477374
46.840000 -6.790968 -11.727830 -12.091345 -11.594780 -8.053597 -8.261444 -7.898066 -6.876994 -6.996556 -6.845085 -7.693840 -7.713957 -7.507696
46.880000 -6.856397 -11.867453 -12.231117 -11.728706 -8.130546 -8.334071 -7.971666 -6.944699 -7.064465 -6.912372 -7.739860 -7.761220 -7.556963
46.920000 -6.921886 -12.090118 -12.461984 -11.944960 -8.231055 -8.428912 -8.065946 -7.010724 -7.130650 -6.977416 -7.788626 -7.811263 -7.606781
46.960000 -6.985599 -12.240876 -12.610558 -12.090087 -8.320303 -8.518550 -8.160430 -7.077469 -7.197123 -7.043118 -7.826081 -7.850175 -7.646727
47.000000 -7.060293 -12.492546 -12.869032 -12.336618 -8.417591 -8.623536 -8.256473 -7.152683 -7.270142 -7.116154 -7.890910 -7.916116 -7.705938
47.040000 -7.122135 -12.757976 -13.138099 -12.596969 -8.520501 -8.732265 -8.359276 -7.218123 -7.335031 -7.180914 -7.922555 -7.948842 -7.741671
47.080000 -7.194267 -13.223239 -13.600996 -13.057817 -8.616978 -8.828355 -8.453344 -7.293577 -7.407802 -7.254222 -7.972536 -8.002032 -7.792590
47.120000 -7.266385 nan nan nan -8.730931 -8.944063 -8.566247 -7.367334 -7.480356 -7.329930 -8.028107 -8.054036 -7.846609
47.160000 -7.335924 nan nan nan -8.827023 -9.038335 -8.673434 -7.442663 -7.554025 -7.404753 -8.067300 -8.094921 -7.889676
47.200000 -7.418762 -inf nan nan -8.951731 -9.164914 -8.794381 -7.526427 -7.634404 -7.489346 -8.139422 -8.161947 -7.952178
47.240000 -7.485660 -inf nan nan -9.047944 -9.254221 -8.889637 -7.600626 -7.706373 -7.562035 -8.173532 -8.196932 -7.991420
47.280000 -7.564774 -inf nan nan -9.170981 -9.374870 -9.006503 -7.683898 -7.787833 -7.643059 -8.232082 -8.257650 -8.050933
47.320000 -7.643801 -inf nan nan -9.279931 -9.479212 -9.120581 -7.768051 -7.869261 -7.724873 -8.290280 -8.317289 -8.110202
47.360000 -7.719241 -inf nan nan -9.401446 -9.602879 -9.251674 -7.850528 -7.948079 -7.807271 -8.338864 -8.365422 -8.158703
47.400000 -7.810600 -inf nan nan -9.523194 -9.719407 -9.371339 -7.945291 -8.036173 -7.901081 -8.417426 -8.442429 -8.230735
47.440000 -7.882473 -inf nan nan -9.643432 -9.847505 -9.486831 -8.026962 -8.121359 -7.982517 -8.458133 -8.483442 -8.272157
47.480000 -7.968648 -inf nan nan -9.782771 -9.991297 -9.618386 -8.119168 -8.211220 -8.073399 -8.525296 -8.549419 -8.335891
47.520000 -8.054663 -inf nan nan -9.897600 -10.110695 -9.729088 -8.213573 -8.303334 -8.165905 -8.589177 -8.614555 -8.400186
47.560000 -8.135854 -inf nan nan -10.055462 -10.264721 -9.883187 -8.304002 -8.397741 -8.252737 -8.645909 -8.672489 -8.455308
47.600000 -8.235795 -inf nan nan -10.164727 -10.367886 -9.989595 -8.410598 -8.507197 -8.357102 -8.731227 -8.764752 -8.535867
47.640000 -8.312324 -inf nan nan -10.319325 -10.518535 -10.151890 -8.499875 -8.598822 -8.445284 -8.779763 -8.815969 -8.587805
47.680000 -8.405285 -inf nan nan -10.450545 -10.648919 -10.279611 -8.603086 -8.705877 -8.542889 -8.852835 -8.897776 -8.657769
47.720000 -8.498097 -inf nan nan -10.598539 -10.813240 -10.424787 -8.706599 -8.813336 -8.640091 -8.926001 -8.977904 -8.724740
47.760000 -8.584796 -inf nan nan -10.753872 -10.996001 -10.585894 -8.806943 -8.909705 -8.736050 -8.989708 -9.043592 -8.786941
47.800000 -8.693232 -inf nan nan -10.896629 -11.163044 -10.739104 -8.924441 -9.023347 -8.846135 -9.084141 -9.140472 -8.880027
47.840000 -8.774293 -inf nan nan -11.081104 -11.342799 -10.926455 -9.022424 -9.124695 -8.945179 -9.140529 -9.198668 -8.937252
47.880000 -8.874037 -inf nan nan -11.227787 -11.484483 -11.078791 -9.136511 -9.240294 -9.052506 -9.221663 -9.281264 -9.023914
47.920000 -8.973742 -inf nan nan -11.449350 -11.716493 -11.299212 -9.249909 -9.360273 -9.160969 -9.304251 -9.361860 -9.106580
47.960000 -9.065969 -inf nan nan -11.612844 -11.892822 -11.468180 -9.360767 -9.476014 -9.264641 -9.375850 -9.431240 -9.182419
48.000000 -9.183212 -inf nan nan -11.866267 -12.170286 -11.712660 -9.489569 -9.608890 -9.384998 -9.480767 -9.534324 -9.288830
48.040000 -9.268853 -inf nan nan -12.146471 -12.449846 -11.987869 -9.597464 -9.716782 -9.490824 -9.545050 -9.600730 -9.352099
48.080000 -9.375638 -inf nan nan -12.634015 -12.947317 -12.484184 -9.721991 -9.837234 -9.610982 -9.636090 -9.695748 -9.440328
48.120000 -9.482608 -inf nan nan nan nan nan -9.847258 -9.965191 -9.733241 -9.728163 -9.791456 -9.529201
48.160000 -9.580599 -inf nan nan nan nan nan -9.968677 -10.094281 -9.849341 -9.809174 -9.874896 -9.609563
48.200000 -9.707345 -inf nan nan -inf nan nan -10.111884 -10.248613 -9.983715 -9.924855 -9.992070 -9.723745
48.240000 -9.797804 -inf nan nan -inf nan nan -10.229999 -10.376139 -10.095291 -9.998254 -10.066410 -9.797868
48.280000 -9.912200 -inf nan nan -inf nan nan -10.368142 -10.527801 -10.225798 -10.099304 -10.175991 -9.897596
48.320000 -10.027147 -inf nan nan -inf nan nan -10.505934 -10.666517 -10.356104 -10.202428 -10.284095 -10.003266
48.360000 -10.131363 -inf nan nan -inf nan nan -10.640244 -10.810043 -10.486412 -10.292437 -10.375687 -10.094421
48.400000 -10.268759 -inf nan nan -inf nan nan -10.797099 -10.977996 -10.630973 -10.421357 -10.512684 -10.217807
48.440000 -10.364318 -inf nan nan -inf nan nan -10.928622 -11.116978 -10.759864 -10.502644 -10.599192 -10.300657
48.480000 -10.487013 -inf nan nan -inf nan nan -11.081644 -11.280287 -10.903802 -10.614486 -10.715365 -10.412369
48.520000 -10.610710 -inf nan nan -inf nan nan -11.233825 -11.439051 -11.040187 -10.728888 -10.836407 -10.535555
48.560000 -10.721416 -inf nan nan -inf nan nan -11.386177 -11.610789 -11.181820 -10.827360 -10.938484 -10.642484
48.600000 -10.870368 -inf nan nan -inf nan nan -11.557200 -11.783743 -11.331568 -10.970397 -11.091971 -10.780142
48.640000 -10.971165 -inf nan nan -inf nan nan -11.708407 -11.945332 -11.476941 -11.059060 -11.179468 -10.864801
48.680000 -11.102659 -inf nan nan -inf nan nan -11.877295 -12.118559 -11.630105 -11.182633 -11.307229 -10.984035
48.720000 -11.235906 -inf nan nan -inf nan nan -12.052997 -12.299916 -11.794152 -11.307747 -11.445686 -11.114336
48.760000 -11.353712 -inf nan nan -inf nan nan -12.225290 -12.480119 -11.956977 -11.416487 -11.562119 -11.226047
48.800000 -11.515880 -inf nan nan -inf nan nan -12.425342 -12.681497 -12.147117 -11.573004 -11.742057 -11.369651
48.840000 -11.622511 -inf nan nan -inf nan nan -12.608162 -12.879642 -12.325593 -11.669938 -11.849059 -11.462209
48.880000 -11.764150 -inf nan nan -inf nan nan -12.811128 -13.085927 -12.520317 -11.805126 -11.992580 -11.589296
48.920000 -11.908634 -inf nan nan -inf nan nan -13.043314 -13.334411 -12.746378 -11.941751 -12.134081 -11.724328
48.960000 -12.034510 -inf nan nan -inf nan nan -13.266532 -13.549099 -12.961509 -12.060901 -12.255549 -11.841899
49.000000 -12.212480 -inf nan nan -inf nan nan -13.571916 -13.848921 -13.258504 -12.231924 -12.434084 -12.008163
49.040000 -12.325824 -inf nan nan -inf nan nan -13.893688 -14.170297 -13.571307 -12.337864 -12.541006 -12.110292
49.080000 -12.479614 -inf nan nan -inf nan nan -14.472388 -14.736626 -14.131161 -12.484221 -12.691695 -12.251198
49.120000 -12.637974 -inf nan nan -inf nan nan nan nan nan -12.638062 -12.852192 -12.396392
49.160000 -12.773521 -inf nan nan -inf nan nan nan nan nan -12.773722 -12.992975 -12.530053
49.200000 -12.971640 -inf nan nan -inf nan nan -inf nan nan -12.971689 -13.205736 -12.717424
49.240000 -13.093479 -inf nan nan -inf nan nan -inf nan nan -13.093692 -13.334807 -12.835022
49.280000 -13.263435 -inf nan nan -inf nan nan -inf nan nan -13.263650 -13.519228 -12.995886
49.320000 -13.441874 -inf nan nan -inf nan nan -inf nan nan -13.442082 -13.716246 -13.163447
49.360000 -13.593024 -inf nan nan -inf nan nan -inf nan nan -13.593335 -13.880803 -13.307838
49.400000 -13.826822 -inf nan nan -inf nan nan -inf nan nan nan nan nan
49.440000 -13.965229 -inf nan nan -inf nan nan -inf nan nan nan nan nan
49.480000 -14.169579 -inf nan nan -inf nan nan -inf nan nan nan nan nan
49.520000 -14.393201 -inf nan nan -inf nan nan -inf nan nan nan nan nan
49.560000 -14.574624 -inf nan nan -inf nan nan -inf nan nan nan nan nan
49.600000 -14.892055 -inf nan nan -inf nan nan -inf nan nan nan nan nan
