#Quasar bolometric luminosity function in different Eddington ratio bins from TRINITY PaperIII (Fig. 8, Zhang+2024, MNRAS, 529, 2777)
#z: 6.00
#log10(Lbol [erg/s])(0) log10(QLF_total [Mpc^-3 dex^-1])(1) log10(QLF(-3<logEta<-2) [Mpc^-3 dex^-1])(2) log10(QLF(-3<logEta<-2)_16th [Mpc^-3 dex^-1])(3) log10(QLF(-3<logEta<-2)_84th [Mpc^-3 dex^-1])(4)
#log10(QLF(-2<logEta<-1) [Mpc^-3 dex^-1])(5) log10(QLF(-2<logEta<-1)_16th [Mpc^-3 dex^-1])(6) log10(QLF(-2<logEta<-1)_84th [Mpc^-3 dex^-1])(7)
#log10(QLF(-1<logEta<0) [Mpc^-3 dex^-1])(8) log10(QLF(-1<logEta<0)_16th [Mpc^-3 dex^-1])(9) log10(QLF(-1<logEta<0)_84th [Mpc^-3 dex^-1])(10)
#log10(QLF(0<logEta<1) [Mpc^-3 dex^-1])(11) log10(QLF(0<logEta<1)_16th [Mpc^-3 dex^-1])(12) log10(QLF(0<logEta<1)_84th [Mpc^-3 dex^-1])(13)
40.000000 -6.891875 -9.271782 -11.124160 -8.918700 -10.556279 -12.856908 -9.586547 -8.957077 -9.369415 -8.195376 -inf nan nan
40.040000 -6.878011 -9.189016 -11.018536 -8.855253 -10.449881 -12.412409 -9.511129 -8.903877 -9.310788 -8.141811 nan nan nan
40.080000 -6.864576 -9.112264 -10.901538 -8.794940 -10.362285 -12.277346 -9.460988 -8.856460 -9.259041 -8.094236 nan nan nan
40.120000 -6.851080 -9.032546 -10.759535 -8.731960 -10.261330 -12.111372 -9.408492 -8.838263 -9.235617 -8.076721 -10.043959 -10.495794 -9.337925
40.160000 -6.837540 -8.961060 -10.644836 -8.673898 -10.171066 -11.966083 -9.356482 -8.850846 -9.243048 -8.089525 -9.541268 -9.968715 -8.816677
40.200000 -6.824409 -8.883718 -10.502627 -8.611686 -10.082600 -12.130083 -9.308593 -8.867645 -9.255800 -8.105405 -9.303411 -9.693796 -8.562824
40.240000 -6.810702 -8.813235 -10.386948 -8.553524 -9.987183 -11.679166 -9.253677 -8.878267 -9.258876 -8.118722 -9.151702 -9.496950 -8.383525
40.280000 -6.797413 -8.740545 -10.258539 -8.478646 -9.899611 -11.856497 -9.190742 -8.896013 -9.271015 -8.137967 -9.029803 -9.352960 -8.237407
40.320000 -6.783939 -8.672501 -10.150053 -8.408361 -9.811927 -11.450045 -9.120843 -8.906613 -9.271925 -8.131342 -8.928135 -9.224626 -8.117765
40.360000 -6.770307 -8.604383 -10.068705 -8.338242 -9.726165 -11.600196 -9.048789 -8.922275 -9.276906 -8.146637 -8.830115 -9.110899 -8.001439
40.400000 -6.757090 -8.538112 -9.991493 -8.269680 -9.646273 -11.488286 -8.984601 -8.935641 -9.275493 -8.163604 -8.751652 -9.018750 -7.910524
40.440000 -6.742931 -8.473574 -9.915056 -8.205512 -9.562472 -11.277575 -8.912753 -8.947835 -9.272594 -8.175693 -8.654212 -8.917506 -7.789812
40.480000 -6.729219 -8.407726 -9.839047 -8.139937 -9.480830 -11.230222 -8.860824 -8.960848 -9.281348 -8.194704 -8.574236 -8.835779 -7.687304
40.520000 -6.715115 -8.347470 -9.768874 -8.081029 -9.404942 -11.106691 -8.792906 -8.970738 -9.272120 -8.208073 -8.488375 -8.750844 -7.577860
40.560000 -6.700670 -8.281609 -9.692559 -8.028166 -9.325318 -10.959909 -8.724649 -8.981546 -9.261561 -8.226670 -8.400732 -8.653017 -7.470399
40.600000 -6.686690 -8.222252 -9.593565 -7.980868 -9.256398 -10.843941 -8.671089 -8.988524 -9.242548 -8.242071 -8.328414 -8.561405 -7.384923
40.640000 -6.671017 -8.158906 -9.482619 -7.931987 -9.178356 -10.699163 -8.611199 -8.997146 -9.212606 -8.259238 -8.225269 -8.414488 -7.256099
40.680000 -6.655891 -8.099375 -9.383318 -7.885455 -9.108270 -10.581727 -8.561835 -8.999243 -9.209178 -8.272673 -8.142659 -8.308827 -7.131766
40.720000 -6.639606 -8.039392 -9.281648 -7.839022 -9.039045 -10.495647 -8.592204 -9.003641 -9.221809 -8.285141 -8.044974 -8.201367 -6.906349
40.760000 -6.622307 -7.979974 -9.179609 -7.793330 -8.968660 -10.339831 -8.573193 -9.001552 -9.206806 -8.294826 -7.943693 -8.063334 -6.744363
40.800000 -6.605671 -7.923013 -9.095753 -7.749184 -8.907224 -10.313550 -8.529322 -9.000993 -9.210320 -8.312908 -7.861422 -7.956618 -6.626784
40.840000 -6.583714 -7.863648 -9.029060 -7.704444 -8.835351 -10.174995 -8.477121 -8.993942 -9.216639 -8.327154 -7.726908 -7.787669 -6.374820
40.880000 -6.562815 -7.809210 -8.968549 -7.662206 -8.773080 -10.148567 -8.431742 -8.985341 -9.217132 -8.320914 -7.624336 -7.675712 -6.216381
40.920000 -6.536302 -7.750134 -8.903288 -7.618776 -8.707454 -10.065587 -8.382105 -8.974774 -9.213875 -8.341771 -7.490866 -7.542892 -6.041145
40.960000 -6.505202 -7.695701 -8.843310 -7.577456 -8.644003 -9.978647 -8.322069 -8.957940 -9.222686 -8.357261 -7.352828 -7.405513 -5.844025
41.000000 -6.476180 -7.639316 -8.775789 -7.536336 -8.584336 -9.898548 -8.265497 -8.943066 -9.235015 -8.373175 -7.248162 -7.303961 -5.730057
41.040000 -6.417888 -7.584946 -8.700524 -7.495747 -8.518806 -9.799530 -8.202872 -8.918089 -9.180255 -8.359302 -7.042335 -7.024426 -5.681421
41.080000 -6.366502 -7.530733 -8.624665 -7.456539 -8.459143 -9.714130 -8.145729 -8.895612 -9.152104 -8.303506 -6.903224 -6.864017 -5.634155
41.120000 -6.279645 -7.477016 -8.549767 -7.429913 -8.396811 -9.624429 -8.086078 -8.865402 -9.160399 -8.254514 -6.766504 -6.736039 -5.634708
41.160000 -6.175441 -7.424909 -8.478288 -7.395451 -8.336906 -9.540863 -8.028509 -8.834326 -9.171240 -8.215194 -6.750959 -6.722004 -5.665016
41.200000 -6.091465 -7.372089 -8.402971 -7.343670 -8.277679 -9.459139 -7.971848 -8.800100 -9.176568 -8.216052 -6.867299 -6.801840 -5.664338
41.240000 -6.066245 -7.322246 -8.333091 -7.307620 -8.216060 -9.374883 -7.912065 -8.761601 -9.161612 -8.198923 -6.772727 -6.741240 -5.697842
41.280000 -6.042410 -7.269992 -8.258803 -7.271346 -8.156776 -9.295393 -7.854989 -8.722731 -9.132684 -8.157897 -6.882135 -6.783731 -5.689411
41.320000 -6.032884 -7.221190 -8.192721 -7.236269 -8.098445 -9.272958 -7.804822 -8.679408 -9.142074 -8.115857 -6.823153 -6.767775 -5.714778
41.360000 -6.036746 -7.171365 -8.129448 -7.202498 -8.038974 -9.194420 -7.760206 -8.636325 -9.145467 -8.073266 -6.854995 -6.756429 -5.724165
41.400000 -6.040643 -7.123979 -8.066080 -7.170310 -7.983790 -9.120799 -7.718794 -8.589809 -9.128354 -8.032993 -6.910274 -6.770273 -5.732940
41.440000 -6.040075 -7.076549 -8.001694 -7.138223 -7.924859 -9.051602 -7.673392 -8.542680 -9.119303 -7.991937 -6.868752 -6.788320 -5.755379
41.480000 -6.039508 -7.030540 -7.941753 -7.103540 -7.868661 -8.996408 -7.630773 -8.492522 -9.092539 -7.947172 -6.920499 -6.789551 -5.763641
41.520000 -6.039581 -6.985884 -7.898204 -7.063098 -7.814040 -8.940971 -7.586582 -8.442906 -9.072605 -7.916981 -6.911046 -6.818485 -5.769869
41.560000 -6.040294 -6.941676 -7.854386 -7.028855 -7.755557 -8.883183 -7.540717 -8.390560 -9.057859 -7.875266 -6.942769 -6.816608 -5.788414
41.600000 -6.041009 -6.899968 -7.803693 -6.986799 -7.703553 -8.831122 -7.498879 -8.339629 -9.052065 -7.836528 -6.971838 -6.839835 -5.791595
41.640000 -6.039521 -6.857734 -7.746486 -6.941794 -7.643828 -8.770371 -7.451655 -8.285503 -9.019364 -7.788723 -6.980453 -6.856687 -5.810166
41.680000 -6.038039 -6.817979 -7.693607 -6.899469 -7.589671 -8.710399 -7.405939 -8.232057 -8.981634 -7.738674 -6.970625 -6.851112 -5.843757
41.720000 -6.038183 -6.779007 -7.638511 -6.858193 -7.533279 -8.637050 -7.354705 -8.178555 -8.935726 -7.696814 -7.007156 -6.896414 -5.840098
41.760000 -6.039955 -6.741597 -7.590292 -6.820950 -7.476565 -8.548576 -7.303935 -8.122882 -8.879457 -7.649373 -6.984775 -6.878321 -5.876251
41.800000 -6.041735 -6.705741 -7.548501 -6.784041 -7.424048 -8.467928 -7.256509 -8.070609 -8.879252 -7.605820 -7.050792 -6.911603 -5.865252
41.840000 -6.043145 -6.671024 -7.506875 -6.747355 -7.365157 -8.370400 -7.194602 -8.012815 -8.826986 -7.557623 -7.014198 -6.887062 -5.908228
41.880000 -6.044560 -6.637689 -7.465592 -6.715726 -7.312583 -8.297492 -7.139925 -7.958815 -8.781089 -7.512806 -7.034565 -6.903403 -5.928556
41.920000 -6.044286 -6.606425 -7.414708 -6.699662 -7.255938 -8.212354 -7.082223 -7.902325 -8.749983 -7.466365 -7.068975 -6.914555 -5.934088
41.960000 -6.042328 -6.575850 -7.372637 -6.670863 -7.201703 -8.136805 -7.026171 -7.846689 -8.724547 -7.420196 -7.031993 -6.877205 -5.967185
42.000000 -6.040378 -6.547923 -7.315214 -6.644053 -7.149228 -8.083221 -6.975349 -7.791737 -8.720600 -7.375792 -7.154367 -6.926062 -5.956216
42.040000 -6.034458 -6.520333 -7.260898 -6.617631 -7.094025 -8.020572 -6.920512 -7.734535 -8.673140 -7.328166 -7.048628 -6.866542 -5.989851
42.080000 -6.028617 -6.495138 -7.216286 -6.596614 -7.042037 -7.962916 -6.891312 -7.679429 -8.651246 -7.283233 -7.105680 -6.845826 -6.003320
42.120000 -6.021301 -6.471203 -7.180347 -6.574605 -6.989521 -7.896115 -6.866114 -7.622589 -8.593377 -7.236842 -7.085415 -6.833251 -6.014604
42.160000 -6.012583 -6.448593 -7.144898 -6.547308 -6.937338 -7.823222 -6.815208 -7.567626 -8.550080 -7.191323 -7.080265 -6.834342 -6.019535
42.200000 -6.004037 -6.428473 -7.103908 -6.523186 -6.887962 -7.756094 -6.769220 -7.511032 -8.476246 -7.146337 -7.138581 -6.853731 -6.021157
42.240000 -5.992880 -6.408357 -7.066641 -6.494352 -6.833796 -7.682377 -6.716521 -7.454755 -8.397836 -7.092833 -7.069047 -6.850248 -6.031694
42.280000 -5.982003 -6.391683 -7.046788 -6.463955 -6.781922 -7.613487 -6.669889 -7.398135 -8.321289 -7.045529 -7.110226 -6.825748 -6.000572
42.320000 -5.969804 -6.374948 -7.022292 -6.436016 -6.730977 -7.544503 -6.622966 -7.342402 -8.251530 -6.999005 -7.069263 -6.811365 -5.998676
42.360000 -5.956399 -6.361299 -6.990515 -6.420967 -6.678955 -7.480112 -6.576189 -7.285773 -8.231566 -6.953653 -7.080430 -6.788794 -5.973918
42.400000 -5.943396 -6.348460 -6.964706 -6.407211 -6.631868 -7.423141 -6.534137 -7.230640 -8.206380 -6.912288 -7.071294 -6.793763 -5.951630
42.440000 -5.930322 -6.337349 -6.941594 -6.401369 -6.579534 -7.359255 -6.477827 -7.174058 -8.160135 -6.863826 -7.030650 -6.812414 -5.953626
42.480000 -5.917631 -6.327982 -6.919502 -6.388474 -6.532097 -7.301265 -6.426335 -7.117814 -8.096453 -6.813669 -7.010497 -6.776104 -5.986870
42.520000 -5.903013 -6.319877 -6.894313 -6.378677 -6.484123 -7.253301 -6.374414 -7.063347 -8.034573 -6.750850 -6.995085 -6.760692 -5.992130
42.560000 -5.886669 -6.313954 -6.866849 -6.384950 -6.436572 -7.205297 -6.344372 -7.005756 -7.963748 -6.686375 -6.959271 -6.742924 -6.038501
42.600000 -5.870918 -6.308943 -6.860310 -6.391555 -6.393559 -7.162312 -6.320593 -6.952002 -7.901856 -6.636409 -6.953066 -6.742676 -6.013008
42.640000 -5.851248 -6.306390 -6.843240 -6.387538 -6.345733 -7.108224 -6.284621 -6.894623 -7.834754 -6.613069 -6.910362 -6.755410 -5.985739
42.680000 -5.832430 -6.304459 -6.827037 -6.383911 -6.302989 -7.051744 -6.250699 -6.839971 -7.771081 -6.591217 -6.876432 -6.745989 -5.995432
42.720000 -5.812476 -6.305305 -6.818601 -6.378001 -6.259984 -6.989918 -6.214654 -6.784549 -7.712539 -6.552433 -6.857739 -6.744802 -5.988988
42.760000 -5.791569 -6.306810 -6.817658 -6.366414 -6.217781 -6.929025 -6.179355 -6.729135 -7.659980 -6.505243 -6.805906 -6.726953 -5.996957
42.800000 -5.771623 -6.310722 -6.811390 -6.358015 -6.179646 -6.889232 -6.149006 -6.675679 -7.592506 -6.463736 -6.790033 -6.713836 -5.994171
42.840000 -5.748361 -6.315522 -6.817502 -6.361341 -6.138318 -6.839917 -6.113679 -6.619733 -7.511389 -6.413028 -6.736635 -6.692221 -6.002519
42.880000 -5.726283 -6.322207 -6.826192 -6.364850 -6.100944 -6.788132 -6.083419 -6.567099 -7.445978 -6.366826 -6.702038 -6.688758 -6.007516
42.920000 -5.702898 -6.330550 -6.825180 -6.369816 -6.065520 -6.731869 -6.053253 -6.511975 -7.367498 -6.316289 -6.665156 -6.686551 -5.996874
42.960000 -5.678463 -6.340208 -6.816909 -6.372078 -6.030531 -6.677777 -6.022762 -6.459077 -7.300012 -6.261771 -6.621266 -6.677519 -5.981486
43.000000 -5.655331 -6.351834 -6.825218 -6.370175 -6.000394 -6.635108 -5.993534 -6.406079 -7.240906 -6.207848 -6.587202 -6.629169 -5.950084
43.040000 -5.628746 -6.364316 -6.834374 -6.372914 -5.966867 -6.589680 -5.962455 -6.353289 -7.180278 -6.153834 -6.541245 -6.644080 -5.992608
43.080000 -5.603695 -6.378840 -6.844266 -6.384863 -5.937943 -6.549462 -5.934741 -6.301390 -7.121650 -6.104260 -6.497887 -6.621492 -5.996755
43.120000 -5.578006 -6.394626 -6.846062 -6.393498 -5.908699 -6.499114 -5.912732 -6.250052 -7.063035 -6.062960 -6.459310 -6.610071 -5.968612
43.160000 -5.551866 -6.411893 -6.852398 -6.399986 -5.879389 -6.447423 -5.886450 -6.199518 -7.004915 -6.015267 -6.414917 -6.589934 -5.935781
43.200000 -5.527209 -6.430624 -6.872371 -6.407334 -5.854857 -6.402224 -5.864069 -6.149629 -6.944480 -5.970268 -6.374729 -6.566581 -5.901472
43.240000 -5.499402 -6.450818 -6.891934 -6.412658 -5.826865 -6.352621 -5.829474 -6.101028 -6.884149 -5.926130 -6.334496 -6.545955 -5.894897
43.280000 -5.473269 -6.471649 -6.908825 -6.416807 -5.804429 -6.316386 -5.799321 -6.052032 -6.822938 -5.880618 -6.290619 -6.520190 -5.881582
43.320000 -5.446706 -6.495410 -6.935357 -6.429968 -5.781722 -6.288929 -5.775452 -6.005240 -6.764358 -5.834689 -6.255772 -6.496907 -5.851484
43.360000 -5.419876 -6.517912 -6.960334 -6.450441 -5.761217 -6.267156 -5.760954 -5.958516 -6.704838 -5.782027 -6.215269 -6.479190 -5.822054
43.400000 -5.394608 -6.543884 -6.989697 -6.470373 -5.743905 -6.250381 -5.750216 -5.913478 -6.648301 -5.732098 -6.179167 -6.465686 -5.790611
43.440000 -5.367940 -6.569140 -7.015433 -6.488460 -5.725326 -6.208746 -5.729616 -5.869383 -6.590587 -5.684188 -6.147145 -6.451889 -5.764846
43.480000 -5.342815 -6.596652 -7.021779 -6.504914 -5.710625 -6.181696 -5.718034 -5.826430 -6.535004 -5.644880 -6.112620 -6.427310 -5.738774
43.520000 -5.318122 -6.625035 -7.048803 -6.525031 -5.696851 -6.156676 -5.705991 -5.784947 -6.480534 -5.607299 -6.079789 -6.391822 -5.712585
43.560000 -5.293867 -6.653650 -7.073927 -6.547797 -5.684836 -6.133159 -5.691704 -5.744811 -6.426428 -5.574063 -6.047908 -6.389081 -5.690530
43.600000 -5.270895 -6.685274 -7.097899 -6.554386 -5.675903 -6.108254 -5.685677 -5.705698 -6.370158 -5.540345 -6.011389 -6.353683 -5.664835
43.640000 -5.247694 -6.714594 -7.126999 -6.561818 -5.666586 -6.092356 -5.676098 -5.668794 -6.307673 -5.511139 -5.984864 -6.314464 -5.645349
43.680000 -5.225669 -6.749052 -7.155493 -6.568921 -5.660408 -6.075888 -5.669210 -5.632658 -6.261549 -5.481246 -5.953924 -6.268261 -5.618906
43.720000 -5.204571 -6.779211 -7.178750 -6.591609 -5.655939 -6.065520 -5.664041 -5.598611 -6.211962 -5.454777 -5.923932 -6.224415 -5.601641
43.760000 -5.184321 -6.813962 -7.217711 -6.620678 -5.652731 -6.069958 -5.655803 -5.566197 -6.152050 -5.431626 -5.897772 -6.211759 -5.586707
43.800000 -5.164973 -6.847257 -7.246869 -6.647377 -5.652974 -6.062996 -5.652760 -5.534501 -6.095301 -5.413925 -5.864890 -6.169723 -5.567863
43.840000 -5.146916 -6.882194 -7.277424 -6.674229 -5.653338 -6.034321 -5.642647 -5.506295 -6.039948 -5.402448 -5.843138 -6.160841 -5.555926
43.880000 -5.129579 -6.918049 -7.309524 -6.703163 -5.657340 -6.011686 -5.629927 -5.478166 -6.002023 -5.384759 -5.815806 -6.121809 -5.535874
43.920000 -5.113576 -6.953380 -7.341377 -6.733215 -5.662100 -6.000842 -5.621912 -5.453021 -5.959707 -5.360734 -5.789928 -6.092361 -5.521799
43.960000 -5.098787 -6.991868 -7.375215 -6.770608 -5.669300 -5.997557 -5.612142 -5.428956 -5.928212 -5.337205 -5.765524 -6.065006 -5.512354
44.000000 -5.084485 -7.027423 -7.406946 -6.806650 -5.678052 -6.001669 -5.611514 -5.406511 -5.899559 -5.318820 -5.738745 -6.035818 -5.502178
44.040000 -5.072760 -7.068576 -7.443912 -6.849415 -5.687041 -6.013776 -5.601504 -5.387218 -5.855816 -5.309095 -5.721152 -6.007470 -5.498144
44.080000 -5.061343 -7.103789 -7.475676 -6.887204 -5.698019 -6.008247 -5.600510 -5.368881 -5.812784 -5.300083 -5.700890 -5.977516 -5.492975
44.120000 -5.051435 -7.144791 -7.513434 -6.931830 -5.711073 -6.019027 -5.603130 -5.352501 -5.774930 -5.288123 -5.683203 -5.946731 -5.488690
44.160000 -5.042941 -7.182887 -7.548386 -6.964860 -5.725196 -6.035983 -5.614283 -5.338484 -5.749097 -5.260409 -5.667627 -5.916064 -5.480659
44.200000 -5.034611 -7.223870 -7.586923 -7.003575 -5.741790 -6.056445 -5.622261 -5.324792 -5.721391 -5.250089 -5.650974 -5.888527 -5.470173
44.240000 -5.029500 -7.264740 -7.626699 -7.044068 -5.759370 -6.078402 -5.617153 -5.315271 -5.678837 -5.234262 -5.642487 -5.864964 -5.463020
44.280000 -5.024448 -7.305186 -7.666227 -7.084809 -5.777335 -6.102662 -5.627065 -5.306591 -5.656572 -5.215699 -5.633706 -5.850153 -5.460935
44.320000 -5.021290 -7.349397 -7.709314 -7.129072 -5.800271 -6.132474 -5.649041 -5.299054 -5.644540 -5.203599 -5.624925 -5.832011 -5.467076
44.360000 -5.019983 -7.389273 -7.748538 -7.167536 -5.819131 -6.139280 -5.656129 -5.295403 -5.629030 -5.199636 -5.621505 -5.804758 -5.485734
44.400000 -5.018680 -7.436943 -7.795059 -7.212719 -5.844816 -6.143005 -5.677029 -5.290434 -5.603569 -5.189733 -5.614158 -5.790044 -5.500176
44.440000 -5.021046 -7.476253 -7.833918 -7.251404 -5.866821 -6.154419 -5.696067 -5.291230 -5.581990 -5.182521 -5.614717 -5.772991 -5.508211
44.480000 -5.023425 -7.523076 -7.879852 -7.297273 -5.893198 -6.182726 -5.718754 -5.291335 -5.564477 -5.189628 -5.614367 -5.770970 -5.510549
44.520000 -5.027725 -7.566264 -7.922457 -7.340171 -5.920029 -6.208973 -5.737978 -5.293891 -5.562334 -5.191448 -5.614393 -5.779939 -5.510695
44.560000 -5.034002 -7.612432 -7.967930 -7.386269 -5.946613 -6.233045 -5.750885 -5.298709 -5.561017 -5.194501 -5.620262 -5.784030 -5.512149
44.600000 -5.040371 -7.659479 -8.014269 -7.433981 -5.978380 -6.265277 -5.770035 -5.303036 -5.546558 -5.191076 -5.622772 -5.777218 -5.509280
44.640000 -5.050809 -7.705021 -8.059247 -7.482517 -6.004826 -6.287625 -5.784459 -5.312529 -5.530444 -5.192334 -5.632294 -5.776268 -5.512485
44.680000 -5.061504 -7.755651 -8.111753 -7.540458 -6.040185 -6.323080 -5.805919 -5.320877 -5.537582 -5.189990 -5.640589 -5.774777 -5.511209
44.720000 -5.074166 -7.801049 -8.160181 -7.591089 -6.067672 -6.342767 -5.823990 -5.332650 -5.531928 -5.193210 -5.651279 -5.783141 -5.506024
44.760000 -5.088964 -7.855462 -8.220435 -7.647213 -6.102695 -6.369452 -5.851672 -5.345239 -5.552369 -5.197673 -5.664792 -5.799717 -5.522269
44.800000 -5.104284 -7.900758 -8.269488 -7.694265 -6.135154 -6.395459 -5.878431 -5.358713 -5.572770 -5.202352 -5.678729 -5.811844 -5.528550
44.840000 -5.122624 -7.954344 -8.328498 -7.745887 -6.168993 -6.420807 -5.906695 -5.375209 -5.582699 -5.215343 -5.696536 -5.826682 -5.533618
44.880000 -5.141772 -8.003954 -8.382596 -7.793054 -6.204449 -6.449131 -5.937137 -5.392210 -5.586834 -5.226712 -5.715333 -5.849851 -5.533803
44.920000 -5.162608 -8.057337 -8.440962 -7.843826 -6.238427 -6.476656 -5.967295 -5.410739 -5.590115 -5.234857 -5.737589 -5.875190 -5.537511
44.960000 -5.185341 -8.111356 -8.500090 -7.898514 -6.276825 -6.509015 -6.001694 -5.430685 -5.588200 -5.248234 -5.762168 -5.898402 -5.564818
45.000000 -5.209330 -8.164585 -8.558106 -7.953873 -6.310750 -6.544447 -6.033141 -5.451621 -5.587087 -5.263558 -5.790446 -5.927314 -5.587781
45.040000 -5.234714 -8.223285 -8.622940 -8.015081 -6.352385 -6.588611 -6.064939 -5.473888 -5.600651 -5.282858 -5.818541 -5.944731 -5.609618
45.080000 -5.261675 -8.275923 -8.679831 -8.074379 -6.384843 -6.622414 -6.093127 -5.498245 -5.622029 -5.303458 -5.850505 -5.974293 -5.630382
45.120000 -5.289787 -8.340082 -8.747802 -8.152255 -6.426106 -6.664843 -6.135758 -5.522413 -5.647332 -5.320704 -5.884668 -6.009274 -5.659498
45.160000 -5.319169 -8.392127 -8.797407 -8.211760 -6.462065 -6.698216 -6.172157 -5.549100 -5.660055 -5.340827 -5.920122 -6.052404 -5.683589
45.200000 -5.350683 -8.455909 -8.858232 -8.286567 -6.502963 -6.737574 -6.206074 -5.575626 -5.679666 -5.364691 -5.962505 -6.110304 -5.706584
45.240000 -5.382058 -8.513553 -8.913004 -8.341649 -6.542424 -6.778853 -6.237723 -5.603728 -5.709275 -5.394077 -5.999468 -6.151530 -5.731454
45.280000 -5.415876 -8.576602 -8.972895 -8.401936 -6.581517 -6.820103 -6.272532 -5.632913 -5.739296 -5.420099 -6.043453 -6.204139 -5.765635
45.320000 -5.450321 -8.640573 -9.034905 -8.466497 -6.625972 -6.862762 -6.319295 -5.661912 -5.765791 -5.448753 -6.089034 -6.257046 -5.800735
45.360000 -5.485314 -8.702881 -9.113021 -8.534567 -6.663381 -6.899394 -6.359598 -5.693606 -5.796039 -5.479844 -6.132646 -6.294857 -5.834395
45.400000 -5.523376 -8.773576 -9.203056 -8.612540 -6.712890 -6.948648 -6.409713 -5.724229 -5.824829 -5.510696 -6.188373 -6.352925 -5.879386
45.440000 -5.559214 -8.835124 -9.265277 -8.677981 -6.748631 -6.986467 -6.446764 -5.757301 -5.860117 -5.545110 -6.231411 -6.385400 -5.914260
45.480000 -5.598278 -8.912539 -9.344082 -8.749324 -6.796040 -7.042035 -6.495769 -5.789895 -5.894320 -5.580864 -6.286353 -6.435301 -5.955618
45.520000 -5.637634 -8.973744 -9.403676 -8.806500 -6.837352 -7.087953 -6.537657 -5.823780 -5.927997 -5.620056 -6.340647 -6.482760 -5.999720
45.560000 -5.677003 -9.050037 -9.478056 -8.880105 -6.882739 -7.138596 -6.584329 -5.858205 -5.961999 -5.658258 -6.392017 -6.523633 -6.037247
45.600000 -5.720301 -9.119168 -9.545206 -8.951698 -6.929633 -7.192118 -6.632288 -5.893387 -5.996354 -5.688351 -6.459394 -6.587502 -6.084811
45.640000 -5.759422 -9.194319 -9.618116 -9.029480 -6.973085 -7.233364 -6.677280 -5.929032 -6.031532 -5.721362 -6.506612 -6.624132 -6.124346
45.680000 -5.802419 -9.271359 -9.698567 -9.109278 -7.024309 -7.286467 -6.729665 -5.964694 -6.066206 -5.757918 -6.571092 -6.677578 -6.172489
45.720000 -5.845290 -9.345773 -9.775889 -9.186122 -7.067237 -7.327538 -6.774069 -6.002326 -6.103083 -5.796093 -6.631060 -6.723892 -6.222284
45.760000 -5.887507 -9.431228 -9.865251 -9.274297 -7.122779 -7.385146 -6.831556 -6.038604 -6.139039 -5.835413 -6.689584 -6.767878 -6.273051
45.800000 -5.934273 -9.504840 -9.935110 -9.352652 -7.165263 -7.426400 -6.877545 -6.078302 -6.178928 -5.877198 -6.764886 -6.831065 -6.341193
45.840000 -5.975420 -9.599230 -10.038669 -9.453949 -7.218511 -7.478407 -6.935577 -6.115608 -6.215925 -5.917767 -6.815958 -6.863824 -6.388665
45.880000 -6.020876 -9.671484 -10.117928 -9.531161 -7.266161 -7.524107 -6.986961 -6.155589 -6.255708 -5.960965 -6.883577 -6.921790 -6.454150
45.920000 -6.065979 -9.764305 -10.222585 -9.624309 -7.318685 -7.574832 -7.042256 -6.195153 -6.295025 -6.003917 -6.950168 -6.978067 -6.517523
45.960000 -6.110031 -9.846635 -10.311268 -9.704307 -7.371649 -7.625871 -7.097225 -6.234932 -6.334476 -6.050798 -7.008935 -7.035995 -6.572570
46.000000 -6.159061 -9.937803 -10.409791 -9.797909 -7.423537 -7.679564 -7.150912 -6.277262 -6.376578 -6.096752 -7.090085 -7.113488 -6.645104
46.040000 -6.201573 -10.030739 -10.507943 -9.894014 -7.482044 -7.741988 -7.212278 -6.316747 -6.416385 -6.140768 -7.140492 -7.161157 -6.694053
46.080000 -6.248702 -10.119691 -10.595787 -9.986212 -7.532102 -7.793631 -7.263732 -6.360614 -6.459865 -6.187343 -7.202616 -7.222036 -6.758871
46.120000 -6.295475 -10.224263 -10.699578 -10.091911 -7.597664 -7.864981 -7.332181 -6.402093 -6.504488 -6.232230 -7.271858 -7.290839 -6.823806
46.160000 -6.341118 -10.310979 -10.785698 -10.177537 -7.645971 -7.913173 -7.381677 -6.446348 -6.552251 -6.278114 -7.319346 -7.335937 -6.875800
46.200000 -6.392128 -10.427772 -10.915299 -10.297250 -7.710447 -7.981052 -7.448109 -6.490911 -6.600991 -6.327560 -7.404821 -7.425557 -6.957162
46.240000 -6.436274 -10.512126 -11.005248 -10.382594 -7.765595 -8.033762 -7.502846 -6.534868 -6.648298 -6.374780 -7.439331 -7.469290 -7.002989
46.280000 -6.485420 -10.625077 -11.128961 -10.497108 -7.828072 -8.092894 -7.565642 -6.580988 -6.698418 -6.422046 -7.499608 -7.526688 -7.089541
46.320000 -6.534275 -10.723579 -11.233855 -10.596865 -7.891429 -8.152814 -7.639929 -6.626548 -6.748228 -6.468507 -7.561962 -7.575859 -7.161321
46.360000 -6.581990 -10.832680 -11.351466 -10.707334 -7.951842 -8.210705 -7.700632 -6.673889 -6.799455 -6.519600 -7.599816 -7.609594 -7.220103
46.400000 -6.635602 -10.945900 -11.467082 -10.822020 -8.023709 -8.288009 -7.770664 -6.721738 -6.848341 -6.572966 -7.686563 -7.680187 -7.310168
46.440000 -6.682082 -11.051188 -11.573081 -10.928547 -8.082013 -8.354119 -7.830117 -6.770094 -6.896678 -6.624947 -7.704542 -7.701889 -7.358778
46.480000 -6.734140 -11.179250 -11.703700 -11.058302 -8.161367 -8.430966 -7.914351 -6.819115 -6.949064 -6.679081 -7.763740 -7.762253 -7.438279
46.520000 -6.786034 -11.281323 -11.810669 -11.154591 -8.218922 -8.491789 -7.977621 -6.870204 -7.003356 -6.735010 -7.812411 -7.817944 -7.509483
46.560000 -6.836809 -11.424911 -11.977125 -11.298522 -8.295541 -8.571833 -8.059637 -6.920406 -7.056399 -6.789593 -7.851057 -7.857047 -7.564024
46.600000 -6.894316 -11.524082 -12.075903 -11.391037 -8.363068 -8.644625 -8.132038 -6.974635 -7.115713 -6.850196 -7.923999 -7.930446 -7.625340
46.640000 -6.944045 -11.661599 -12.208735 -11.519987 -8.437093 -8.725845 -8.212293 -7.025805 -7.171674 -6.904363 -7.946082 -7.957430 -7.664743
46.680000 -7.000213 -11.780629 -12.322559 -11.646931 -8.513760 -8.812510 -8.286420 -7.080330 -7.227342 -6.964301 -8.000943 -8.015851 -7.731181
46.720000 -7.056309 -11.913674 -12.449905 -11.775395 -8.586374 -8.890630 -8.356054 -7.136005 -7.281163 -7.026412 -8.047436 -8.067377 -7.786728
46.760000 -7.111162 -12.054485 -12.584691 -11.908194 -8.672626 -8.991157 -8.439047 -7.190341 -7.332539 -7.086669 -8.090779 -8.113063 -7.833122
46.800000 -7.173959 -12.185161 -12.709295 -12.039825 -8.743759 -9.070431 -8.504952 -7.251351 -7.390588 -7.155061 -8.156555 -8.183248 -7.904389
46.840000 -7.227645 -12.352308 -12.886946 -12.219295 -8.840113 -9.181382 -8.599730 -7.306285 -7.444917 -7.209805 -8.183998 -8.210753 -7.938688
46.880000 -7.288917 -12.484670 -13.023954 -12.348118 -8.908768 -9.256079 -8.667964 -7.368001 -7.504657 -7.272881 -8.232491 -8.261367 -7.999393
46.920000 -7.350163 -12.690980 -13.227438 -12.546960 -9.002452 -9.359439 -8.762812 -7.428263 -7.569110 -7.334435 -8.286773 -8.317244 -8.056590
46.960000 -7.409860 -12.836867 -13.368975 -12.690480 -9.082869 -9.447322 -8.838385 -7.489835 -7.634340 -7.398177 -8.323025 -8.355560 -8.097102
47.000000 -7.479092 -13.076880 -13.628758 -12.926320 -9.173795 -9.548138 -8.919844 -7.556357 -7.705854 -7.470851 -8.398593 -8.428743 -8.174707
47.040000 -7.537321 -13.335366 -13.901495 -13.184284 -9.266433 -9.640774 -9.013304 -7.617451 -7.769851 -7.533414 -8.426271 -8.457809 -8.210898
47.080000 -7.604584 -13.799986 -14.362483 -13.649254 -9.353730 -9.723733 -9.101161 -7.685581 -7.840569 -7.602214 -8.477654 -8.508561 -8.268863
47.120000 -7.671853 nan nan nan -9.459831 -9.823321 -9.209048 -7.751580 -7.907880 -7.669285 -8.540426 -8.576151 -8.332470
47.160000 -7.737095 nan nan nan -9.543714 -9.902862 -9.294158 -7.820851 -7.972613 -7.738217 -8.573418 -8.609153 -8.377821
47.200000 -7.813900 -inf nan nan -9.663543 -10.025867 -9.416474 -7.894048 -8.039774 -7.808136 -8.657884 -8.696946 -8.456576
47.240000 -7.877169 -inf nan nan -9.744092 -10.100424 -9.498828 -7.962829 -8.104939 -7.876867 -8.683353 -8.726584 -8.492575
47.280000 -7.951254 -inf nan nan -9.858127 -10.214356 -9.614456 -8.037338 -8.173814 -7.952361 -8.744504 -8.786697 -8.554138
47.320000 -8.025384 -inf nan nan -9.955150 -10.307880 -9.714530 -8.112377 -8.243116 -8.031630 -8.805064 -8.848561 -8.616760
47.360000 -8.096798 -inf nan nan -10.063698 -10.416644 -9.827622 -8.187617 -8.312897 -8.108598 -8.849568 -8.893291 -8.667698
47.400000 -8.182312 -inf nan nan -10.177174 -10.527964 -9.946306 -8.270348 -8.392448 -8.191316 -8.937518 -8.988805 -8.748401
47.440000 -8.251017 -inf nan nan -10.280726 -10.626501 -10.044255 -8.345753 -8.470940 -8.263361 -8.969527 -9.023638 -8.784095
47.480000 -8.332671 -inf nan nan -10.410392 -10.756191 -10.174150 -8.427784 -8.555834 -8.339629 -9.040408 -9.096335 -8.849747
47.520000 -8.414374 -inf nan nan -10.509803 -10.850192 -10.279785 -8.512411 -8.642472 -8.421635 -9.102824 -9.162555 -8.911013
47.560000 -8.492324 -inf nan nan -10.656297 -10.996064 -10.431576 -8.594418 -8.727710 -8.504683 -9.157337 -9.216635 -8.964946
47.600000 -8.587395 -inf nan nan -10.751812 -11.086205 -10.519692 -8.688315 -8.825421 -8.595936 -9.248417 -9.305736 -9.057627
47.640000 -8.661646 -inf nan nan -10.890439 -11.222342 -10.648756 -8.770201 -8.908612 -8.684438 -9.289872 -9.352640 -9.100849
47.680000 -8.751263 -inf nan nan -11.007729 -11.336147 -10.757878 -8.862756 -9.006704 -8.786240 -9.363089 -9.429215 -9.176593
47.720000 -8.840935 -inf nan nan -11.140210 -11.467806 -10.895856 -8.955380 -9.104334 -8.877779 -9.436565 -9.506759 -9.251292
47.760000 -8.925499 -inf nan nan -11.280857 -11.603923 -11.032741 -9.046343 -9.201233 -8.966716 -9.496428 -9.571715 -9.308614
47.800000 -9.030612 -inf nan nan -11.409050 -11.727852 -11.150893 -9.150689 -9.308281 -9.066986 -9.595850 -9.672291 -9.404619
47.840000 -9.110410 -inf nan nan -11.577458 -11.911424 -11.306748 -9.239780 -9.405878 -9.156827 -9.645742 -9.724502 -9.461028
47.880000 -9.208248 -inf nan nan -11.705916 -12.057034 -11.429333 -9.343435 -9.516005 -9.262728 -9.723234 -9.803657 -9.536352
47.920000 -9.306235 -inf nan nan -11.913948 -12.302726 -11.631552 -9.444636 -9.625096 -9.366854 -9.807066 -9.887852 -9.612012
47.960000 -9.397524 -inf nan nan -12.054834 -12.446543 -11.774585 -9.546094 -9.733597 -9.463897 -9.871131 -9.951955 -9.674362
48.000000 -9.513253 -inf nan nan -12.293270 -12.695926 -12.009546 -9.660811 -9.851999 -9.572036 -9.981411 -10.062981 -9.775890
48.040000 -9.598671 -inf nan nan -12.548925 -12.954977 -12.268170 -9.759524 -9.957801 -9.665734 -10.036149 -10.120115 -9.827414
48.080000 -9.705108 -inf nan nan -13.007944 -13.411612 -12.725646 -9.872702 -10.076670 -9.772558 -10.124213 -10.216040 -9.911210
48.120000 -9.811912 -inf nan nan nan nan nan -9.984922 -10.189344 -9.879597 -10.215778 -10.316108 -9.996168
48.160000 -9.910158 -inf nan nan nan nan nan -10.096166 -10.308478 -9.984836 -10.288946 -10.392521 -10.067894
48.200000 -10.037332 -inf nan nan -inf nan nan -10.223577 -10.446628 -10.107204 -10.409411 -10.510440 -10.179392
48.240000 -10.128560 -inf nan nan -inf nan nan -10.332498 -10.563687 -10.211916 -10.471769 -10.580794 -10.244501
48.280000 -10.244191 -inf nan nan -inf nan nan -10.457139 -10.699045 -10.330355 -10.570537 -10.687171 -10.335403
48.320000 -10.360609 -inf nan nan -inf nan nan -10.582659 -10.833475 -10.447226 -10.670735 -10.793036 -10.431519
48.360000 -10.466301 -inf nan nan -inf nan nan -10.704931 -10.966170 -10.564750 -10.753839 -10.878693 -10.515933
48.400000 -10.606283 -inf nan nan -inf nan nan -10.847848 -11.118284 -10.700333 -10.885179 -11.018305 -10.646723
48.440000 -10.703672 -inf nan nan -inf nan nan -10.968540 -11.247670 -10.815676 -10.956141 -11.089080 -10.717239
48.480000 -10.829409 -inf nan nan -inf nan nan -11.108521 -11.395071 -10.950064 -11.064639 -11.199940 -10.824750
48.520000 -10.956686 -inf nan nan -inf nan nan -11.250359 -11.540563 -11.083284 -11.175225 -11.314352 -10.935833
48.560000 -11.070718 -inf nan nan -inf nan nan -11.389261 -11.689478 -11.218473 -11.266700 -11.403127 -11.027164
48.600000 -11.225785 -inf nan nan -inf nan nan -11.554209 -11.850725 -11.368163 -11.409592 -11.555743 -11.160192
48.640000 -11.329967 -inf nan nan -inf nan nan -11.693194 -12.000610 -11.501701 -11.488415 -11.638310 -11.237664
48.680000 -11.467305 -inf nan nan -inf nan nan -11.856856 -12.164303 -11.657017 -11.606714 -11.765478 -11.354396
48.720000 -11.607091 -inf nan nan -inf nan nan -12.024998 -12.336218 -11.815605 -11.727770 -11.893957 -11.467580
48.760000 -11.729854 -inf nan nan -inf nan nan -12.190101 -12.505777 -11.968765 -11.828309 -11.998933 -11.563550
48.800000 -11.901626 -inf nan nan -inf nan nan -12.391512 -12.701776 -12.146410 -11.983348 -12.167528 -11.715157
48.840000 -12.012258 -inf nan nan -inf nan nan -12.563162 -12.884455 -12.312148 -12.070663 -12.257843 -11.801524
48.880000 -12.161076 -inf nan nan -inf nan nan -12.769608 -13.085036 -12.498897 -12.199636 -12.394323 -11.931757
48.920000 -12.313599 -inf nan nan -inf nan nan -12.994958 -13.319313 -12.711781 -12.331377 -12.533845 -12.059551
48.960000 -12.444881 -inf nan nan -inf nan nan -13.223112 -13.538572 -12.920671 -12.442167 -12.651572 -12.170396
49.000000 -12.633942 -inf nan nan -inf nan nan -13.533908 -13.842370 -13.209379 -12.609885 -12.840833 -12.324988
49.040000 -12.751103 -inf nan nan -inf nan nan -13.858790 -14.162568 -13.526851 -12.706600 -12.947735 -12.414324
49.080000 -12.912043 -inf nan nan -inf nan nan -14.458263 -14.744466 -14.099871 -12.846319 -13.101561 -12.545191
49.120000 -13.078887 -inf nan nan -inf nan nan nan nan nan -13.000085 -13.270413 -12.690281
49.160000 -13.220417 -inf nan nan -inf nan nan nan nan nan -13.139750 -13.421181 -12.824753
49.200000 -13.431722 -inf nan nan -inf nan nan -inf nan nan -13.346857 -13.654053 -13.020534
49.240000 -13.557821 -inf nan nan -inf nan nan -inf nan nan -13.472089 -13.789597 -13.144731
49.280000 -13.736241 -inf nan nan -inf nan nan -inf nan nan -13.648745 -13.981588 -13.329515
49.320000 -13.926211 -inf nan nan -inf nan nan -inf nan nan nan nan nan
49.360000 -14.087723 -inf nan nan -inf nan nan -inf nan nan nan nan nan
49.400000 -14.347741 -inf nan nan -inf nan nan -inf nan nan nan nan nan
49.440000 -14.495819 -inf nan nan -inf nan nan -inf nan nan nan nan nan
49.480000 -14.722252 -inf nan nan -inf nan nan -inf nan nan nan nan nan
49.520000 -14.977951 -inf nan nan -inf nan nan -inf nan nan nan nan nan
49.560000 -15.178947 -inf nan nan -inf nan nan -inf nan nan nan nan nan
49.600000 -15.564613 -inf nan nan -inf nan nan -inf nan nan nan nan nan
