#Quasar bolometric luminosity function in different Eddington ratio bins from TRINITY PaperIII (Fig. 8, Zhang+2024, MNRAS, 529, 2777)
#z: 7.00
#log10(Lbol [erg/s])(0) log10(QLF_total [Mpc^-3 dex^-1])(1) log10(QLF(-3<logEta<-2) [Mpc^-3 dex^-1])(2) log10(QLF(-3<logEta<-2)_16th [Mpc^-3 dex^-1])(3) log10(QLF(-3<logEta<-2)_84th [Mpc^-3 dex^-1])(4)
#log10(QLF(-2<logEta<-1) [Mpc^-3 dex^-1])(5) log10(QLF(-2<logEta<-1)_16th [Mpc^-3 dex^-1])(6) log10(QLF(-2<logEta<-1)_84th [Mpc^-3 dex^-1])(7)
#log10(QLF(-1<logEta<0) [Mpc^-3 dex^-1])(8) log10(QLF(-1<logEta<0)_16th [Mpc^-3 dex^-1])(9) log10(QLF(-1<logEta<0)_84th [Mpc^-3 dex^-1])(10)
#log10(QLF(0<logEta<1) [Mpc^-3 dex^-1])(11) log10(QLF(0<logEta<1)_16th [Mpc^-3 dex^-1])(12) log10(QLF(0<logEta<1)_84th [Mpc^-3 dex^-1])(13)
40.000000 -7.827800 -9.950787 -12.151468 -9.668050 -11.089383 -14.544786 -10.345825 -10.034048 -10.319650 -8.935339 -inf nan nan
40.040000 -7.812644 -9.870135 -11.996428 -9.602516 -10.982524 -14.312765 -10.256996 -9.906356 -10.214655 -8.887901 nan nan nan
40.080000 -7.798000 -9.794931 -11.870578 -9.539961 -10.897949 -14.159137 -10.184877 -9.807463 -10.148670 -8.836563 nan nan nan
40.120000 -7.783340 -9.717032 -11.728961 -9.475456 -10.798218 -13.958197 -10.108773 -9.766459 -10.107805 -8.789642 -10.761192 -11.236292 -10.010444
40.160000 -7.768683 -9.646980 -11.630377 -9.418644 -10.710984 -13.780829 -10.034015 -9.776587 -10.091955 -8.784930 -10.257744 -10.722728 -9.471377
40.200000 -7.754505 -9.571389 -11.524271 -9.360778 -10.626393 -13.625393 -9.970388 -9.793130 -10.081876 -8.808571 -10.019655 -10.477515 -9.210328
40.240000 -7.739775 -9.501708 -11.424880 -9.306745 -10.534504 -13.422165 -9.889891 -9.800116 -10.068044 -8.822150 -9.868825 -10.297368 -9.019868
40.280000 -7.725529 -9.429947 -11.324583 -9.252614 -10.458443 -13.259601 -9.821619 -9.817452 -10.089432 -8.848822 -9.747172 -10.157385 -8.869768
40.320000 -7.711090 -9.362933 -11.231044 -9.200243 -10.368758 -13.075312 -9.750806 -9.823163 -10.100570 -8.862215 -9.646011 -10.033020 -8.757346
40.360000 -7.696493 -9.295142 -11.137430 -9.148898 -10.294140 -12.895631 -9.710981 -9.834536 -10.103950 -8.883411 -9.548127 -9.909289 -8.652785
40.400000 -7.682371 -9.230337 -11.049564 -9.098665 -10.213843 -12.747108 -9.698686 -9.842777 -10.093923 -8.902645 -9.469878 -9.809224 -8.554078
40.440000 -7.667138 -9.166638 -10.960408 -9.049250 -10.135453 -12.561821 -9.635420 -9.847063 -10.066013 -8.917388 -9.372120 -9.681010 -8.421230
40.480000 -7.652420 -9.102239 -10.870957 -9.000322 -10.063533 -12.402213 -9.579777 -9.851341 -10.051098 -8.937373 -9.291951 -9.580061 -8.318150
40.520000 -7.637196 -9.043688 -10.790364 -8.946400 -9.987024 -12.248114 -9.524877 -9.852522 -10.030376 -8.951820 -9.205664 -9.469060 -8.198286
40.560000 -7.621534 -8.980157 -10.702977 -8.881623 -9.918170 -12.100442 -9.467791 -9.853178 -10.044694 -8.972516 -9.117483 -9.371727 -8.073526
40.600000 -7.606417 -8.923477 -10.631340 -8.822158 -9.848053 -11.991611 -9.416126 -9.850086 -10.047229 -8.966327 -9.044799 -9.284018 -7.985130
40.640000 -7.589083 -8.863424 -10.554621 -8.759526 -9.778045 -11.856864 -9.355328 -9.846590 -10.009854 -8.954438 -8.940163 -9.168738 -7.853462
40.680000 -7.572415 -8.807324 -10.471228 -8.700105 -9.711194 -11.744793 -9.300816 -9.835175 -10.014576 -8.967440 -8.856571 -9.077119 -7.752930
40.720000 -7.554119 -8.751484 -10.379620 -8.640314 -9.643440 -11.632194 -9.245807 -9.826630 -10.029313 -8.930005 -8.757237 -8.911438 -7.626636
40.760000 -7.534420 -8.696332 -10.287420 -8.582995 -9.576711 -11.516877 -9.190142 -9.808921 -10.037432 -8.925783 -8.654193 -8.800007 -7.438145
40.800000 -7.515576 -8.643920 -10.204773 -8.533574 -9.515649 -11.424014 -9.140969 -9.793830 -10.049649 -8.947449 -8.570771 -8.709731 -7.293369
40.840000 -7.489360 -8.590237 -10.108941 -8.478876 -9.445647 -11.303241 -9.084469 -9.769702 -10.028891 -8.963838 -8.433231 -8.518646 -6.980705
40.880000 -7.464638 -8.540531 -10.026095 -8.428952 -9.385011 -11.207963 -9.035647 -9.743208 -9.995654 -8.982552 -8.328910 -8.404428 -6.818855
40.920000 -7.432271 -8.488536 -9.905875 -8.376097 -9.321062 -11.102203 -8.986653 -9.715771 -9.952091 -8.960813 -8.193254 -8.248087 -6.566016
40.960000 -7.393940 -8.439913 -9.806356 -8.326465 -9.259628 -11.002175 -8.939031 -9.681626 -9.938983 -8.913637 -8.053367 -8.078731 -6.370730
41.000000 -7.358719 -8.391012 -9.704027 -8.277169 -9.202802 -10.910731 -8.894775 -9.648556 -9.954674 -8.873550 -7.947648 -7.957307 -6.234489
41.040000 -7.285422 -8.343576 -9.614231 -8.244212 -9.138967 -10.789060 -8.842122 -9.608560 -9.951566 -8.839703 -7.738332 -7.692977 -6.117211
41.080000 -7.222727 -8.297001 -9.539305 -8.213378 -9.082707 -10.679529 -8.785209 -9.567859 -9.957486 -8.853587 -7.597653 -7.537863 -6.044853
41.120000 -7.113203 -8.251426 -9.464099 -8.183508 -9.022404 -10.598630 -8.724587 -9.525009 -9.952432 -8.838653 -7.450059 -7.381366 -6.056284
41.160000 -6.985664 -8.207006 -9.390973 -8.154078 -8.965426 -10.523822 -8.664567 -9.479696 -9.946220 -8.795641 -7.431087 -7.374709 -6.070920
41.200000 -6.887202 -8.163377 -9.318698 -8.126564 -8.909690 -10.438713 -8.607963 -9.433126 -9.937445 -8.752668 -7.558037 -7.467457 -6.070872
41.240000 -6.805273 -8.121235 -9.261076 -8.096093 -8.850498 -10.340876 -8.553818 -9.385352 -9.917318 -8.694415 -7.449685 -7.393359 -6.106067
41.280000 -6.736375 -8.078910 -9.200182 -8.046663 -8.795281 -10.256590 -8.509524 -9.335666 -9.923372 -8.638099 -7.573584 -7.458897 -6.119067
41.320000 -6.712216 -8.038769 -9.143012 -7.993412 -8.739237 -10.173705 -8.464879 -9.286635 -9.913443 -8.588749 -7.500220 -7.431696 -6.135348
41.360000 -6.725688 -7.998659 -9.084625 -7.939748 -8.683530 -10.089810 -8.419597 -9.236290 -9.908745 -8.530084 -7.538642 -7.452508 -6.149277
41.400000 -6.739591 -7.960563 -9.029527 -7.888871 -8.631316 -10.015059 -8.378711 -9.185843 -9.905745 -8.507180 -7.604602 -7.453145 -6.150739
41.440000 -6.746173 -7.922487 -8.974181 -7.838114 -8.574705 -9.932149 -8.331402 -9.135395 -9.882893 -8.505563 -7.538821 -7.457153 -6.180166
41.480000 -6.752856 -7.886019 -8.907655 -7.789104 -8.521629 -9.863324 -8.288567 -9.082947 -9.850641 -8.471601 -7.615663 -7.465970 -6.188379
41.520000 -6.758383 -7.850304 -8.843581 -7.747831 -8.469043 -9.805968 -8.245203 -9.032215 -9.804752 -8.428354 -7.578285 -7.450513 -6.201322
41.560000 -6.762707 -7.815622 -8.777862 -7.720400 -8.414100 -9.747008 -8.195730 -8.978717 -9.773357 -8.419044 -7.639774 -7.485087 -6.222502
41.600000 -6.767076 -7.782404 -8.716622 -7.695928 -8.364843 -9.695450 -8.147920 -8.927748 -9.771175 -8.379072 -7.668780 -7.506942 -6.221732
41.640000 -6.765672 -7.749293 -8.652399 -7.675329 -8.309218 -9.635883 -8.092313 -8.873665 -9.737253 -8.361900 -7.677305 -7.488190 -6.232086
41.680000 -6.764273 -7.717770 -8.602831 -7.640448 -8.258945 -9.586635 -8.042545 -8.820827 -9.709798 -8.325612 -7.666224 -7.480785 -6.262098
41.720000 -6.762847 -7.687000 -8.564509 -7.611014 -8.207424 -9.529391 -7.990833 -8.768108 -9.680863 -8.283402 -7.684502 -7.510212 -6.257630
41.760000 -6.761395 -7.657313 -8.522371 -7.596499 -8.156273 -9.456826 -7.933731 -8.713702 -9.644599 -8.238305 -7.677525 -7.491678 -6.293167
41.800000 -6.759948 -7.628760 -8.470038 -7.580496 -8.109073 -9.392398 -7.880902 -8.662509 -9.623600 -8.197769 -7.742039 -7.515042 -6.270740
41.840000 -6.758980 -7.601009 -8.421790 -7.543160 -8.056429 -9.317720 -7.820887 -8.606611 -9.576489 -8.150083 -7.697776 -7.460372 -6.309236
41.880000 -6.758014 -7.574108 -8.384815 -7.516965 -8.009189 -9.251440 -7.770234 -8.554170 -9.537883 -8.104600 -7.715040 -7.443926 -6.316328
41.920000 -6.758576 -7.548901 -8.344044 -7.479760 -7.959557 -9.177211 -7.724613 -8.499851 -9.521834 -8.055271 -7.744187 -7.475465 -6.309566
41.960000 -6.760672 -7.523949 -8.304733 -7.441320 -7.911369 -9.104611 -7.703158 -8.446295 -9.495253 -8.011849 -7.704188 -7.425999 -6.344993
42.000000 -6.762778 -7.501056 -8.256492 -7.411854 -7.866045 -9.036967 -7.679757 -8.393629 -9.465698 -7.970197 -7.827020 -7.564293 -6.311733
42.040000 -6.765909 -7.478162 -8.202172 -7.383642 -7.816779 -8.969642 -7.653564 -8.338911 -9.409883 -7.925771 -7.709072 -7.432566 -6.380562
42.080000 -6.769062 -7.457051 -8.150390 -7.364823 -7.771347 -8.898376 -7.629752 -8.286157 -9.392935 -7.883748 -7.764755 -7.485893 -6.365317
42.120000 -6.770360 -7.436837 -8.103678 -7.346865 -7.725325 -8.827090 -7.589178 -8.232129 -9.316402 -7.842906 -7.732228 -7.452899 -6.392718
42.160000 -6.769786 -7.417472 -8.058357 -7.329771 -7.679073 -8.757945 -7.530448 -8.179499 -9.250081 -7.802011 -7.718980 -7.407907 -6.404330
42.200000 -6.769212 -7.400061 -8.027804 -7.317228 -7.636913 -8.696289 -7.478736 -8.126086 -9.201604 -7.762556 -7.775665 -7.413249 -6.377575
42.240000 -6.764012 -7.382422 -7.997666 -7.301074 -7.589883 -8.630015 -7.424102 -8.072413 -9.149574 -7.717439 -7.688078 -7.369199 -6.415561
42.280000 -6.758874 -7.367422 -7.973642 -7.290184 -7.546689 -8.566159 -7.374152 -8.019008 -9.100133 -7.677233 -7.725247 -7.374170 -6.396177
42.320000 -6.751127 -7.352330 -7.949318 -7.282429 -7.503658 -8.503853 -7.326210 -7.966235 -9.050610 -7.634368 -7.669391 -7.336308 -6.437503
42.360000 -6.740912 -7.339501 -7.927262 -7.298555 -7.460454 -8.439398 -7.281788 -7.912787 -9.000463 -7.591516 -7.672699 -7.332797 -6.421493
42.400000 -6.730931 -7.327364 -7.906428 -7.293439 -7.421727 -8.381500 -7.246887 -7.861100 -8.956469 -7.533838 -7.658871 -7.341232 -6.401109
42.440000 -6.715839 -7.316398 -7.894716 -7.282136 -7.378386 -8.316061 -7.193076 -7.807602 -8.950916 -7.473027 -7.602883 -7.344750 -6.398071
42.480000 -6.701255 -7.306807 -7.878128 -7.274152 -7.339840 -8.256537 -7.158236 -7.755196 -8.929446 -7.420233 -7.580462 -7.324975 -6.400776
42.520000 -6.685003 -7.298227 -7.847916 -7.264166 -7.300641 -8.196342 -7.121293 -7.703907 -8.888718 -7.398892 -7.550435 -7.359664 -6.386681
42.560000 -6.667281 -7.291226 -7.834332 -7.244239 -7.262384 -8.134679 -7.085261 -7.650614 -8.823818 -7.359541 -7.506895 -7.315543 -6.421570
42.600000 -6.650255 -7.285121 -7.822670 -7.234602 -7.227787 -8.079353 -7.052918 -7.600646 -8.763989 -7.307291 -7.499483 -7.335796 -6.397197
42.640000 -6.629129 -7.280720 -7.808830 -7.232851 -7.189523 -8.012755 -7.008054 -7.547572 -8.698515 -7.252466 -7.443712 -7.327296 -6.419422
42.680000 -6.608983 -7.276897 -7.780192 -7.231077 -7.155460 -7.962677 -6.967782 -7.497175 -8.636836 -7.203540 -7.409028 -7.317785 -6.422062
42.720000 -6.588321 -7.275403 -7.755438 -7.228418 -7.121530 -7.908709 -6.928474 -7.446293 -8.573756 -7.160719 -7.392815 -7.354101 -6.439043
42.760000 -6.567253 -7.274307 -7.755194 -7.226143 -7.088353 -7.855164 -6.890446 -7.395639 -8.512492 -7.118101 -7.335989 -7.319973 -6.456050
42.800000 -6.547160 -7.275402 -7.760406 -7.227924 -7.058699 -7.804882 -6.866614 -7.347021 -8.460786 -7.077290 -7.325853 -7.331086 -6.419565
42.840000 -6.524692 -7.277020 -7.757786 -7.231928 -7.026822 -7.748797 -6.850288 -7.296348 -8.409156 -7.035633 -7.268057 -7.287716 -6.426287
42.880000 -6.503329 -7.280378 -7.777871 -7.237706 -6.998258 -7.698130 -6.821492 -7.248433 -8.360150 -6.997689 -7.236243 -7.284820 -6.405105
42.920000 -6.480588 -7.285142 -7.790224 -7.244421 -6.970209 -7.647014 -6.800334 -7.199563 -8.296487 -6.950189 -7.200326 -7.286412 -6.393446
42.960000 -6.456726 -7.290953 -7.801513 -7.252426 -6.941701 -7.597754 -6.781167 -7.151807 -8.224900 -6.912322 -7.156825 -7.256371 -6.387411
43.000000 -6.434108 -7.298780 -7.809941 -7.261745 -6.917395 -7.565737 -6.768211 -7.105555 -8.155401 -6.870171 -7.128610 -7.225059 -6.373792
43.040000 -6.408540 -7.307043 -7.823547 -7.273671 -6.889122 -7.507132 -6.753012 -7.058185 -8.081747 -6.806760 -7.079985 -7.216469 -6.358463
43.080000 -6.384395 -7.317552 -7.839890 -7.279550 -6.864939 -7.451743 -6.721688 -7.012743 -8.008410 -6.765440 -7.042184 -7.165618 -6.328422
43.120000 -6.358980 -7.329022 -7.856756 -7.282548 -6.840842 -7.395967 -6.705364 -6.967841 -7.941162 -6.734135 -7.001419 -7.151111 -6.307358
43.160000 -6.332579 -7.342035 -7.877090 -7.289790 -6.817010 -7.349257 -6.691002 -6.923185 -7.879915 -6.704077 -6.956614 -7.123411 -6.302734
43.200000 -6.307691 -7.356558 -7.894261 -7.299803 -6.797133 -7.309882 -6.671014 -6.880978 -7.819182 -6.675215 -6.917553 -7.100697 -6.292927
43.240000 -6.279840 -7.372307 -7.914300 -7.308724 -6.774050 -7.265781 -6.651317 -6.837406 -7.758767 -6.623312 -6.875448 -7.109639 -6.290110
43.280000 -6.253669 -7.389175 -7.917078 -7.318580 -6.755295 -7.227265 -6.628345 -6.796023 -7.697473 -6.569769 -6.833035 -7.109377 -6.269683
43.320000 -6.227214 -7.408410 -7.931923 -7.328601 -6.736386 -7.198556 -6.582458 -6.755197 -7.638536 -6.516820 -6.796185 -7.087791 -6.248985
43.360000 -6.200614 -7.427355 -7.941081 -7.333420 -6.718684 -7.176658 -6.556247 -6.714934 -7.578357 -6.468321 -6.755037 -7.062077 -6.233411
43.400000 -6.175550 -7.449235 -7.958788 -7.343126 -6.704059 -7.150512 -6.565192 -6.676968 -7.521210 -6.436670 -6.717738 -7.045190 -6.213567
43.440000 -6.149947 -7.471058 -7.980924 -7.357546 -6.687364 -7.106303 -6.570782 -6.637858 -7.462231 -6.394621 -6.683822 -7.025981 -6.199631
43.480000 -6.125770 -7.495058 -8.010420 -7.365098 -6.674112 -7.066014 -6.580560 -6.601301 -7.405428 -6.355875 -6.652496 -6.998431 -6.186963
43.520000 -6.101844 -7.520196 -8.038040 -7.375794 -6.661534 -7.044431 -6.592612 -6.564905 -7.349436 -6.321446 -6.620124 -6.998401 -6.176150
43.560000 -6.078198 -7.545956 -8.059853 -7.394010 -6.649843 -7.034937 -6.588003 -6.529997 -7.293374 -6.293115 -6.590676 -6.963888 -6.171892
43.600000 -6.055774 -7.574628 -8.080161 -7.416671 -6.641494 -7.006489 -6.580957 -6.496465 -7.240527 -6.272959 -6.555752 -6.947182 -6.147817
43.640000 -6.033893 -7.601774 -8.096292 -7.432014 -6.631915 -6.971366 -6.571500 -6.463125 -7.185779 -6.246478 -6.532448 -6.927748 -6.124518
43.680000 -6.013063 -7.633678 -8.123037 -7.449953 -6.625731 -6.944609 -6.567947 -6.431329 -7.133870 -6.215517 -6.502993 -6.900321 -6.106358
43.720000 -5.992695 -7.662318 -8.146390 -7.464538 -6.620312 -6.937437 -6.564712 -6.400769 -7.077966 -6.186670 -6.474993 -6.856188 -6.088785
43.760000 -5.972770 -7.695289 -8.176307 -7.488147 -6.615704 -6.934551 -6.555969 -6.371024 -7.025768 -6.158714 -6.452244 -6.815625 -6.068855
43.800000 -5.953720 -7.727380 -8.208783 -7.510956 -6.614458 -6.939401 -6.543162 -6.342996 -6.973362 -6.137082 -6.420026 -6.774605 -6.044142
43.840000 -5.934674 -7.761213 -8.242233 -7.535754 -6.610734 -6.938119 -6.524708 -6.315566 -6.916547 -6.113290 -6.402286 -6.748415 -6.030899
43.880000 -5.916428 -7.796224 -8.280079 -7.562111 -6.610766 -6.949017 -6.509240 -6.289221 -6.875412 -6.090805 -6.376528 -6.708452 -6.024194
43.920000 -5.898855 -7.831033 -8.319158 -7.589610 -6.611064 -6.957381 -6.502199 -6.265012 -6.835672 -6.073233 -6.353066 -6.678622 -6.037674
43.960000 -5.881904 -7.869066 -8.357818 -7.622659 -6.613507 -6.968653 -6.513467 -6.240911 -6.796674 -6.049715 -6.331624 -6.668500 -6.032819
44.000000 -5.865591 -7.904557 -8.387328 -7.655720 -6.617646 -6.972013 -6.506228 -6.219417 -6.758534 -6.033183 -6.305691 -6.629172 -6.025916
44.040000 -5.849470 -7.945670 -8.427094 -7.694052 -6.621951 -6.987703 -6.511131 -6.198132 -6.717424 -6.012425 -6.285145 -6.637941 -6.018929
44.080000 -5.833926 -7.981100 -8.461898 -7.729270 -6.628619 -6.998595 -6.516469 -6.178762 -6.681100 -5.978430 -6.262151 -6.601439 -6.011028
44.120000 -5.819669 -8.022479 -8.504162 -7.768537 -6.636924 -6.983638 -6.505594 -6.160618 -6.644344 -5.944961 -6.241033 -6.583947 -5.998508
44.160000 -5.806593 -8.060992 -8.542526 -7.802019 -6.646293 -6.968279 -6.491826 -6.143760 -6.606163 -5.920535 -6.221974 -6.550766 -5.975363
44.200000 -5.793899 -8.102592 -8.585140 -7.839736 -6.658344 -6.981378 -6.482717 -6.128376 -6.570592 -5.897346 -6.201608 -6.521303 -5.957002
44.240000 -5.784219 -8.144110 -8.627032 -7.877947 -6.670770 -7.002784 -6.505218 -6.114366 -6.527191 -5.881962 -6.189011 -6.504304 -5.965703
44.280000 -5.774751 -8.185272 -8.669184 -7.916879 -6.684344 -7.025146 -6.528082 -6.102039 -6.483161 -5.877766 -6.176210 -6.473446 -5.953845
44.320000 -5.767339 -8.230367 -8.716617 -7.959761 -6.702133 -7.062568 -6.544819 -6.090554 -6.454353 -5.837934 -6.163175 -6.455149 -5.958015
44.360000 -5.761883 -8.270982 -8.758706 -8.001390 -6.716987 -7.087784 -6.542868 -6.081622 -6.435955 -5.822065 -6.157684 -6.442749 -5.976101
44.400000 -5.756494 -8.319725 -8.811895 -8.050955 -6.738206 -7.126542 -6.552902 -6.072656 -6.418049 -5.827536 -6.145923 -6.420936 -5.972374
44.440000 -5.754480 -8.359720 -8.852842 -8.093047 -6.756354 -7.146907 -6.559281 -6.067024 -6.387535 -5.837015 -6.144138 -6.403169 -5.976204
44.480000 -5.752476 -8.407555 -8.904578 -8.142263 -6.779078 -7.168372 -6.570605 -6.061526 -6.361048 -5.843612 -6.140532 -6.390070 -5.990731
44.520000 -5.752558 -8.451518 -8.950901 -8.188378 -6.802461 -7.193756 -6.582406 -6.058104 -6.343374 -5.835112 -6.136868 -6.379902 -6.007623
44.560000 -5.754728 -8.498562 -9.000726 -8.233418 -6.826082 -7.215155 -6.594558 -6.056327 -6.325815 -5.825802 -6.141304 -6.373223 -6.009153
44.600000 -5.756908 -8.546458 -9.050906 -8.280854 -6.855097 -7.240164 -6.608831 -6.054734 -6.310319 -5.819985 -6.139587 -6.376751 -5.997459
44.640000 -5.762553 -8.592671 -9.098351 -8.329212 -6.878680 -7.260426 -6.620018 -6.056890 -6.305790 -5.815309 -6.147782 -6.365075 -5.989732
44.680000 -5.768271 -8.644143 -9.152811 -8.385966 -6.911213 -7.287830 -6.641663 -6.058567 -6.296262 -5.814341 -6.152998 -6.360976 -6.003825
44.720000 -5.775752 -8.690004 -9.198086 -8.435526 -6.936503 -7.306641 -6.657271 -6.063016 -6.296815 -5.812968 -6.160518 -6.361878 -6.010226
44.760000 -5.785087 -8.745164 -9.249315 -8.496446 -6.968878 -7.331462 -6.674705 -6.068589 -6.308937 -5.814162 -6.171181 -6.370648 -6.003101
44.800000 -5.794627 -8.790708 -9.291741 -8.544621 -6.999419 -7.355395 -6.693722 -6.074526 -6.322286 -5.819239 -6.180638 -6.380390 -5.995249
44.840000 -5.807237 -8.844697 -9.341697 -8.600688 -7.031404 -7.379129 -6.727534 -6.084125 -6.341398 -5.830176 -6.194777 -6.392836 -6.011294
44.880000 -5.820225 -8.894450 -9.388039 -8.651653 -7.065536 -7.406206 -6.762203 -6.093802 -6.338595 -5.839689 -6.208552 -6.410101 -6.015628
44.920000 -5.834589 -8.947929 -9.437753 -8.706367 -7.098565 -7.431867 -6.786958 -6.104997 -6.354632 -5.846445 -6.224250 -6.421457 -6.019019
44.960000 -5.850457 -9.001913 -9.490115 -8.761623 -7.136365 -7.462267 -6.815227 -6.118295 -6.353953 -5.852422 -6.240582 -6.430963 -6.025427
45.000000 -5.866926 -9.054918 -9.542465 -8.815977 -7.170143 -7.489891 -6.840926 -6.131075 -6.352285 -5.859448 -6.259514 -6.441431 -6.031108
45.040000 -5.886354 -9.113328 -9.605589 -8.876504 -7.211615 -7.532816 -6.872511 -6.147792 -6.354182 -5.874852 -6.280017 -6.469927 -6.029027
45.080000 -5.906691 -9.165409 -9.654882 -8.930910 -7.244154 -7.567064 -6.897241 -6.165047 -6.366192 -5.887358 -6.303213 -6.499587 -6.054443
45.120000 -5.928781 -9.228944 -9.716187 -8.996282 -7.285777 -7.609853 -6.931621 -6.182833 -6.380465 -5.896254 -6.328756 -6.535811 -6.078572
45.160000 -5.952850 -9.280137 -9.770061 -9.049994 -7.322110 -7.642658 -6.960389 -6.203701 -6.385217 -5.906919 -6.356113 -6.578545 -6.102228
45.200000 -5.978332 -9.342897 -9.846893 -9.114598 -7.363792 -7.683862 -6.997394 -6.222944 -6.391450 -5.926614 -6.388526 -6.607591 -6.135552
45.240000 -6.005392 -9.399378 -9.914862 -9.173493 -7.403967 -7.721334 -7.029954 -6.246958 -6.419557 -5.947961 -6.418696 -6.623808 -6.151709
45.280000 -6.034250 -9.461032 -9.988656 -9.237212 -7.444053 -7.758942 -7.068706 -6.270524 -6.447686 -5.959875 -6.454560 -6.658742 -6.168491
45.320000 -6.064352 -9.523426 -10.050454 -9.303539 -7.489768 -7.804340 -7.117288 -6.294686 -6.475695 -5.980608 -6.491942 -6.697006 -6.182890
45.360000 -6.095824 -9.583994 -10.110059 -9.371855 -7.528022 -7.846971 -7.155032 -6.322117 -6.506562 -6.004861 -6.529388 -6.730521 -6.219812
45.400000 -6.129757 -9.652600 -10.179242 -9.460809 -7.579449 -7.909823 -7.208343 -6.347093 -6.515461 -6.026898 -6.576016 -6.782219 -6.257692
45.440000 -6.163194 -9.712099 -10.243787 -9.516312 -7.615450 -7.948989 -7.242748 -6.377642 -6.544532 -6.055558 -6.614278 -6.813084 -6.285259
45.480000 -6.199423 -9.786756 -10.326897 -9.592781 -7.664181 -8.007505 -7.293367 -6.406376 -6.575354 -6.081930 -6.662441 -6.863590 -6.310170
45.520000 -6.236183 -9.845671 -10.390262 -9.650983 -7.706208 -8.055956 -7.336490 -6.436917 -6.605186 -6.110754 -6.709953 -6.916262 -6.339190
45.560000 -6.273330 -9.918812 -10.470738 -9.725100 -7.752400 -8.110125 -7.384825 -6.469017 -6.633965 -6.147441 -6.755889 -6.964504 -6.371809
45.600000 -6.313953 -9.985040 -10.542643 -9.787189 -7.800424 -8.167708 -7.436259 -6.499748 -6.661474 -6.186801 -6.815341 -7.031192 -6.415490
45.640000 -6.351711 -10.056737 -10.618978 -9.855610 -7.844204 -8.217700 -7.481451 -6.534834 -6.695845 -6.225571 -6.858145 -7.067789 -6.448182
45.680000 -6.393067 -10.130069 -10.697186 -9.930311 -7.896514 -8.281110 -7.538061 -6.567766 -6.725003 -6.258946 -6.916568 -7.127078 -6.486688
45.720000 -6.434599 -10.200809 -10.766403 -10.002797 -7.939737 -8.327008 -7.583010 -6.603720 -6.760818 -6.298043 -6.970579 -7.177779 -6.529020
45.760000 -6.475928 -10.281602 -10.876424 -10.082011 -7.996368 -8.383919 -7.644680 -6.639235 -6.799365 -6.339427 -7.024078 -7.221072 -6.571636
45.800000 -6.521608 -10.351372 -10.961464 -10.149142 -8.039144 -8.424053 -7.689518 -6.675717 -6.836460 -6.376370 -7.093167 -7.279101 -6.627946
45.840000 -6.562418 -10.440018 -11.059635 -10.236317 -8.092891 -8.475234 -7.748250 -6.713689 -6.879458 -6.418698 -7.140013 -7.305777 -6.672600
45.880000 -6.607464 -10.508319 -11.131128 -10.301075 -8.140892 -8.520760 -7.800173 -6.752349 -6.918869 -6.460295 -7.202235 -7.354435 -6.728699
45.920000 -6.652415 -10.595262 -11.223540 -10.386460 -8.193657 -8.571151 -7.857799 -6.790833 -6.960297 -6.502840 -7.264960 -7.407748 -6.786332
45.960000 -6.696671 -10.672507 -11.299738 -10.460808 -8.246891 -8.620773 -7.915928 -6.830728 -7.001833 -6.546777 -7.321384 -7.460721 -6.840996
46.000000 -6.745955 -10.757768 -11.383941 -10.544037 -8.298905 -8.669666 -7.972590 -6.870865 -7.037602 -6.581856 -7.399890 -7.534306 -6.902395
46.040000 -6.789165 -10.844312 -11.471208 -10.627973 -8.357276 -8.729580 -8.037056 -6.911044 -7.078010 -6.617691 -7.451570 -7.579019 -6.948754
46.080000 -6.837155 -10.927400 -11.562794 -10.708256 -8.406915 -8.777998 -8.091591 -6.954731 -7.118482 -6.655814 -7.514629 -7.642471 -7.013512
46.120000 -6.884691 -11.024191 -11.672126 -10.803233 -8.472303 -8.845919 -8.158441 -6.995219 -7.156699 -6.698657 -7.586332 -7.714030 -7.080576
46.160000 -6.930927 -11.105188 -11.760899 -10.880692 -8.519665 -8.896442 -8.207084 -7.039999 -7.201503 -6.748924 -7.638150 -7.766808 -7.137132
46.200000 -6.982679 -11.212739 -11.882087 -10.993798 -8.583797 -8.966400 -8.272169 -7.082161 -7.247458 -6.799495 -7.728352 -7.835031 -7.224544
46.240000 -7.027208 -11.291528 -11.963268 -11.079391 -8.637451 -9.017794 -8.327140 -7.127102 -7.294927 -6.851275 -7.769803 -7.872052 -7.275460
46.280000 -7.076829 -11.395632 -12.074988 -11.182062 -8.698708 -9.076310 -8.389463 -7.172226 -7.343286 -6.900453 -7.838109 -7.935967 -7.357654
46.320000 -7.125903 -11.486835 -12.170392 -11.279765 -8.760546 -9.136169 -8.457526 -7.216316 -7.392368 -6.945147 -7.909197 -8.000654 -7.440190
46.360000 -7.173465 -11.587564 -12.275711 -11.386748 -8.818974 -9.192896 -8.525152 -7.263806 -7.441538 -6.997881 -7.955600 -8.044858 -7.511903
46.400000 -7.226884 -11.691660 -12.383326 -11.497241 -8.889206 -9.268003 -8.602845 -7.307779 -7.484363 -7.051838 -8.056169 -8.141668 -7.603985
46.440000 -7.272542 -11.789118 -12.485393 -11.587826 -8.944944 -9.326409 -8.659799 -7.357302 -7.535303 -7.100095 -8.079392 -8.165431 -7.653426
46.480000 -7.323571 -11.906172 -12.610405 -11.698305 -9.022014 -9.408417 -8.753097 -7.403939 -7.582192 -7.149427 -8.150710 -8.231469 -7.729748
46.520000 -7.374158 -12.001043 -12.709110 -11.783640 -9.076916 -9.461447 -8.808860 -7.453122 -7.631906 -7.200510 -8.208622 -8.283956 -7.788595
46.560000 -7.423303 -12.131792 -12.854118 -11.911643 -9.150462 -9.538361 -8.886018 -7.502282 -7.682917 -7.250953 -8.254465 -8.333309 -7.835902
46.600000 -7.478727 -12.224436 -12.957227 -12.000185 -9.215262 -9.616464 -8.947778 -7.551784 -7.733596 -7.305153 -8.343687 -8.413958 -7.921658
46.640000 -7.526194 -12.350515 -13.094229 -12.124180 -9.285437 -9.700927 -9.011930 -7.602951 -7.790768 -7.356188 -8.366090 -8.438143 -7.972538
46.680000 -7.579493 -12.460596 -13.206719 -12.232093 -9.358623 -9.783671 -9.078090 -7.653949 -7.845634 -7.410569 -8.430561 -8.494830 -8.055033
46.720000 -7.632511 -12.583685 -13.341588 -12.353248 -9.427240 -9.856778 -9.139199 -7.706591 -7.903689 -7.465496 -8.484008 -8.555831 -8.134372
46.760000 -7.684174 -12.713371 -13.485704 -12.481264 -9.508978 -9.945083 -9.213237 -7.758311 -7.960287 -7.519465 -8.532031 -8.603286 -8.200490
46.800000 -7.742824 -12.835690 -13.618123 -12.601642 -9.576288 -10.014351 -9.280158 -7.813968 -8.018643 -7.579424 -8.607943 -8.675967 -8.290922
46.840000 -7.792902 -12.989861 -13.781710 -12.754690 -9.666798 -10.111338 -9.370648 -7.867068 -8.078554 -7.635270 -8.635715 -8.705597 -8.332617
46.880000 -7.849518 -13.115625 -13.903302 -12.878502 -9.731207 -10.174579 -9.434814 -7.924559 -8.138638 -7.697852 -8.686516 -8.759148 -8.396114
46.920000 -7.905956 -13.307497 -14.092036 -13.074815 -9.818961 -10.260689 -9.521978 -7.979818 -8.196857 -7.760706 -8.747065 -8.821784 -8.463785
46.960000 -7.960973 -13.449007 -14.229220 -13.215627 -9.893892 -10.338428 -9.596867 -8.037936 -8.258683 -7.824086 -8.782785 -8.865515 -8.511542
47.000000 -8.023985 -13.678557 -14.457933 -13.459505 -9.979155 -10.450007 -9.681122 -8.096807 -8.315452 -7.890872 -8.867787 -8.950484 -8.595861
47.040000 -8.077344 -13.931121 -14.717300 -13.725032 -10.064785 -10.538953 -9.763631 -8.154737 -8.370381 -7.953728 -8.892843 -8.981749 -8.634868
47.080000 -8.138190 -14.395363 -15.178120 -14.192603 -10.145971 -10.622288 -9.842765 -8.216809 -8.427370 -8.021678 -8.945719 -9.038353 -8.694301
47.120000 -8.198923 nan nan nan -10.244299 -10.736398 -9.950775 -8.275521 -8.482095 -8.087734 -9.015118 -9.102070 -8.768765
47.160000 -8.258020 nan nan nan -10.321566 -10.823805 -10.029754 -8.340395 -8.544098 -8.156487 -9.042820 -9.138707 -8.812765
47.200000 -8.326444 -inf nan nan -10.432933 -10.954620 -10.139257 -8.402957 -8.611895 -8.230356 -9.139754 -9.223501 -8.905937
47.240000 -8.383725 -inf nan nan -10.506351 -11.025614 -10.211352 -8.468117 -8.680956 -8.299594 -9.155669 -9.254030 -8.938047
47.280000 -8.449725 -inf nan nan -10.611686 -11.131021 -10.314672 -8.534166 -8.752399 -8.372325 -9.219760 -9.313029 -9.004897
47.320000 -8.515672 -inf nan nan -10.700694 -11.220556 -10.404505 -8.600738 -8.823956 -8.445812 -9.281785 -9.373936 -9.068731
47.360000 -8.579622 -inf nan nan -10.800217 -11.322532 -10.504938 -8.669791 -8.897222 -8.516773 -9.320824 -9.416105 -9.113941
47.400000 -8.654643 -inf nan nan -10.904925 -11.432958 -10.610520 -8.739427 -8.960766 -8.592712 -9.419799 -9.517179 -9.202992
47.440000 -8.716509 -inf nan nan -10.999031 -11.527559 -10.705662 -8.810421 -9.030192 -8.669004 -9.439492 -9.538668 -9.245303
47.480000 -8.788675 -inf nan nan -11.118092 -11.663938 -10.823827 -8.881814 -9.098873 -8.749696 -9.513734 -9.616460 -9.319178
47.520000 -8.860813 -inf nan nan -11.208902 -11.765495 -10.914724 -8.957109 -9.175711 -8.828425 -9.572155 -9.677901 -9.385482
47.560000 -8.930348 -inf nan nan -11.342855 -11.913469 -11.047085 -9.031164 -9.250216 -8.898374 -9.622223 -9.728490 -9.440035
47.600000 -9.013179 -inf nan nan -11.431055 -11.999827 -11.135108 -9.111023 -9.332275 -8.973810 -9.716739 -9.823817 -9.532120
47.640000 -9.080109 -inf nan nan -11.557055 -12.125490 -11.272185 -9.186546 -9.411838 -9.045090 -9.749648 -9.857042 -9.572991
47.680000 -9.159267 -inf nan nan -11.664843 -12.231660 -11.391367 -9.267853 -9.497018 -9.121573 -9.820612 -9.928917 -9.645407
47.720000 -9.238372 -inf nan nan -11.786233 -12.351366 -11.507835 -9.348804 -9.586010 -9.197948 -9.892623 -10.000793 -9.720269
47.760000 -9.313938 -inf nan nan -11.915140 -12.479496 -11.630194 -9.430361 -9.678252 -9.279029 -9.947247 -10.055796 -9.776964
47.800000 -9.405480 -inf nan nan -12.034287 -12.596060 -11.744344 -9.518809 -9.762193 -9.364752 -10.048823 -10.158805 -9.869018
47.840000 -9.477754 -inf nan nan -12.188623 -12.745813 -11.894268 -9.599769 -9.847333 -9.444048 -10.092170 -10.202153 -9.915908
47.880000 -9.564506 -inf nan nan -12.308502 -12.862384 -12.009530 -9.691261 -9.949917 -9.538378 -10.164267 -10.273625 -9.988068
47.920000 -9.651229 -inf nan nan -12.502227 -13.067893 -12.199455 -9.778660 -10.049402 -9.632188 -10.248308 -10.358357 -10.065006
47.960000 -9.733236 -inf nan nan -12.634973 -13.196599 -12.331332 -9.870241 -10.154468 -9.727877 -10.303006 -10.413621 -10.123720
48.000000 -9.834421 -inf nan nan -12.862616 -13.432045 -12.557898 -9.966134 -10.267926 -9.830935 -10.418328 -10.528201 -10.224171
48.040000 -9.912310 -inf nan nan -13.107505 -13.675915 -12.801360 -10.057009 -10.375875 -9.921126 -10.460948 -10.580964 -10.273122
48.080000 -10.007288 -inf nan nan -13.559860 -14.118842 -13.243575 -10.155991 -10.487824 -10.017669 -10.545404 -10.676653 -10.352546
48.120000 -10.102374 -inf nan nan nan nan nan -10.252622 -10.595906 -10.106269 -10.636310 -10.779564 -10.434050
48.160000 -10.191343 -inf nan nan nan nan nan -10.353465 -10.709047 -10.206556 -10.697827 -10.846721 -10.498749
48.200000 -10.303361 -inf nan nan -inf nan nan -10.458836 -10.822503 -10.324031 -10.824905 -10.981827 -10.605843
48.240000 -10.387162 -inf nan nan -inf nan nan -10.560373 -10.935370 -10.428438 -10.870103 -11.045045 -10.659573
48.280000 -10.491096 -inf nan nan -inf nan nan -10.668804 -11.051907 -10.538079 -10.965003 -11.149974 -10.746395
48.320000 -10.595464 -inf nan nan -inf nan nan -10.778078 -11.167588 -10.643721 -11.059826 -11.250915 -10.842280
48.360000 -10.692086 -inf nan nan -inf nan nan -10.887381 -11.281482 -10.749090 -11.133175 -11.337850 -10.915317
48.400000 -10.816547 -inf nan nan -inf nan nan -11.007570 -11.403302 -10.859658 -11.265260 -11.469756 -11.031068
48.440000 -10.907018 -inf nan nan -inf nan nan -11.117635 -11.522954 -10.956088 -11.322370 -11.536951 -11.093795
48.480000 -11.021433 -inf nan nan -inf nan nan -11.239106 -11.649600 -11.057172 -11.425713 -11.641335 -11.195012
48.520000 -11.137098 -inf nan nan -inf nan nan -11.362426 -11.775382 -11.165956 -11.529870 -11.747533 -11.292812
48.560000 -11.243298 -inf nan nan -inf nan nan -11.484698 -11.907031 -11.284718 -11.613469 -11.835314 -11.377126
48.600000 -11.384176 -inf nan nan -inf nan nan -11.625090 -12.053596 -11.421877 -11.755002 -11.981191 -11.510247
48.640000 -11.483609 -inf nan nan -inf nan nan -11.750745 -12.186190 -11.545296 -11.821403 -12.054311 -11.570306
48.680000 -11.612784 -inf nan nan -inf nan nan -11.896213 -12.338881 -11.687263 -11.932159 -12.175444 -11.670317
48.720000 -11.744911 -inf nan nan -inf nan nan -12.044039 -12.488401 -11.834642 -12.047851 -12.306883 -11.776310
48.760000 -11.865008 -inf nan nan -inf nan nan -12.196275 -12.643746 -11.986498 -12.137769 -12.404305 -11.861322
48.800000 -12.031574 -inf nan nan -inf nan nan -12.377563 -12.831429 -12.169900 -12.291866 -12.579492 -11.999600
48.840000 -12.143089 -inf nan nan -inf nan nan -12.539298 -12.999863 -12.322380 -12.366096 -12.660600 -12.065816
48.880000 -12.293517 -inf nan nan -inf nan nan -12.738881 -13.205273 -12.514055 -12.486402 -12.787455 -12.172765
48.920000 -12.448739 -inf nan nan -inf nan nan -12.950776 -13.414144 -12.704697 -12.612889 -12.932968 -12.285559
48.960000 -12.583925 -inf nan nan -inf nan nan -13.180466 -13.628354 -12.914082 -12.710720 -13.048437 -12.372568
49.000000 -12.781265 -inf nan nan -inf nan nan -13.486553 -13.918295 -13.203013 -12.876610 -13.232964 -12.522259
49.040000 -12.902368 -inf nan nan -inf nan nan -13.815231 -14.244602 -13.524053 -12.958982 -13.326595 -12.596031
49.080000 -13.070887 -inf nan nan -inf nan nan -14.435829 -14.848420 -14.101711 -13.090047 -13.470821 -12.715073
49.120000 -13.246627 -inf nan nan -inf nan nan nan nan nan nan nan nan
49.160000 -13.393561 -inf nan nan -inf nan nan nan nan nan nan nan nan
49.200000 -13.617295 -inf nan nan -inf nan nan -inf nan nan nan nan nan
49.240000 -13.748399 -inf nan nan -inf nan nan -inf nan nan nan nan nan
49.280000 -13.937091 -inf nan nan -inf nan nan -inf nan nan nan nan nan
49.320000 -14.140432 -inf nan nan -inf nan nan -inf nan nan nan nan nan
49.360000 -14.311236 -inf nan nan -inf nan nan -inf nan nan nan nan nan
49.400000 -14.596781 -inf nan nan -inf nan nan -inf nan nan nan nan nan
49.440000 -14.754066 -inf nan nan -inf nan nan -inf nan nan nan nan nan
49.480000 -15.003119 -inf nan nan -inf nan nan -inf nan nan nan nan nan
49.520000 -15.293488 -inf nan nan -inf nan nan -inf nan nan nan nan nan
49.560000 -15.509403 -inf nan nan -inf nan nan -inf nan nan nan nan nan
49.600000 -15.958016 -inf nan nan -inf nan nan -inf nan nan nan nan nan
