#Quasar bolometric luminosity function in different peak halo mass bins from TRINITY PaperIII (Fig. 6, Zhang+2024, MNRAS, 529, 2777)
#z: 5.00
#log10(Lbol [erg/s])(0) log10(QLF_total [Mpc^-3 dex^-1])(1) log10(QLF(11<logMpeak<12) [Mpc^-3 dex^-1])(2) log10(QLF(11<logMpeak<12)_16th [Mpc^-3 dex^-1])(3) log10(QLF(11<logMpeak<12)_84th [Mpc^-3 dex^-1])(4)
#log10(QLF(12<logMpeak<13) [Mpc^-3 dex^-1])(5) log10(QLF(12<logMpeak<13)_16th [Mpc^-3 dex^-1])(6) log10(QLF(12<logMpeak<13)_84th [Mpc^-3 dex^-1])(7)
#log10(QLF(13<logMpeak<14) [Mpc^-3 dex^-1])(8) log10(QLF(13<logMpeak<14)_16th [Mpc^-3 dex^-1])(9) log10(QLF(13<logMpeak<14)_84th [Mpc^-3 dex^-1])(10)
#log10(QLF(14<logMpeak<15) [Mpc^-3 dex^-1])(11) log10(QLF(14<logMpeak<15)_16th [Mpc^-3 dex^-1])(12) log10(QLF(14<logMpeak<15)_84th [Mpc^-3 dex^-1])(13)
40.000000 -6.245276 -6.470561 -7.114366 -6.299867 -6.638217 -7.448373 -6.722627 -10.253455 -11.127825 -10.354037 -inf nan nan
40.040000 -6.232432 -6.457593 -7.095919 -6.289101 -6.625555 -7.430732 -6.710745 -10.240210 -11.110439 -10.340874 -inf nan nan
40.080000 -6.219956 -6.444940 -7.077986 -6.278534 -6.613341 -7.413530 -6.699304 -10.227752 -11.093444 -10.328408 -inf nan nan
40.120000 -6.207394 -6.432305 -7.059759 -6.268032 -6.600886 -7.395952 -6.686588 -10.214957 -11.076336 -10.315963 -inf nan nan
40.160000 -6.194762 -6.419509 -7.041615 -6.257694 -6.588495 -7.377715 -6.671903 -10.202397 -11.059304 -10.303662 -inf nan nan
40.200000 -6.182487 -6.407174 -7.023676 -6.247582 -6.576311 -7.359681 -6.657430 -10.190014 -11.042493 -10.291880 -inf nan nan
40.240000 -6.169693 -6.394235 -7.008603 -6.237331 -6.563730 -7.341248 -6.644191 -10.177298 -11.025367 -10.279755 -inf nan nan
40.280000 -6.157265 -6.381738 -6.993627 -6.227213 -6.551405 -7.323077 -6.631364 -10.164881 -11.008481 -10.268088 -inf nan nan
40.320000 -6.144670 -6.369020 -6.978946 -6.213973 -6.538990 -7.304815 -6.618448 -10.152372 -10.991550 -10.256392 -inf nan nan
40.360000 -6.131930 -6.356192 -6.963907 -6.199227 -6.526381 -7.286353 -6.605338 -10.139731 -10.974404 -10.244605 -inf nan nan
40.400000 -6.119554 -6.343721 -6.949280 -6.184936 -6.514145 -7.268263 -6.592601 -10.127437 -10.957659 -10.233219 -inf nan nan
40.440000 -6.106343 -6.330413 -6.933960 -6.169714 -6.501079 -7.249348 -6.579033 -10.114349 -10.940087 -10.221071 -inf nan nan
40.480000 -6.093523 -6.317514 -6.918789 -6.154928 -6.488374 -7.230795 -6.565827 -10.101619 -10.922888 -10.209314 -inf nan nan
40.520000 -6.080348 -6.304242 -6.903609 -6.141310 -6.475343 -7.211910 -6.552296 -10.088579 -10.905352 -10.197247 -inf nan nan
40.560000 -6.066861 -6.290682 -6.887784 -6.129160 -6.461966 -7.192678 -6.538418 -10.075187 -10.887472 -10.184882 -inf nan nan
40.600000 -6.053781 -6.277505 -6.872683 -6.117313 -6.449030 -7.173892 -6.524979 -10.062239 -10.870044 -10.172959 -inf nan nan
40.640000 -6.039236 -6.262882 -6.855835 -6.103928 -6.434601 -7.153615 -6.510049 -10.047805 -10.851129 -10.159581 -inf nan nan
40.680000 -6.025163 -6.248703 -6.839636 -6.091122 -6.420685 -7.133845 -6.495632 -10.033885 -10.832720 -10.146708 -inf nan nan
40.720000 -6.010125 -6.233579 -6.821941 -6.077053 -6.405773 -7.113098 -6.480361 -10.018974 -10.813310 -10.132855 -inf nan nan
40.760000 -5.994236 -6.217577 -6.803342 -6.062092 -6.390053 -7.091617 -6.464630 -10.003249 -10.793098 -10.118197 -inf nan nan
40.800000 -5.978907 -6.202163 -6.785265 -6.046457 -6.374850 -7.070492 -6.449415 -9.988044 -10.773411 -10.104068 -inf nan nan
40.840000 -5.959274 -6.182403 -6.762877 -6.026885 -6.355406 -7.045159 -6.429960 -9.968600 -10.749638 -10.085696 -inf nan nan
40.880000 -5.940490 -6.163530 -6.741232 -6.007632 -6.336755 -7.020651 -6.411295 -9.949951 -10.726729 -10.068114 -inf nan nan
40.920000 -5.917274 -6.140174 -6.715269 -5.984260 -6.313747 -6.991792 -6.388278 -9.926945 -10.699470 -10.046184 -inf nan nan
40.960000 -5.890340 -6.113133 -6.680575 -5.956761 -6.286974 -6.959171 -6.361107 -9.900169 -10.668451 -10.020488 -inf nan nan
41.000000 -5.864979 -6.087619 -6.647466 -5.931474 -6.261841 -6.928186 -6.335052 -9.875034 -10.639074 -9.996436 -inf nan nan
41.040000 -5.817132 -6.039623 -6.591309 -5.884288 -6.214216 -6.874705 -6.286507 -9.827410 -10.587193 -9.949886 -inf nan nan
41.080000 -5.774037 -5.996373 -6.540050 -5.841498 -6.171352 -6.825988 -6.242723 -9.784550 -10.540076 -9.908100 -inf nan nan
41.120000 -5.715415 -5.937554 -6.473035 -5.783551 -6.113027 -6.761815 -6.183477 -9.726224 -10.477503 -9.850853 -inf nan nan
41.160000 -5.647230 -5.869214 -6.396120 -5.715194 -6.045073 -6.688010 -6.114602 -9.658266 -10.405305 -9.783982 -inf nan nan
41.200000 -5.588312 -5.810042 -6.328707 -5.656896 -5.986535 -6.623615 -6.055143 -9.599728 -10.342515 -9.726522 -inf nan nan
41.240000 -5.578856 -5.800419 -6.309947 -5.646890 -5.977330 -6.608557 -6.045018 -9.590525 -10.329055 -9.718394 -inf nan nan
41.280000 -5.569601 -5.790858 -6.291981 -5.635998 -5.968535 -6.593914 -6.035303 -9.581733 -10.316010 -9.710679 -inf nan nan
41.320000 -5.565570 -5.786621 -6.278188 -5.620696 -5.964815 -6.584343 -6.030661 -9.578010 -10.308045 -9.706954 -inf nan nan
41.360000 -5.566618 -5.787309 -6.269937 -5.608110 -5.966407 -6.580080 -6.031331 -9.579599 -10.305390 -9.706812 -inf nan nan
41.400000 -5.567668 -5.788062 -6.261161 -5.607915 -5.967904 -6.575724 -6.031909 -9.581098 -10.302631 -9.706576 -inf nan nan
41.440000 -5.567963 -5.787970 -6.258585 -5.608611 -5.968787 -6.570758 -6.031871 -9.581984 -10.299262 -9.705720 -inf nan nan
41.480000 -5.568258 -5.787848 -6.258452 -5.610099 -5.969715 -6.565837 -6.031877 -9.582913 -10.295944 -9.704910 -inf nan nan
41.520000 -5.567779 -5.786958 -6.257589 -5.610736 -5.969861 -6.560127 -6.031101 -9.583054 -10.291846 -9.703319 -inf nan nan
41.560000 -5.566528 -5.785137 -6.255960 -5.610896 -5.969478 -6.553890 -6.029796 -9.582671 -10.286233 -9.703232 -inf nan nan
41.600000 -5.565280 -5.783446 -6.254194 -5.610637 -5.968909 -6.547472 -6.027639 -9.582103 -10.280255 -9.703824 -inf nan nan
41.640000 -5.562343 -5.779787 -6.251011 -5.609245 -5.967082 -6.539796 -6.022767 -9.580280 -10.273026 -9.703158 -inf nan nan
41.680000 -5.559426 -5.776352 -6.247395 -5.607327 -5.964963 -6.531822 -6.019428 -9.578159 -10.265506 -9.702200 -inf nan nan
41.720000 -5.555483 -5.771529 -6.243400 -5.601215 -5.962381 -6.523386 -6.017594 -9.575575 -10.257511 -9.700781 -inf nan nan
41.760000 -5.550541 -5.765891 -6.237684 -5.592946 -5.958521 -6.513677 -6.016036 -9.571715 -10.248240 -9.698084 -inf nan nan
41.800000 -5.545655 -5.760005 -6.232866 -5.583772 -5.955197 -6.504507 -6.015165 -9.568395 -10.240066 -9.695924 -inf nan nan
41.840000 -5.538022 -5.751404 -6.224474 -5.573961 -5.949086 -6.492541 -6.011522 -9.562287 -10.230831 -9.690973 -inf nan nan
41.880000 -5.530522 -5.742821 -6.216969 -5.561483 -5.943299 -6.480902 -6.008206 -9.556500 -10.221924 -9.686351 -inf nan nan
41.920000 -5.522142 -5.733092 -6.207964 -5.551463 -5.937066 -6.468820 -6.004446 -9.550267 -10.212570 -9.681284 -inf nan nan
41.960000 -5.512936 -5.722716 -6.198290 -5.534786 -5.929737 -6.455647 -5.999590 -9.542943 -10.202119 -9.675121 -inf nan nan
42.000000 -5.503922 -5.712005 -6.188989 -5.522578 -5.923472 -6.443532 -5.992159 -9.536688 -10.192734 -9.670023 -inf nan nan
42.040000 -5.494931 -5.701651 -6.162909 -5.505423 -5.916706 -6.430914 -5.983409 -9.529930 -10.182854 -9.664426 -inf nan nan
42.080000 -5.486122 -5.690883 -6.138186 -5.491628 -5.911130 -6.419496 -5.975845 -9.524365 -10.173752 -9.657733 -inf nan nan
42.120000 -5.476929 -5.679979 -6.108377 -5.476899 -5.904794 -6.407314 -5.967507 -9.518038 -10.163385 -9.647629 -inf nan nan
42.160000 -5.467379 -5.668239 -6.093747 -5.468204 -5.898942 -6.395631 -5.959670 -9.512219 -10.153530 -9.638030 -inf nan nan
42.200000 -5.458034 -5.656626 -6.078694 -5.461222 -5.893480 -6.384315 -5.952789 -9.506784 -10.144062 -9.628810 -inf nan nan
42.240000 -5.446349 -5.642656 -6.063097 -5.448956 -5.885765 -6.370786 -5.941795 -9.499121 -10.132367 -9.617368 -inf nan nan
42.280000 -5.434970 -5.628291 -6.049809 -5.432825 -5.879662 -6.358849 -5.932906 -9.493074 -10.122280 -9.607545 -inf nan nan
42.320000 -5.422208 -5.613049 -6.033752 -5.413736 -5.871358 -6.344739 -5.924315 -9.484847 -10.110017 -9.595541 -inf nan nan
42.360000 -5.408192 -5.595686 -6.016015 -5.394618 -5.863473 -6.331030 -5.917706 -9.477084 -10.098220 -9.583997 -inf nan nan
42.400000 -5.394614 -5.579163 -5.982571 -5.378085 -5.855404 -6.317137 -5.910909 -9.469128 -10.086231 -9.572256 -inf nan nan
42.440000 -5.378253 -5.559470 -5.956332 -5.355254 -5.845406 -6.301383 -5.902267 -9.459352 -10.072416 -9.558998 -inf nan nan
42.480000 -5.362487 -5.540241 -5.929651 -5.341282 -5.836406 -6.286502 -5.894526 -9.450498 -10.059526 -9.546789 -inf nan nan
42.520000 -5.345724 -5.520130 -5.903516 -5.319429 -5.826342 -6.270798 -5.885510 -9.440841 -10.045834 -9.533772 -inf nan nan
42.560000 -5.328097 -5.498366 -5.873312 -5.295605 -5.817209 -6.255765 -5.876385 -9.432006 -10.032967 -9.521574 -inf nan nan
42.600000 -5.311158 -5.478230 -5.841628 -5.275685 -5.807004 -6.240843 -5.865079 -9.422392 -10.019314 -9.508598 -inf nan nan
42.640000 -5.291110 -5.453447 -5.816684 -5.260370 -5.797226 -6.227896 -5.853784 -9.413252 -10.006137 -9.496101 -inf nan nan
42.680000 -5.271948 -5.430831 -5.791080 -5.243060 -5.785781 -6.215269 -5.840970 -9.402529 -9.991380 -9.482022 -inf nan nan
42.720000 -5.251580 -5.406118 -5.764835 -5.216408 -5.775415 -6.203945 -5.829247 -9.393273 -9.978091 -9.469405 -inf nan nan
42.760000 -5.230206 -5.380701 -5.730587 -5.197998 -5.763651 -6.191072 -5.816068 -9.382433 -9.963214 -9.455202 -inf nan nan
42.800000 -5.209835 -5.356837 -5.701970 -5.168383 -5.751831 -6.178822 -5.803160 -9.372379 -9.949121 -9.442146 -inf nan nan
42.840000 -5.187386 -5.330092 -5.664827 -5.140473 -5.740233 -6.164701 -5.790057 -9.361937 -9.935024 -9.433175 -inf nan nan
42.880000 -5.166041 -5.305783 -5.633875 -5.107329 -5.726601 -6.142554 -5.776147 -9.351012 -9.921300 -9.423880 -inf nan nan
42.920000 -5.143862 -5.279177 -5.597953 -5.080555 -5.716304 -6.123092 -5.765523 -9.342705 -9.910195 -9.417197 -inf nan nan
42.960000 -5.121022 -5.253835 -5.565379 -5.056961 -5.700382 -6.105660 -5.750105 -9.330157 -9.894846 -9.402323 -inf nan nan
43.000000 -5.099323 -5.227978 -5.541809 -5.042868 -5.690523 -6.093590 -5.740609 -9.323913 -9.885806 -9.393480 -inf nan nan
43.040000 -5.074115 -5.200095 -5.512875 -5.004962 -5.673165 -6.073956 -5.723723 -9.310122 -9.869220 -9.379336 -inf nan nan
43.080000 -5.050290 -5.173336 -5.486803 -4.968537 -5.658177 -6.056734 -5.709693 -9.300415 -9.856713 -9.369665 -inf nan nan
43.120000 -5.025775 -5.145850 -5.457810 -4.941260 -5.642860 -6.037056 -5.691113 -9.289133 -9.842630 -9.358605 -inf nan nan
43.160000 -5.000748 -5.119193 -5.428622 -4.917041 -5.622989 -6.016293 -5.670579 -9.276362 -9.827060 -9.346061 -inf nan nan
43.200000 -4.977086 -5.092758 -5.401165 -4.884799 -5.608289 -5.995724 -5.651057 -9.266257 -9.814161 -9.336190 -inf nan nan
43.240000 -4.951488 -5.066292 -5.367572 -4.850575 -5.585545 -5.973013 -5.634228 -9.252656 -9.797284 -9.322821 -inf nan nan
43.280000 -4.927316 -5.039875 -5.332335 -4.818816 -5.568876 -5.950476 -5.621352 -9.242717 -9.784029 -9.313108 -inf nan nan
43.320000 -4.903195 -5.015285 -5.297730 -4.789491 -5.546342 -5.927242 -5.601382 -9.229820 -9.767815 -9.300435 -inf nan nan
43.360000 -4.879185 -4.989983 -5.266019 -4.759775 -5.526745 -5.902578 -5.581627 -9.220330 -9.755010 -9.291175 -inf nan nan
43.400000 -4.856433 -4.966582 -5.233149 -4.734448 -5.506234 -5.877370 -5.561139 -9.208557 -9.739923 -9.279635 -inf nan nan
43.440000 -4.833307 -4.943386 -5.206632 -4.708119 -5.483347 -5.846051 -5.537279 -9.197976 -9.726026 -9.269284 -inf nan nan
43.480000 -4.811350 -4.920784 -5.183704 -4.685990 -5.463633 -5.815756 -5.513139 -9.186944 -9.711675 -9.258478 -inf nan nan
43.520000 -4.789767 -4.900133 -5.167541 -4.662920 -5.438811 -5.784309 -5.485938 -9.175989 -9.695886 -9.247749 -inf nan nan
43.560000 -4.768556 -4.878680 -5.143701 -4.641998 -5.418437 -5.763045 -5.459917 -9.164435 -9.678727 -9.236427 -inf nan nan
43.600000 -4.748332 -4.859918 -5.125908 -4.625838 -5.393181 -5.733665 -5.436886 -9.154161 -9.662849 -9.226385 -inf nan nan
43.640000 -4.728022 -4.840193 -5.102401 -4.610274 -5.370879 -5.701938 -5.406150 -9.142799 -9.645885 -9.215254 -inf nan nan
43.680000 -4.708620 -4.822338 -5.075945 -4.596537 -5.346267 -5.682558 -5.374457 -9.131548 -9.629036 -9.204231 -inf nan nan
43.720000 -4.690205 -4.805591 -5.055292 -4.584865 -5.322320 -5.652004 -5.349297 -9.121260 -9.613148 -9.194173 -inf nan nan
43.760000 -4.672691 -4.789386 -5.035115 -4.565820 -5.300533 -5.622318 -5.318938 -9.109876 -9.597268 -9.183027 -inf nan nan
43.800000 -4.655856 -4.775028 -5.013212 -4.546601 -5.275754 -5.592067 -5.296379 -9.099096 -9.583771 -9.172485 -inf nan nan
43.840000 -4.640648 -4.761348 -4.989177 -4.536380 -5.255742 -5.561771 -5.275160 -9.088082 -9.570039 -9.161707 -inf nan nan
43.880000 -4.625954 -4.749649 -4.968131 -4.527201 -5.231830 -5.534187 -5.250063 -9.077517 -9.556760 -9.151383 -inf nan nan
43.920000 -4.612588 -4.738358 -4.949280 -4.514944 -5.212226 -5.503911 -5.224369 -9.065861 -9.542391 -9.139971 -inf nan nan
43.960000 -4.600443 -4.729430 -4.930742 -4.502043 -5.190640 -5.478287 -5.201078 -9.056393 -9.529811 -9.130765 -inf nan nan
44.000000 -4.588628 -4.720618 -4.914263 -4.487922 -5.170254 -5.448703 -5.175229 -9.044338 -9.511906 -9.118963 -inf nan nan
44.040000 -4.579649 -4.714822 -4.898628 -4.476459 -5.152436 -5.424997 -5.155573 -9.035267 -9.497026 -9.110179 -inf nan nan
44.080000 -4.570851 -4.710005 -4.885602 -4.466366 -5.132917 -5.399304 -5.133222 -9.024376 -9.480275 -9.099558 -inf nan nan
44.120000 -4.563707 -4.705960 -4.872857 -4.483415 -5.117671 -5.379822 -5.116742 -9.014097 -9.464213 -9.089613 -inf nan nan
44.160000 -4.558138 -4.704980 -4.877380 -4.487765 -5.100481 -5.360107 -5.100985 -9.003777 -9.448035 -9.079630 -inf nan nan
44.200000 -4.552640 -4.703042 -4.872967 -4.483832 -5.086257 -5.337942 -5.088103 -8.992151 -9.430618 -9.070021 -inf nan nan
44.240000 -4.550562 -4.705898 -4.868786 -4.490872 -5.072484 -5.316107 -5.077371 -8.982894 -9.415554 -9.063853 -inf nan nan
44.280000 -4.548494 -4.708182 -4.864113 -4.505207 -5.060458 -5.295258 -5.072092 -8.971404 -9.398210 -9.054353 -inf nan nan
44.320000 -4.548297 -4.713098 -4.861416 -4.515498 -5.048972 -5.275745 -5.068983 -8.961703 -9.382792 -9.041741 -inf nan nan
44.360000 -4.549970 -4.720199 -4.872207 -4.520068 -5.039113 -5.258505 -5.059707 -8.950970 -9.366098 -9.029151 -inf nan nan
44.400000 -4.551650 -4.727173 -4.883085 -4.528623 -5.029964 -5.248208 -5.050637 -8.939696 -9.349288 -9.014209 -inf nan nan
44.440000 -4.556961 -4.738929 -4.872484 -4.542127 -5.022615 -5.241117 -5.042046 -8.929742 -9.331074 -8.998113 -inf nan nan
44.480000 -4.562338 -4.749866 -4.878717 -4.551911 -5.017507 -5.235087 -5.036064 -8.918672 -9.309346 -8.981028 -inf nan nan
44.520000 -4.569480 -4.764288 -4.905864 -4.561923 -5.011481 -5.221226 -5.029813 -8.906849 -9.290502 -8.963557 -inf nan nan
44.560000 -4.578475 -4.779612 -4.918587 -4.571513 -5.009518 -5.210118 -5.025015 -8.895953 -9.273445 -8.946314 -inf nan nan
44.600000 -4.587661 -4.796661 -4.923778 -4.586633 -5.005673 -5.198935 -5.021427 -8.882802 -9.254958 -8.927778 -inf nan nan
44.640000 -4.600317 -4.816825 -4.937448 -4.607965 -5.006452 -5.192818 -5.021008 -8.871838 -9.236481 -8.910473 -inf nan nan
44.680000 -4.613353 -4.838196 -4.950784 -4.625125 -5.006902 -5.188731 -5.020827 -8.859156 -9.220416 -8.892747 -inf nan nan
44.720000 -4.628157 -4.861915 -4.976215 -4.638089 -5.008887 -5.184394 -5.021146 -8.846707 -9.206578 -8.881895 -inf nan nan
44.760000 -4.644901 -4.887672 -4.996409 -4.656483 -5.013299 -5.183415 -5.024072 -8.833481 -9.191124 -8.868786 -inf nan nan
44.800000 -4.662317 -4.915405 -5.020815 -4.680211 -5.017314 -5.180955 -5.025986 -8.819844 -9.169871 -8.850363 -inf nan nan
44.840000 -4.682123 -4.945010 -5.054466 -4.714468 -5.025043 -5.179716 -5.032659 -8.805873 -9.145998 -8.838351 -inf nan nan
44.880000 -4.702875 -4.977537 -5.079152 -4.749149 -5.032053 -5.174457 -5.036342 -8.790361 -9.121033 -8.826911 -inf nan nan
44.920000 -4.725030 -5.010771 -5.108514 -4.780746 -5.041988 -5.180311 -5.042942 -8.775736 -9.097941 -8.810007 -inf nan nan
44.960000 -4.748757 -5.047482 -5.144325 -4.812380 -5.052189 -5.180882 -5.053842 -8.758666 -9.081328 -8.790122 -inf nan nan
45.000000 -4.773855 -5.085439 -5.192625 -4.842941 -5.064673 -5.187313 -5.065839 -8.743678 -9.061415 -8.777638 -inf nan nan
45.040000 -4.799846 -5.125590 -5.228594 -4.880797 -5.077590 -5.196764 -5.075449 -8.724840 -9.036858 -8.757666 -inf nan nan
45.080000 -4.827492 -5.168132 -5.276562 -4.915456 -5.092330 -5.207328 -5.088788 -8.709088 -9.006049 -8.738586 -inf nan nan
45.120000 -4.856086 -5.212406 -5.321449 -4.953568 -5.108191 -5.217307 -5.102438 -8.688722 -8.978098 -8.717718 -inf nan nan
45.160000 -4.885699 -5.259117 -5.357019 -4.992628 -5.124823 -5.228453 -5.117229 -8.671052 -8.948423 -8.695265 -inf nan nan
45.200000 -4.917480 -5.308181 -5.410059 -5.038085 -5.144358 -5.249509 -5.133348 -8.651455 -8.926885 -8.672398 -inf nan nan
45.240000 -4.948478 -5.358733 -5.461274 -5.081505 -5.162455 -5.265005 -5.146031 -8.629593 -8.904820 -8.650992 -inf nan nan
45.280000 -4.981860 -5.411542 -5.517322 -5.120239 -5.183929 -5.278920 -5.161596 -8.611400 -8.879748 -8.626431 -inf nan nan
45.320000 -5.015751 -5.467196 -5.572435 -5.165781 -5.205452 -5.296316 -5.181533 -8.588898 -8.853915 -8.605975 -inf nan nan
45.360000 -5.050054 -5.523521 -5.629454 -5.206126 -5.228182 -5.323916 -5.202888 -8.570669 -8.833563 -8.584948 -inf nan nan
45.400000 -5.087300 -5.584824 -5.688197 -5.262886 -5.253758 -5.352272 -5.229655 -8.549711 -8.810472 -8.565403 -inf nan nan
45.440000 -5.122021 -5.644520 -5.749396 -5.312242 -5.277328 -5.373104 -5.250203 -8.530770 -8.788824 -8.546808 -inf nan nan
45.480000 -5.159761 -5.708878 -5.811371 -5.362778 -5.304156 -5.397363 -5.276165 -8.509290 -8.762496 -8.529055 -inf nan nan
45.520000 -5.197609 -5.774914 -5.878114 -5.418553 -5.331423 -5.424917 -5.300871 -8.491745 -8.738832 -8.510315 -inf nan nan
45.560000 -5.235267 -5.841733 -5.953935 -5.478361 -5.359082 -5.454796 -5.325563 -8.471354 -8.715531 -8.491798 -inf nan nan
45.600000 -5.276504 -5.914660 -6.032632 -5.543441 -5.390423 -5.485210 -5.354131 -8.454363 -8.694885 -8.473805 -inf nan nan
45.640000 -5.313841 -5.984223 -6.108468 -5.606234 -5.418618 -5.512401 -5.380323 -8.436939 -8.671605 -8.451407 -inf nan nan
45.680000 -5.354693 -6.059865 -6.191006 -5.676517 -5.450532 -5.543451 -5.410646 -8.419388 -8.653383 -8.437928 -inf nan nan
45.720000 -5.395407 -6.135933 -6.274428 -5.747030 -5.483038 -5.575572 -5.441968 -8.407050 -8.633151 -8.424759 -inf nan nan
45.760000 -5.435526 -6.214023 -6.358086 -5.819958 -5.515217 -5.608121 -5.472872 -8.390391 -8.616096 -8.410811 -inf nan nan
45.800000 -5.479733 -6.297185 -6.448516 -5.897015 -5.552104 -5.643757 -5.508972 -8.382809 -8.598466 -8.400456 -inf nan nan
45.840000 -5.519074 -6.377490 -6.534051 -5.972054 -5.584556 -5.674762 -5.540848 -8.367547 -8.569685 -8.381232 -inf nan nan
45.880000 -5.562336 -6.463327 -6.623396 -6.058311 -5.621421 -5.709976 -5.577340 -8.359776 -8.557424 -8.378177 -inf nan nan
45.920000 -5.605400 -6.550175 -6.702915 -6.145856 -5.658630 -5.746146 -5.614357 -8.351556 -8.548554 -8.373989 -inf nan nan
45.960000 -5.647704 -6.638845 -6.784148 -6.229039 -5.695433 -5.783228 -5.650955 -8.343074 -8.541513 -8.366521 -inf nan nan
46.000000 -5.694578 -6.732701 -6.870164 -6.313184 -5.737375 -5.824603 -5.692328 -8.342900 -8.532577 -8.361086 -inf nan nan
46.040000 -5.736095 -6.823620 -6.952111 -6.392080 -5.774324 -5.860709 -5.728607 -8.335626 -8.520648 -8.354509 -inf nan nan
46.080000 -5.782005 -6.919263 -7.040505 -6.477345 -5.816186 -5.901590 -5.770175 -8.337056 -8.508110 -8.351545 -inf nan nan
46.120000 -5.827784 -7.017472 -7.136288 -6.565089 -5.858232 -5.941512 -5.811800 -8.337054 -8.502639 -8.348232 -inf nan nan
46.160000 -5.872788 -7.115647 -7.236259 -6.653338 -5.899928 -5.982604 -5.853421 -8.339743 -8.491618 -8.345456 -inf nan nan
46.200000 -5.923000 -7.220618 -7.343458 -6.744935 -5.947182 -6.029340 -5.900487 -8.347147 -8.492099 -8.351491 -inf nan nan
46.240000 -5.967298 -7.321166 -7.454464 -6.842416 -5.988847 -6.070151 -5.941926 -8.350877 -8.496669 -8.349096 -inf nan nan
46.280000 -6.016633 -7.427548 -7.564644 -6.943317 -6.035881 -6.116475 -5.988574 -8.360613 -8.508065 -8.351758 -inf nan nan
46.320000 -6.065953 -7.536399 -7.667413 -7.043509 -6.083141 -6.162942 -6.035666 -8.370979 -8.520428 -8.355822 -inf nan nan
46.360000 -6.114496 -7.644576 -7.779600 -7.143221 -6.129920 -6.209076 -6.082178 -8.383246 -8.533502 -8.362682 -inf nan nan
46.400000 -6.169157 -7.761041 -7.898622 -7.251245 -6.183036 -6.261310 -6.135644 -8.401241 -8.554554 -8.371279 -inf nan nan
46.440000 -6.217036 -7.870612 -8.014007 -7.353057 -6.229612 -6.306571 -6.182107 -8.415073 -8.564131 -8.374249 -inf nan nan
46.480000 -6.270856 -7.988617 -8.134384 -7.459170 -6.282300 -6.357982 -6.234836 -8.434980 -8.580187 -8.382665 -inf nan nan
46.520000 -6.324745 -8.107183 -8.257476 -7.566246 -6.335242 -6.409383 -6.288567 -8.456852 -8.609194 -8.401423 -inf nan nan
46.560000 -6.377733 -8.225861 -8.379588 -7.672272 -6.387446 -6.462454 -6.341402 -8.478376 -8.637471 -8.408620 -inf nan nan
46.600000 -6.438097 -8.353346 -8.511589 -7.788330 -6.447163 -6.523864 -6.401587 -8.508443 -8.667582 -8.428931 -inf nan nan
46.640000 -6.490244 -8.473106 -8.638265 -7.896333 -6.498794 -6.576939 -6.453409 -8.531553 -8.691203 -8.439897 -inf nan nan
46.680000 -6.549520 -8.602331 -8.773777 -8.017917 -6.557658 -6.637305 -6.511779 -8.562328 -8.722159 -8.461867 -inf nan nan
46.720000 -6.608878 -8.731454 -8.916044 -8.140983 -6.616708 -6.697831 -6.569782 -8.594878 -8.755423 -8.489133 -inf nan nan
46.760000 -6.666999 -8.861256 -9.056687 -8.263140 -6.674611 -6.756714 -6.627365 -8.626351 -8.797316 -8.509640 -inf nan nan
46.800000 -6.734117 -9.000098 -9.206812 -8.396656 -6.741587 -6.825059 -6.694190 -8.668400 -8.849765 -8.540141 -inf nan nan
46.840000 -6.790968 -9.130783 -9.349316 -8.519965 -6.798362 -6.882539 -6.750477 -8.700734 -8.889167 -8.563035 -inf nan nan
46.880000 -6.856397 -9.270741 -9.501709 -8.655538 -6.863775 -6.949259 -6.815563 -8.742711 -8.933572 -8.596275 -inf nan nan
46.920000 -6.921886 -9.411340 -9.642859 -8.789832 -6.929302 -7.015157 -6.881824 -8.785458 -8.978850 -8.628514 -inf nan nan
46.960000 -6.985599 -9.551880 -9.783057 -8.925333 -6.993098 -7.079132 -6.946238 -8.827102 -9.023440 -8.656695 -inf nan nan
47.000000 -7.060293 -9.703926 -9.933313 -9.071913 -7.067910 -7.153057 -7.018783 -8.880886 -9.078319 -8.701278 -inf nan nan
47.040000 -7.122135 -9.845304 -10.072761 -9.207940 -7.129909 -7.214747 -7.078954 -8.922148 -9.117632 -8.733992 -inf nan nan
47.080000 -7.194267 -9.996993 -10.222623 -9.355869 -7.202221 -7.288380 -7.150512 -8.974880 -9.166147 -8.777657 -inf nan nan
47.120000 -7.266385 -10.150274 -10.373462 -9.503416 -7.274553 -7.361315 -7.220847 -9.027691 -9.214695 -8.821381 -inf nan nan
47.160000 -7.335924 -10.301903 -10.525058 -9.650917 -7.344318 -7.430999 -7.291634 -9.079202 -9.261029 -8.863995 -inf nan nan
47.200000 -7.418762 -10.468290 -10.697100 -9.812199 -7.427406 -7.512276 -7.376255 -9.144278 -9.320624 -8.920757 -inf nan nan
47.240000 -7.485660 -10.620177 -10.854732 -9.961154 -7.494563 -7.573945 -7.439959 -9.194356 -9.373828 -8.962916 -inf nan nan
47.280000 -7.564774 -10.784322 -11.026359 -10.120888 -7.573956 -7.650119 -7.514304 -9.256899 -9.429898 -9.017729 -inf nan nan
47.320000 -7.643801 -10.950939 -11.199261 -10.281373 -7.653270 -7.730660 -7.591711 -9.320030 -9.485950 -9.074155 -inf nan nan
47.360000 -7.719241 -11.114424 -11.371251 -10.440321 -7.729002 -7.803330 -7.663843 -9.380352 -9.546039 -9.122291 -inf nan nan
47.400000 -7.810600 -11.296115 -11.559223 -10.618713 -7.820666 -7.893265 -7.751526 -9.456776 -9.618817 -9.185786 -inf nan nan
47.440000 -7.882473 -11.458551 -11.729718 -10.779553 -7.892843 -7.964677 -7.820523 -9.514581 -9.672469 -9.233713 -inf nan nan
47.480000 -7.968648 -11.636822 -11.920264 -10.953183 -7.979344 -8.045833 -7.903419 -9.586381 -9.740228 -9.293194 -inf nan nan
47.520000 -8.054663 -11.816878 -12.117139 -11.129474 -8.065668 -8.129784 -7.986848 -9.659370 -9.808251 -9.354025 -inf nan nan
47.560000 -8.135854 -11.992890 -12.310858 -11.301596 -8.147190 -8.211224 -8.064730 -9.727170 -9.869443 -9.410099 -inf nan nan
47.600000 -8.235795 -12.189982 -12.525836 -11.496693 -8.247443 -8.311847 -8.160915 -9.814950 -9.950806 -9.486289 -inf nan nan
47.640000 -8.312324 -12.363086 -12.711986 -11.666063 -8.324314 -8.387403 -8.229768 -9.878673 -10.015838 -9.538217 -inf nan nan
47.680000 -8.405285 -12.556376 -12.916990 -11.854313 -8.417604 -8.478613 -8.319122 -9.959741 -10.097688 -9.610957 -inf nan nan
47.720000 -8.498097 -12.749573 -13.121525 -12.044443 -8.510750 -8.571822 -8.407787 -10.040852 -10.179744 -9.686797 -inf nan nan
47.760000 -8.584796 -12.939369 -13.325054 -12.229205 -8.597791 -8.659964 -8.491309 -10.115940 -10.255714 -9.752684 -inf nan nan
47.800000 -8.693232 -13.150886 -13.550558 -12.437714 -8.706562 -8.766380 -8.594144 -10.213344 -10.351161 -9.838718 -inf nan nan
47.840000 -8.774293 -13.337059 -13.747775 -12.617026 -8.787996 -8.853360 -8.671767 -10.282466 -10.417883 -9.898263 -inf nan nan
47.880000 -8.874037 -13.544272 -13.960439 -12.822726 -8.888075 -8.949958 -8.767905 -10.371820 -10.516504 -9.977362 -inf nan nan
47.920000 -8.973742 -13.752008 -14.171645 -13.033020 -8.988166 -9.055636 -8.860035 -10.459866 -10.612477 -10.055861 -inf nan nan
47.960000 -9.065969 -13.954838 -14.394558 -13.230921 -9.080730 -9.155719 -8.948705 -10.542172 -10.699093 -10.126555 -inf nan nan
48.000000 -9.183212 -14.181928 -14.642823 -13.453296 -9.198378 -9.275942 -9.064276 -10.647799 -10.805247 -10.220107 -inf nan nan
48.040000 -9.268853 -14.381942 -14.857015 -13.647812 -9.284395 -9.364718 -9.149626 -10.722976 -10.875269 -10.282549 -inf nan nan
48.080000 -9.375638 -14.602732 -15.093931 -13.868202 -9.391578 -9.473986 -9.252809 -10.818963 -10.964188 -10.365185 -inf nan nan
48.120000 -9.482608 -14.826706 -15.335346 -14.098082 -9.498959 -9.580594 -9.356533 -10.915052 -11.052536 -10.449575 -inf nan nan
48.160000 -9.580599 -15.040935 -15.572980 -14.311906 -9.597355 -9.676839 -9.451932 -11.002615 -11.130422 -10.529135 -inf nan nan
48.200000 -9.707345 -15.287007 -15.848942 -14.555909 -9.724587 -9.800252 -9.577206 -11.117164 -11.234579 -10.631488 -inf nan nan
48.240000 -9.797804 -15.498444 -16.092308 -14.763157 -9.815467 -9.896160 -9.668192 -11.197341 -11.311169 -10.703314 -inf nan nan
48.280000 -9.912200 -15.734965 -16.355522 -14.997196 -9.930396 -10.015402 -9.781737 -11.299085 -11.411590 -10.794197 -inf nan nan
48.320000 -10.027147 -15.973376 -16.615169 -15.233780 -10.045793 -10.135807 -9.898113 -11.403636 -11.514295 -10.880023 -inf nan nan
48.360000 -10.131363 -16.201233 -16.875007 -15.463243 -10.150608 -10.245870 -10.003848 -11.494421 -11.607228 -10.954670 -inf nan nan
48.400000 -10.268759 -16.466256 -17.160350 -15.723847 -10.288564 -10.387273 -10.140420 -11.619644 -11.732296 -11.062943 -inf nan nan
48.440000 -10.364318 -16.689185 -17.391546 -15.927953 -10.384759 -10.487763 -10.233496 -11.701777 -11.814810 -11.142516 -inf nan nan
48.480000 -10.487013 -16.941784 -17.662681 -16.174285 -10.508117 -10.615117 -10.350033 -11.810946 -11.923500 -11.249486 -inf nan nan
48.520000 -10.610710 -17.193794 -17.934275 -16.425453 -10.632508 -10.744935 -10.475963 -11.920929 -12.032260 -11.359515 -inf nan nan
48.560000 -10.721416 -17.437278 -18.187850 -16.660985 -10.744049 -10.861282 -10.583450 -12.015732 -12.126189 -11.445358 -inf nan nan
48.600000 -10.870368 -17.718935 -18.486854 -16.940437 -10.893766 -11.018184 -10.730341 -12.150613 -12.261415 -11.572352 -inf nan nan
48.640000 -10.971165 -17.955091 -18.759466 -17.172621 -10.995509 -11.126429 -10.828468 -12.234672 -12.346034 -11.649071 -inf nan nan
48.680000 -11.102659 -18.220442 -19.067469 -17.440738 -11.127841 -11.266416 -10.957909 -12.351889 -12.460673 -11.759274 -inf nan nan
48.720000 -11.235906 -18.490264 -19.388008 -17.690511 -11.262158 -11.409479 -11.091325 -12.467592 -12.571183 -11.869141 -inf nan nan
48.760000 -11.353712 -18.746418 -19.689140 -17.922465 -11.380981 -11.536114 -11.216618 -12.569386 -12.681091 -11.965111 -inf nan nan
48.800000 -11.515880 -19.047958 -20.048051 -18.215681 -11.544297 -11.708834 -11.384095 -12.714219 -12.837007 -12.102224 -inf nan nan
48.840000 -11.622511 -19.294688 -20.334373 -18.463028 -11.652079 -11.825106 -11.485075 -12.804181 -12.936604 -12.186771 -inf nan nan
48.880000 -11.764150 -19.574749 -20.673267 -18.741213 -11.794941 -11.978375 -11.623065 -12.928820 -13.060635 -12.312185 -inf nan nan
48.920000 -11.908634 -19.863085 -21.007260 -19.031913 -11.940803 -12.137564 -11.762278 -13.054968 -13.183923 -12.432192 -inf nan nan
48.960000 -12.034510 -20.130591 -21.332099 -19.298255 -12.067986 -12.280484 -11.886572 -13.164187 -13.291537 -12.534134 -inf nan nan
49.000000 -12.212480 -20.454527 -21.661834 -19.614238 -12.247446 -12.474473 -12.064361 -13.323985 -13.448093 -12.688156 -inf nan nan
49.040000 -12.325824 -20.708213 -21.929057 -19.872429 -12.362165 -12.606144 -12.173135 -13.421259 -13.544921 -12.778378 -inf nan nan
49.080000 -12.479614 -21.008731 -22.237458 -20.173233 -12.517574 -12.778817 -12.319154 -13.556911 -13.685310 -12.910131 -inf nan nan
49.120000 -12.637974 -21.311487 -22.550192 -20.482968 -12.677502 -12.955873 -12.467474 -13.698464 -13.832486 -13.046037 -inf nan nan
49.160000 -12.773521 -21.594702 -22.848681 -20.760859 -12.814763 -13.106859 -12.596212 -13.816419 -13.960859 -13.163380 -inf nan nan
49.200000 -12.971640 -21.937159 -23.224907 -21.109053 -13.014518 -13.314349 -12.787790 -13.998455 -14.150416 -13.344836 -inf nan nan
49.240000 -13.093479 -22.202604 -23.556094 -21.356891 -13.138150 -13.444942 -12.915239 -14.103380 -14.268079 -13.445622 -inf nan nan
49.280000 -13.263435 -22.520573 -23.920370 -21.667666 -13.309923 -13.624142 -13.084188 -14.256911 -14.437671 -13.596325 -inf nan nan
49.320000 -13.441874 -22.842462 -24.305993 -21.996580 -13.490227 -13.815619 -13.260476 -14.419187 -14.619930 -13.761414 -inf nan nan
49.360000 -13.593024 -23.140970 -24.630163 -22.292050 -13.643092 -13.994855 -13.414600 -14.556040 -14.779857 -13.900557 -inf nan nan
49.400000 -13.826822 -23.509026 -25.042260 -22.654158 -13.878754 -14.233876 -13.653363 -14.774882 -15.028256 -14.124133 -inf nan nan
49.440000 -13.965229 -23.788576 -25.348671 -22.883122 -14.018770 -14.389674 -13.797473 -14.900824 -15.181622 -14.255347 -inf nan nan
49.480000 -14.169579 -24.123149 -25.722338 -23.173005 -14.224848 -14.620395 -14.013018 -15.092226 -15.404198 -14.456950 -inf nan nan
49.520000 -14.393201 -24.477807 -26.110118 -23.509187 -14.450065 -14.886186 -14.234844 -15.304273 -15.643017 -14.681850 -inf nan nan
49.560000 -14.574624 -24.776390 -26.440486 -23.813032 -14.632689 -15.099517 -14.398766 -15.477203 -15.832157 -14.868409 -inf nan nan
49.600000 -14.892055 -25.206024 -26.906234 -24.240743 -14.951933 -15.483897 -14.699556 -15.782167 -16.155857 -15.170362 -inf nan nan
