#Quasar bolometric luminosity function in different peak halo mass bins from TRINITY PaperIII (Fig. 6, Zhang+2024, MNRAS, 529, 2777)
#z: 9.00
#log10(Lbol [erg/s])(0) log10(QLF_total [Mpc^-3 dex^-1])(1) log10(QLF(11<logMpeak<12) [Mpc^-3 dex^-1])(2) log10(QLF(11<logMpeak<12)_16th [Mpc^-3 dex^-1])(3) log10(QLF(11<logMpeak<12)_84th [Mpc^-3 dex^-1])(4)
#log10(QLF(12<logMpeak<13) [Mpc^-3 dex^-1])(5) log10(QLF(12<logMpeak<13)_16th [Mpc^-3 dex^-1])(6) log10(QLF(12<logMpeak<13)_84th [Mpc^-3 dex^-1])(7)
#log10(QLF(13<logMpeak<14) [Mpc^-3 dex^-1])(8) log10(QLF(13<logMpeak<14)_16th [Mpc^-3 dex^-1])(9) log10(QLF(13<logMpeak<14)_84th [Mpc^-3 dex^-1])(10)
#log10(QLF(14<logMpeak<15) [Mpc^-3 dex^-1])(11) log10(QLF(14<logMpeak<15)_16th [Mpc^-3 dex^-1])(12) log10(QLF(14<logMpeak<15)_84th [Mpc^-3 dex^-1])(13)
40.000000 -9.442645 -9.444543 -10.624915 -9.463863 -11.803032 -13.049421 -11.922408 -inf nan nan -inf nan nan
40.040000 -9.426253 -9.428196 -10.598772 -9.447704 -11.776526 -13.017032 -11.893395 -inf nan nan -inf nan nan
40.080000 -9.410457 -9.412516 -10.567216 -9.430881 -11.735628 -12.967015 -11.849734 -inf nan nan -inf nan nan
40.120000 -9.394123 -9.396225 -10.543634 -9.412150 -11.710385 -12.934609 -11.823703 -inf nan nan -inf nan nan
40.160000 -9.377331 -9.379539 -10.512190 -9.390070 -11.672186 -12.888914 -11.783113 -inf nan nan -inf nan nan
40.200000 -9.361163 -9.363439 -10.487902 -9.371233 -11.642977 -12.833812 -11.757519 -inf nan nan -inf nan nan
40.240000 -9.344298 -9.346645 -10.460915 -9.350508 -11.612652 -12.792757 -11.722540 -inf nan nan -inf nan nan
40.280000 -9.328063 -9.330499 -10.434836 -9.330797 -11.580455 -12.726069 -11.675283 -inf nan nan -inf nan nan
40.320000 -9.311578 -9.314053 -10.412476 -9.310704 -11.556988 -12.690656 -11.623077 -inf nan nan -inf nan nan
40.360000 -9.294892 -9.297452 -10.385799 -9.289374 -11.525641 -12.660713 -11.575214 -inf nan nan -inf nan nan
40.400000 -9.278823 -9.281413 -10.365594 -9.269837 -11.504592 -12.629595 -11.543634 -inf nan nan -inf nan nan
40.440000 -9.261431 -9.264095 -10.338950 -9.247405 -11.475052 -12.597577 -11.509398 -inf nan nan -inf nan nan
40.480000 -9.244708 -9.247398 -10.318836 -9.227299 -11.454091 -12.566793 -11.485096 -inf nan nan -inf nan nan
40.520000 -9.227323 -9.230073 -10.293880 -9.205051 -11.427178 -12.538426 -11.458019 -inf nan nan -inf nan nan
40.560000 -9.209376 -9.212163 -10.271533 -9.183412 -11.403460 -12.506140 -11.433909 -inf nan nan -inf nan nan
40.600000 -9.192141 -9.194963 -10.249826 -9.161075 -11.380801 -12.479356 -11.408001 -inf nan nan -inf nan nan
40.640000 -9.172082 -9.174947 -10.224389 -9.134916 -11.354235 -12.446555 -11.384200 -inf nan nan -inf nan nan
40.680000 -9.152908 -9.155788 -10.203091 -9.110117 -11.332740 -12.418266 -11.359238 -inf nan nan -inf nan nan
40.720000 -9.131646 -9.134563 -10.176660 -9.080232 -11.306015 -12.385895 -11.334889 -inf nan nan -inf nan nan
40.760000 -9.108627 -9.111552 -10.152282 -9.050040 -11.281792 -12.353905 -11.308454 -inf nan nan -inf nan nan
40.800000 -9.086768 -9.089721 -10.114622 -9.016622 -11.255812 -12.323281 -11.284083 -inf nan nan -inf nan nan
40.840000 -9.055486 -9.058443 -10.065437 -8.974633 -11.223869 -12.283483 -11.250894 -inf nan nan -inf nan nan
40.880000 -9.026307 -9.029283 -10.013181 -8.942579 -11.192011 -12.247471 -11.219550 -inf nan nan -inf nan nan
40.920000 -8.987294 -8.990276 -9.962006 -8.898719 -11.152067 -12.200859 -11.180126 -inf nan nan -inf nan nan
40.960000 -8.941021 -8.944009 -9.912882 -8.806195 -11.104980 -12.148867 -11.132518 -inf nan nan -inf nan nan
41.000000 -8.899207 -8.902201 -9.865134 -8.749348 -11.062212 -12.100192 -11.091019 -inf nan nan -inf nan nan
41.040000 -8.809135 -8.812125 -9.772432 -8.641808 -10.972794 -12.005055 -11.001081 -inf nan nan -inf nan nan
41.080000 -8.734572 -8.737565 -9.691598 -8.546342 -10.897767 -11.924443 -10.926924 -inf nan nan -inf nan nan
41.120000 -8.604568 -8.607550 -9.557883 -8.411466 -10.769297 -11.789933 -10.798327 -inf nan nan -inf nan nan
41.160000 -8.458301 -8.461282 -9.405435 -8.263537 -10.623247 -11.638539 -10.652840 -inf nan nan -inf nan nan
41.200000 -8.349079 -8.352044 -9.288108 -8.154122 -10.516318 -11.525563 -10.545993 -inf nan nan -inf nan nan
41.240000 -8.155640 -8.158596 -9.085329 -7.959656 -10.324260 -11.328222 -10.354200 -inf nan nan -inf nan nan
41.280000 -8.022280 -8.025220 -8.938151 -7.825895 -10.193163 -11.191335 -10.223528 -inf nan nan -inf nan nan
41.320000 -7.972120 -7.975044 -8.881535 -7.775254 -10.145337 -11.138028 -10.175790 -inf nan nan -inf nan nan
41.360000 -7.979746 -7.982652 -8.866479 -7.782571 -10.155712 -11.142710 -10.185503 -inf nan nan -inf nan nan
41.400000 -7.987509 -7.990393 -8.865452 -7.790548 -10.166741 -11.148093 -10.194269 -inf nan nan -inf nan nan
41.440000 -7.991817 -7.994676 -8.825857 -7.769012 -10.174803 -11.150305 -10.200146 -inf nan nan -inf nan nan
41.480000 -7.996168 -7.999002 -8.808297 -7.786575 -10.182990 -11.152504 -10.206146 -inf nan nan -inf nan nan
41.520000 -8.004886 -8.007685 -8.781701 -7.749639 -10.197078 -11.160684 -10.218026 -inf nan nan -inf nan nan
41.560000 -8.018239 -8.021011 -8.770006 -7.773505 -10.214640 -11.172256 -10.233342 -inf nan nan -inf nan nan
41.600000 -8.032015 -8.034746 -8.771924 -7.771404 -10.234841 -11.186529 -10.251308 -inf nan nan -inf nan nan
41.640000 -8.046197 -8.048892 -8.767207 -7.787902 -10.254735 -11.200444 -10.271922 -inf nan nan -inf nan nan
41.680000 -8.060857 -8.063508 -8.777939 -7.805904 -10.276523 -11.216257 -10.294894 -inf nan nan -inf nan nan
41.720000 -8.074917 -8.077518 -8.789070 -7.786949 -10.298875 -11.232619 -10.318521 -inf nan nan -inf nan nan
41.760000 -8.088298 -8.090858 -8.798419 -7.797033 -10.319159 -11.246911 -10.340140 -inf nan nan -inf nan nan
41.800000 -8.102105 -8.104591 -8.810530 -7.793871 -10.345561 -11.267296 -10.367836 -inf nan nan -inf nan nan
41.840000 -8.111544 -8.113997 -8.815685 -7.795587 -10.360847 -11.276558 -10.384458 -inf nan nan -inf nan nan
41.880000 -8.121192 -8.123546 -8.830337 -7.807326 -10.388339 -11.298034 -10.413255 -inf nan nan -inf nan nan
41.920000 -8.129228 -8.131556 -8.832411 -7.800738 -10.401281 -11.304957 -10.427536 -inf nan nan -inf nan nan
41.960000 -8.135555 -8.137790 -8.845779 -7.794774 -10.425160 -11.322750 -10.452745 -inf nan nan -inf nan nan
42.000000 -8.141976 -8.144162 -8.849130 -7.769822 -10.441135 -11.332195 -10.470060 -inf nan nan -inf nan nan
42.040000 -8.134934 -8.137048 -8.844566 -7.776600 -10.448621 -11.333137 -10.478880 -inf nan nan -inf nan nan
42.080000 -8.128005 -8.130036 -8.840552 -7.713222 -10.459114 -11.337088 -10.490709 -inf nan nan -inf nan nan
42.120000 -8.118318 -8.120309 -8.825140 -7.748724 -10.457996 -11.329424 -10.490943 -inf nan nan -inf nan nan
42.160000 -8.106056 -8.107921 -8.825364 -7.697023 -10.474190 -11.339069 -10.508478 -inf nan nan -inf nan nan
42.200000 -8.094130 -8.095984 -8.809525 -7.721181 -10.464635 -11.322964 -10.500268 -inf nan nan -inf nan nan
42.240000 -8.083763 -8.085463 -8.831853 -7.698835 -10.491911 -11.343690 -10.527775 -inf nan nan -inf nan nan
42.280000 -8.073638 -8.075343 -8.815459 -7.694458 -10.480587 -11.325815 -10.516670 -inf nan nan -inf nan nan
42.320000 -8.065515 -8.067105 -8.832463 -7.697456 -10.502724 -11.341398 -10.539025 -inf nan nan -inf nan nan
42.360000 -8.059289 -8.060844 -8.830566 -7.678207 -10.506129 -11.338250 -10.542649 -inf nan nan -inf nan nan
42.400000 -8.053151 -8.054643 -8.837133 -7.701479 -10.517979 -11.343546 -10.554715 -inf nan nan -inf nan nan
42.440000 -8.045306 -8.046714 -8.848642 -7.686950 -10.535083 -11.354097 -10.572040 -inf nan nan -inf nan nan
42.480000 -8.037600 -8.039000 -8.838042 -7.698083 -10.529945 -11.342405 -10.567122 -inf nan nan -inf nan nan
42.520000 -8.028061 -8.029331 -8.864807 -7.703581 -10.562735 -11.368638 -10.600130 -inf nan nan -inf nan nan
42.560000 -8.016810 -8.018104 -8.836055 -7.678058 -10.543209 -11.342558 -10.580824 -inf nan nan -inf nan nan
42.600000 -8.005843 -8.006993 -8.835576 -7.727127 -10.583483 -11.376279 -10.621320 -inf nan nan -inf nan nan
42.640000 -7.989193 -7.990374 -8.779676 -7.677135 -10.555393 -11.341637 -10.593452 -inf nan nan -inf nan nan
42.680000 -7.973158 -7.974250 -8.770011 -7.681456 -10.573210 -11.352900 -10.611423 -inf nan nan -inf nan nan
42.720000 -7.953032 -7.954107 -8.744382 -7.663468 -10.560103 -11.333239 -10.591741 -inf nan nan -inf nan nan
42.760000 -7.929384 -7.930426 -8.718355 -7.640205 -10.549760 -11.316349 -10.579883 -inf nan nan -inf nan nan
42.800000 -7.906958 -7.907936 -8.709625 -7.627907 -10.555090 -11.315128 -10.584327 -inf nan nan -inf nan nan
42.840000 -7.877978 -7.878972 -8.667100 -7.547162 -10.518712 -11.272209 -10.546757 -inf nan nan -inf nan nan
42.880000 -7.850812 -7.851706 -8.678411 -7.550487 -10.537542 -11.284489 -10.562448 -inf nan nan -inf nan nan
42.920000 -7.822838 -7.823767 -8.626175 -7.467735 -10.492893 -11.233311 -10.515196 -inf nan nan -inf nan nan
42.960000 -7.794304 -7.795133 -8.639110 -7.469431 -10.514155 -11.248039 -10.535097 -inf nan nan -inf nan nan
43.000000 -7.767529 -7.768386 -8.588586 -7.397444 -10.472726 -11.200091 -10.491944 -inf nan nan -inf nan nan
43.040000 -7.745276 -7.746083 -8.583274 -7.390370 -10.476647 -11.197542 -10.494418 -inf nan nan -inf nan nan
43.080000 -7.724108 -7.724899 -8.560258 -7.348240 -10.464075 -11.178652 -10.479617 -inf nan nan -inf nan nan
43.120000 -7.703075 -7.703858 -8.532842 -7.334308 -10.447479 -11.155789 -10.461440 -inf nan nan -inf nan nan
43.160000 -7.682204 -7.682937 -8.528745 -7.321183 -10.455174 -11.157150 -10.466238 -inf nan nan -inf nan nan
43.200000 -7.662291 -7.663047 -8.481987 -7.280696 -10.421643 -11.117376 -10.430515 -inf nan nan -inf nan nan
43.240000 -7.642626 -7.643316 -8.475846 -7.299903 -10.441761 -11.131172 -10.449161 -inf nan nan -inf nan nan
43.280000 -7.623813 -7.624529 -8.421339 -7.244856 -10.407178 -11.090369 -10.416220 -inf nan nan -inf nan nan
43.320000 -7.604782 -7.605441 -8.394640 -7.272849 -10.423834 -11.100771 -10.434487 -inf nan nan -inf nan nan
43.360000 -7.585594 -7.586264 -8.344559 -7.215122 -10.397464 -11.068150 -10.409594 -inf nan nan -inf nan nan
43.400000 -7.567217 -7.567869 -8.335763 -7.223991 -10.390967 -11.055556 -10.406080 -inf nan nan -inf nan nan
43.440000 -7.547645 -7.548275 -8.312633 -7.196494 -10.386410 -11.044625 -10.404624 -inf nan nan -inf nan nan
43.480000 -7.528917 -7.529554 -8.262416 -7.167764 -10.362968 -11.015170 -10.384616 -inf nan nan -inf nan nan
43.520000 -7.509380 -7.509977 -8.262067 -7.156824 -10.371119 -11.016888 -10.395971 -inf nan nan -inf nan nan
43.560000 -7.489172 -7.489791 -8.211709 -7.125851 -10.335353 -10.975253 -10.364053 -inf nan nan -inf nan nan
43.600000 -7.469864 -7.470445 -8.211671 -7.130423 -10.343581 -10.977108 -10.368779 -inf nan nan -inf nan nan
43.640000 -7.448683 -7.449279 -8.138759 -7.100236 -10.311745 -10.939767 -10.331623 -inf nan nan -inf nan nan
43.680000 -7.428488 -7.429061 -8.121597 -7.099963 -10.308227 -10.934306 -10.329424 -inf nan nan -inf nan nan
43.720000 -7.408798 -7.409370 -8.070094 -7.082001 -10.289823 -10.908138 -10.314774 -inf nan nan -inf nan nan
43.760000 -7.389588 -7.390164 -8.010884 -7.069986 -10.266955 -10.880815 -10.297576 -inf nan nan -inf nan nan
43.800000 -7.371192 -7.371745 -7.998235 -7.072787 -10.266323 -10.875500 -10.294139 -inf nan nan -inf nan nan
43.840000 -7.350487 -7.351059 -7.927908 -7.049193 -10.231316 -10.836411 -10.249823 -inf nan nan -inf nan nan
43.880000 -7.330724 -7.331268 -7.936213 -7.047307 -10.232837 -10.834979 -10.242093 -inf nan nan -inf nan nan
43.920000 -7.311985 -7.312554 -7.906821 -7.014585 -10.195034 -10.790719 -10.204353 -inf nan nan -inf nan nan
43.960000 -7.294178 -7.294731 -7.873635 -7.008927 -10.189556 -10.779729 -10.199593 -inf nan nan -inf nan nan
44.000000 -7.277072 -7.277640 -7.863230 -7.006194 -10.160886 -10.747927 -10.168020 -inf nan nan -inf nan nan
44.040000 -7.260742 -7.261312 -7.812011 -6.988581 -10.142604 -10.718579 -10.139462 -inf nan nan -inf nan nan
44.080000 -7.245004 -7.245575 -7.826356 -6.986703 -10.126582 -10.689652 -10.109359 -inf nan nan -inf nan nan
44.120000 -7.231516 -7.232112 -7.777118 -6.964355 -10.094057 -10.658651 -10.066969 -inf nan nan -inf nan nan
44.160000 -7.220089 -7.220672 -7.777522 -6.972249 -10.092627 -10.656161 -10.051459 -inf nan nan -inf nan nan
44.200000 -7.208956 -7.209576 -7.732261 -6.961771 -10.054863 -10.622854 -10.005594 -inf nan nan -inf nan nan
44.240000 -7.200804 -7.201413 -7.722331 -6.962715 -10.053953 -10.618318 -9.989102 -inf nan nan -inf nan nan
44.280000 -7.192803 -7.193453 -7.676436 -6.959599 -10.017914 -10.582157 -9.947974 -inf nan nan -inf nan nan
44.320000 -7.186113 -7.186771 -7.657672 -6.963911 -10.006004 -10.563900 -9.924735 -inf nan nan -inf nan nan
44.360000 -7.180677 -7.181368 -7.625321 -6.968925 -9.979353 -10.537622 -9.888601 -inf nan nan -inf nan nan
44.400000 -7.175309 -7.176032 -7.617121 -6.952780 -9.954015 -10.506968 -9.855654 -inf nan nan -inf nan nan
44.440000 -7.171934 -7.172678 -7.618186 -6.959824 -9.938790 -10.490343 -9.829763 -inf nan nan -inf nan nan
44.480000 -7.168585 -7.169390 -7.582147 -6.944560 -9.901055 -10.448070 -9.787149 -inf nan nan -inf nan nan
44.520000 -7.166657 -7.167472 -7.612846 -6.949487 -9.893496 -10.435972 -9.769165 -inf nan nan -inf nan nan
44.560000 -7.166131 -7.167026 -7.574522 -6.934874 -9.852614 -10.393080 -9.723973 -inf nan nan -inf nan nan
44.600000 -7.165606 -7.166523 -7.586398 -6.947941 -9.841353 -10.374292 -9.704545 -inf nan nan -inf nan nan
44.640000 -7.167019 -7.168023 -7.569882 -6.948155 -9.803608 -10.335701 -9.663671 -inf nan nan -inf nan nan
44.680000 -7.168436 -7.169494 -7.587586 -6.946429 -9.782253 -10.304183 -9.639335 -inf nan nan -inf nan nan
44.720000 -7.170850 -7.171992 -7.604122 -6.934641 -9.751488 -10.269938 -9.607579 -inf nan nan -inf nan nan
44.760000 -7.174276 -7.175515 -7.577994 -6.898603 -9.719499 -10.237661 -9.579926 -inf nan nan -inf nan nan
44.800000 -7.177730 -7.179045 -7.571864 -6.894189 -9.697398 -10.211185 -9.563205 -inf nan nan -inf nan nan
44.840000 -7.184247 -7.185710 -7.585708 -6.889640 -9.657461 -10.173179 -9.529567 -inf nan nan -inf nan nan
44.880000 -7.190862 -7.192401 -7.624640 -6.903191 -9.642313 -10.143476 -9.509291 -inf nan nan -inf nan nan
44.920000 -7.199096 -7.200826 -7.634239 -6.908418 -9.599761 -10.095786 -9.465815 -inf nan nan -inf nan nan
44.960000 -7.209040 -7.210880 -7.649087 -6.933454 -9.582895 -10.068478 -9.442809 -inf nan nan -inf nan nan
45.000000 -7.219217 -7.221271 -7.641844 -6.939662 -9.545506 -10.026532 -9.405496 -inf nan nan -inf nan nan
45.040000 -7.232899 -7.235135 -7.641925 -6.959631 -9.522367 -9.996164 -9.377680 -inf nan nan -inf nan nan
45.080000 -7.247026 -7.249491 -7.640291 -6.954793 -9.494163 -9.963539 -9.349310 -inf nan nan -inf nan nan
45.120000 -7.263287 -7.266030 -7.640901 -6.948458 -9.464193 -9.925697 -9.317499 -inf nan nan -inf nan nan
45.160000 -7.281910 -7.284896 -7.669333 -6.949731 -9.446163 -9.902113 -9.300271 -inf nan nan -inf nan nan
45.200000 -7.301369 -7.304750 -7.680700 -6.952604 -9.411791 -9.860098 -9.269115 -inf nan nan -inf nan nan
45.240000 -7.323139 -7.326801 -7.691660 -6.979685 -9.398986 -9.839799 -9.257094 -inf nan nan -inf nan nan
45.280000 -7.346058 -7.350234 -7.693714 -6.987180 -9.365203 -9.797377 -9.226985 -inf nan nan -inf nan nan
45.320000 -7.370066 -7.374631 -7.727533 -7.024019 -9.350664 -9.773910 -9.215106 -inf nan nan -inf nan nan
45.360000 -7.395279 -7.400435 -7.749982 -7.037502 -9.323295 -9.737699 -9.194034 -inf nan nan -inf nan nan
45.400000 -7.422046 -7.427784 -7.769608 -7.055906 -9.303971 -9.708991 -9.179922 -inf nan nan -inf nan nan
45.440000 -7.449381 -7.455796 -7.787909 -7.034723 -9.283189 -9.682342 -9.165831 -inf nan nan -inf nan nan
45.480000 -7.478552 -7.485794 -7.810867 -7.051736 -9.260101 -9.656373 -9.153349 -inf nan nan -inf nan nan
45.520000 -7.508061 -7.516081 -7.862204 -7.092634 -9.245651 -9.627182 -9.149605 -inf nan nan -inf nan nan
45.560000 -7.537833 -7.546983 -7.894737 -7.098268 -9.218741 -9.586626 -9.137412 -inf nan nan -inf nan nan
45.600000 -7.569797 -7.579903 -7.935838 -7.138531 -9.208059 -9.561523 -9.136336 -inf nan nan -inf nan nan
45.640000 -7.600917 -7.612483 -7.960600 -7.153541 -9.181295 -9.523433 -9.121721 -inf nan nan -inf nan nan
45.680000 -7.634439 -7.647284 -8.002516 -7.192925 -9.169900 -9.499330 -9.119169 -inf nan nan -inf nan nan
45.720000 -7.668448 -7.683004 -8.030510 -7.220206 -9.150443 -9.469003 -9.100496 -inf nan nan -inf nan nan
45.760000 -7.702836 -7.719187 -8.065891 -7.249356 -9.135238 -9.444718 -9.095186 -inf nan nan -inf nan nan
45.800000 -7.740182 -7.758548 -8.109605 -7.289165 -9.123112 -9.424056 -9.087712 -inf nan nan -inf nan nan
45.840000 -7.775262 -7.796052 -8.140274 -7.318919 -9.105544 -9.396715 -9.077826 -inf nan nan -inf nan nan
45.880000 -7.813427 -7.836598 -8.186197 -7.361521 -9.097794 -9.379359 -9.070919 -inf nan nan -inf nan nan
45.920000 -7.851875 -7.878215 -8.218968 -7.390423 -9.082147 -9.353673 -9.065133 -inf nan nan -inf nan nan
45.960000 -7.890349 -7.919626 -8.263847 -7.429394 -9.076168 -9.338064 -9.064446 -inf nan nan -inf nan nan
46.000000 -7.932566 -7.965823 -8.306775 -7.473485 -9.064985 -9.315527 -9.065052 -inf nan nan -inf nan nan
46.040000 -7.971369 -8.008399 -8.358412 -7.510527 -9.058983 -9.307052 -9.068189 -inf nan nan -inf nan nan
46.080000 -8.013982 -8.055649 -8.409835 -7.550270 -9.052636 -9.307796 -9.066297 -inf nan nan -inf nan nan
46.120000 -8.056591 -8.103232 -8.463716 -7.594703 -9.048719 -9.292279 -9.064889 -inf nan nan -inf nan nan
46.160000 -8.098721 -8.150799 -8.522309 -7.636271 -9.045634 -9.273197 -9.057907 -inf nan nan -inf nan nan
46.200000 -8.145381 -8.203820 -8.589534 -7.682181 -9.045352 -9.262265 -9.057435 -inf nan nan -inf nan nan
46.240000 -8.186539 -8.251322 -8.656041 -7.729874 -9.044854 -9.250968 -9.048062 -inf nan nan -inf nan nan
46.280000 -8.232009 -8.304683 -8.725417 -7.779341 -9.044247 -9.249971 -9.042906 -inf nan nan -inf nan nan
46.320000 -8.277236 -8.357534 -8.797713 -7.824780 -9.049844 -9.265270 -9.043017 -inf nan nan -inf nan nan
46.360000 -8.321558 -8.411352 -8.865004 -7.861911 -9.050218 -9.252767 -9.041255 -inf nan nan -inf nan nan
46.400000 -8.370923 -8.470038 -8.938974 -7.910358 -9.061181 -9.259271 -9.049805 -inf nan nan -inf nan nan
46.440000 -8.413557 -8.523474 -8.998539 -7.960839 -9.064076 -9.266839 -9.048172 -inf nan nan -inf nan nan
46.480000 -8.460836 -8.582281 -9.066892 -8.019932 -9.073549 -9.288126 -9.053465 -inf nan nan -inf nan nan
46.520000 -8.507745 -8.641538 -9.130604 -8.076419 -9.084277 -9.286478 -9.058591 -inf nan nan -inf nan nan
46.560000 -8.553499 -8.701282 -9.192426 -8.112765 -9.093458 -9.296137 -9.066804 -inf nan nan -inf nan nan
46.600000 -8.604647 -8.766325 -9.264005 -8.171718 -9.112115 -9.318205 -9.082817 -inf nan nan -inf nan nan
46.640000 -8.648549 -8.826714 -9.319651 -8.223408 -9.121553 -9.338315 -9.083530 -inf nan nan -inf nan nan
46.680000 -8.697393 -8.891580 -9.381801 -8.280944 -9.140438 -9.364385 -9.093411 -inf nan nan -inf nan nan
46.720000 -8.745819 -8.958998 -9.440805 -8.342687 -9.157097 -9.394116 -9.103203 -inf nan nan -inf nan nan
46.760000 -8.792950 -9.024736 -9.502533 -8.399467 -9.176397 -9.424975 -9.117366 -inf nan nan -inf nan nan
46.800000 -8.845826 -9.098500 -9.584908 -8.468316 -9.201278 -9.454143 -9.139721 -inf nan nan -inf nan nan
46.840000 -8.891078 -9.165452 -9.664540 -8.524932 -9.220508 -9.480841 -9.158834 -inf nan nan -inf nan nan
46.880000 -8.941601 -9.238995 -9.753280 -8.592021 -9.246297 -9.519021 -9.176171 -inf nan nan -inf nan nan
46.920000 -8.991719 -9.314313 -9.837917 -8.657221 -9.272205 -9.554848 -9.192899 -inf nan nan -inf nan nan
46.960000 -9.040471 -9.387798 -9.928576 -8.723753 -9.299668 -9.592815 -9.212950 -inf nan nan -inf nan nan
47.000000 -9.095397 -9.471104 -10.018587 -8.797719 -9.332727 -9.635892 -9.243934 -inf nan nan -inf nan nan
47.040000 -9.142371 -9.545301 -10.108139 -8.862975 -9.360925 -9.673085 -9.260762 -inf nan nan -inf nan nan
47.080000 -9.195049 -9.629482 -10.207313 -8.938118 -9.394169 -9.717396 -9.283334 -inf nan nan -inf nan nan
47.120000 -9.247368 -9.711947 -10.309666 -9.010505 -9.429869 -9.752998 -9.306359 -inf nan nan -inf nan nan
47.160000 -9.298263 -9.796265 -10.407890 -9.086859 -9.464279 -9.786406 -9.331450 -inf nan nan -inf nan nan
47.200000 -9.355924 -9.887413 -10.516549 -9.165911 -9.507188 -9.826403 -9.366576 -inf nan nan -inf nan nan
47.240000 -9.405173 -9.972160 -10.619056 -9.241166 -9.542462 -9.868733 -9.394158 -inf nan nan -inf nan nan
47.280000 -9.460730 -10.065372 -10.724455 -9.322946 -9.584812 -9.920343 -9.437999 -inf nan nan -inf nan nan
47.320000 -9.515991 -10.157198 -10.836509 -9.407531 -9.628628 -9.975878 -9.473618 -inf nan nan -inf nan nan
47.360000 -9.569735 -10.251826 -10.942688 -9.491155 -9.670969 -10.026133 -9.505163 -inf nan nan -inf nan nan
47.400000 -9.631081 -10.351900 -11.065339 -9.581082 -9.722696 -10.086870 -9.547826 -inf nan nan -inf nan nan
47.440000 -9.683160 -10.448222 -11.173680 -9.665882 -9.765007 -10.141882 -9.581439 -inf nan nan -inf nan nan
47.480000 -9.742346 -10.548802 -11.293325 -9.755765 -9.816081 -10.197871 -9.625064 -inf nan nan -inf nan nan
47.520000 -9.801286 -10.653356 -11.413680 -9.877681 -9.867082 -10.254068 -9.668441 -inf nan nan -inf nan nan
47.560000 -9.858525 -10.755079 -11.532795 -9.994523 -9.917459 -10.305952 -9.712414 -inf nan nan -inf nan nan
47.600000 -9.924470 -10.868201 -11.664742 -10.127063 -9.976954 -10.367199 -9.766480 -inf nan nan -inf nan nan
47.640000 -9.979977 -10.972783 -11.783040 -10.245931 -10.026541 -10.414927 -9.810969 -inf nan nan -inf nan nan
47.680000 -10.043634 -11.083715 -11.911908 -10.373956 -10.085158 -10.477254 -9.868855 -inf nan nan -inf nan nan
47.720000 -10.107069 -11.199093 -12.037949 -10.490010 -10.143709 -10.546677 -9.925221 -inf nan nan -inf nan nan
47.760000 -10.168478 -11.309403 -12.168028 -10.599626 -10.201065 -10.599732 -9.977197 -inf nan nan -inf nan nan
47.800000 -10.240023 -11.436347 -12.304749 -10.719981 -10.268576 -10.662827 -10.040885 -inf nan nan -inf nan nan
47.840000 -10.299517 -11.547051 -12.424873 -10.831628 -10.324800 -10.727745 -10.093253 -inf nan nan -inf nan nan
47.880000 -10.368476 -11.672043 -12.549889 -10.950521 -10.390619 -10.795003 -10.155067 -inf nan nan -inf nan nan
47.920000 -10.437244 -11.794822 -12.690465 -11.073565 -10.456739 -10.858465 -10.220447 -inf nan nan -inf nan nan
47.960000 -10.503521 -11.918113 -12.850074 -11.191611 -10.520570 -10.924079 -10.283647 -inf nan nan -inf nan nan
48.000000 -10.581766 -12.055307 -13.014824 -11.326865 -10.596613 -11.016730 -10.359384 -inf nan nan -inf nan nan
48.040000 -10.645710 -12.175476 -13.172007 -11.447471 -10.658727 -11.085858 -10.422491 -inf nan nan -inf nan nan
48.080000 -10.720721 -12.311771 -13.338189 -11.602709 -10.732002 -11.166613 -10.496579 -inf nan nan -inf nan nan
48.120000 -10.795602 -12.444001 -13.503374 -11.759761 -10.805472 -11.243126 -10.573318 -inf nan nan -inf nan nan
48.160000 -10.867383 -12.580494 -13.663573 -11.917120 -10.875873 -11.316263 -10.645853 -inf nan nan -inf nan nan
48.200000 -10.953425 -12.725882 -13.843072 -12.080347 -10.960821 -11.394161 -10.735712 -inf nan nan -inf nan nan
48.240000 -11.022255 -12.859208 -14.001373 -12.241083 -11.028623 -11.479541 -10.806045 -inf nan nan -inf nan nan
48.280000 -11.104086 -13.002902 -14.187711 -12.403481 -11.109603 -11.592083 -10.891121 -inf nan nan -inf nan nan
48.320000 -11.185908 -13.149493 -14.373440 -12.569546 -11.190657 -11.701831 -10.965081 -inf nan nan -inf nan nan
48.360000 -11.263862 -13.294398 -14.556200 -12.718757 -11.267929 -11.811123 -11.035023 -inf nan nan -inf nan nan
48.400000 -11.358937 -13.452500 -14.758234 -12.880669 -11.362452 -11.920052 -11.121968 -inf nan nan -inf nan nan
48.440000 -11.433427 -13.595507 -14.928280 -13.029903 -11.436428 -11.997492 -11.197141 -inf nan nan -inf nan nan
48.480000 -11.523394 -13.748921 -15.092610 -13.187556 -11.525986 -12.086098 -11.285229 -inf nan nan -inf nan nan
48.520000 -11.613691 -13.910790 -15.260429 -13.351455 -11.615888 -12.174670 -11.376179 -inf nan nan -inf nan nan
48.560000 -11.699269 -14.061148 -15.454365 -13.508320 -11.701161 -12.256050 -11.460703 -inf nan nan -inf nan nan
48.600000 -11.805953 -14.237877 -15.674810 -13.687291 -11.807562 -12.372289 -11.563108 -inf nan nan -inf nan nan
48.640000 -11.887556 -14.385922 -15.875183 -13.843041 -11.888937 -12.470372 -11.636810 -inf nan nan -inf nan nan
48.680000 -11.988125 -14.555381 -16.095287 -14.012617 -11.989303 -12.584408 -11.723151 -inf nan nan -inf nan nan
48.720000 -12.089942 -14.727800 -16.316707 -14.191467 -12.090943 -12.702395 -11.809491 -inf nan nan -inf nan nan
48.760000 -12.186304 -14.889051 -16.532246 -14.358415 -12.187166 -12.822370 -11.917063 -inf nan nan -inf nan nan
48.800000 -12.310329 -15.082831 -16.779155 -14.560399 -12.311063 -12.976531 -12.058052 -inf nan nan -inf nan nan
48.840000 -12.404329 -15.239207 -16.996498 -14.721747 -12.404965 -13.100273 -12.169555 -inf nan nan -inf nan nan
48.880000 -12.524461 -15.429061 -17.234003 -14.914447 -12.525002 -13.232332 -12.292857 -inf nan nan -inf nan nan
48.920000 -12.649229 -15.613024 -17.464955 -15.095246 -12.649701 -13.353993 -12.412604 -inf nan nan -inf nan nan
48.960000 -12.768939 -15.795120 -17.687566 -15.245488 -12.769348 -13.463354 -12.513070 -inf nan nan -inf nan nan
49.000000 -12.934758 -16.015386 -17.953264 -15.432739 -12.935119 -13.634015 -12.651504 -inf nan nan -inf nan nan
49.040000 -13.054574 -16.188711 -18.162805 -15.578530 -13.054893 -13.757244 -12.757395 -inf nan nan -inf nan nan
49.080000 -13.220598 -16.405750 -18.413311 -15.756514 -13.220882 -13.931826 -12.913362 -inf nan nan -inf nan nan
49.120000 -13.397192 -16.622619 -18.654783 -15.977868 -13.397451 -14.109496 -13.067248 -inf nan nan -inf nan nan
49.160000 -13.554721 -16.822306 -18.871221 -16.182092 -13.554956 -14.273431 -13.223079 -inf nan nan -inf nan nan
49.200000 -13.804396 -17.103187 -19.173992 -16.468785 -13.804614 -14.531959 -13.457831 -inf nan nan -inf nan nan
49.240000 -13.948056 -17.286744 -19.386980 -16.649332 -13.948255 -14.686138 -13.579893 -inf nan nan -inf nan nan
49.280000 -14.164201 -17.527948 -19.633391 -16.905138 -14.164389 -14.926398 -13.815472 -inf nan nan -inf nan nan
49.320000 -14.404905 -17.802920 -19.914896 -17.255366 -14.405079 -15.173833 -14.053918 -inf nan nan -inf nan nan
49.360000 -14.597836 -18.027543 -20.151416 -17.585611 -14.597997 -15.382145 -14.230004 -inf nan nan -inf nan nan
49.400000 -14.953696 -18.406878 -20.545935 -18.017795 -14.953849 -15.754277 -14.587702 -inf nan nan -inf nan nan
49.440000 -15.130482 -18.619009 -20.764527 -18.307660 -15.130623 -16.060654 -14.798705 -inf nan nan -inf nan nan
49.480000 -15.433601 -18.926699 -21.103530 -18.665319 -15.433741 -16.437575 -15.107599 -inf nan nan -inf nan nan
49.520000 -15.823162 -19.340776 -21.527657 -19.146340 -15.823294 -16.857026 -15.480927 -inf nan nan -inf nan nan
49.560000 -16.066203 -19.589394 -21.793589 -19.449545 -16.066333 -17.107549 -15.690517 -inf nan nan -inf nan nan
49.600000 -16.668288 -20.201191 -22.451677 -20.091995 -16.668415 -17.683340 -16.254092 -inf nan nan -inf nan nan
