#Quasar bolometric luminosity function in different peak halo mass bins from TRINITY PaperIII (Fig. 6, Zhang+2024, MNRAS, 529, 2777)
#z: 4.00
#log10(Lbol [erg/s])(0) log10(QLF_total [Mpc^-3 dex^-1])(1) log10(QLF(11<logMpeak<12) [Mpc^-3 dex^-1])(2) log10(QLF(11<logMpeak<12)_16th [Mpc^-3 dex^-1])(3) log10(QLF(11<logMpeak<12)_84th [Mpc^-3 dex^-1])(4)
#log10(QLF(12<logMpeak<13) [Mpc^-3 dex^-1])(5) log10(QLF(12<logMpeak<13)_16th [Mpc^-3 dex^-1])(6) log10(QLF(12<logMpeak<13)_84th [Mpc^-3 dex^-1])(7)
#log10(QLF(13<logMpeak<14) [Mpc^-3 dex^-1])(8) log10(QLF(13<logMpeak<14)_16th [Mpc^-3 dex^-1])(9) log10(QLF(13<logMpeak<14)_84th [Mpc^-3 dex^-1])(10)
#log10(QLF(14<logMpeak<15) [Mpc^-3 dex^-1])(11) log10(QLF(14<logMpeak<15)_16th [Mpc^-3 dex^-1])(12) log10(QLF(14<logMpeak<15)_84th [Mpc^-3 dex^-1])(13)
40.000000 -5.546680 -6.072519 -6.573553 -5.820494 -5.700972 -6.414884 -5.810657 -8.524258 -9.237633 -8.623997 -13.596965 -14.182274 -13.659387
40.040000 -5.534556 -6.060163 -6.557098 -5.803538 -5.688946 -6.398347 -5.799373 -8.512232 -9.221603 -8.612805 -13.584939 -14.166083 -13.648369
40.080000 -5.522761 -6.048235 -6.540919 -5.786839 -5.677208 -6.382099 -5.788373 -8.500492 -9.205859 -8.601903 -13.573200 -14.149028 -13.637303
40.120000 -5.510875 -6.036177 -6.524652 -5.772920 -5.665394 -6.365804 -5.777297 -8.488674 -9.190039 -8.590924 -13.561383 -14.131897 -13.626159
40.160000 -5.498914 -6.024052 -6.508371 -5.760163 -5.653503 -6.349478 -5.764887 -8.476786 -9.174150 -8.579878 -13.549495 -14.115592 -13.614944
40.200000 -5.487274 -6.012297 -6.492324 -5.748156 -5.641912 -6.333456 -5.751880 -8.465197 -9.158559 -8.569129 -13.537906 -14.101402 -13.604027
40.240000 -5.475137 -5.999974 -6.475891 -5.737456 -5.629855 -6.316968 -5.738404 -8.453138 -9.142497 -8.557912 -13.525847 -14.086748 -13.592641
40.280000 -5.463331 -5.988076 -6.459673 -5.726886 -5.618087 -6.300767 -5.725215 -8.441367 -9.126723 -8.546984 -13.514077 -14.072114 -13.581722
40.320000 -5.451368 -5.975944 -6.443403 -5.716320 -5.606196 -6.284436 -5.711907 -8.429477 -9.110830 -8.535936 -13.502186 -14.056599 -13.571068
40.360000 -5.439269 -5.963743 -6.426897 -5.705390 -5.594141 -6.267948 -5.698439 -8.417424 -9.094777 -8.524727 -13.490134 -14.040921 -13.560253
40.400000 -5.427497 -5.951821 -6.410705 -5.695252 -5.582433 -6.251808 -5.685313 -8.405716 -9.079067 -8.513862 -13.478426 -14.025587 -13.545779
40.440000 -5.414987 -5.939169 -6.393718 -5.684146 -5.569984 -6.234929 -5.671445 -8.393266 -9.062613 -8.502254 -13.465976 -14.009512 -13.528901
40.480000 -5.402828 -5.926877 -6.377096 -5.673530 -5.557881 -6.218243 -5.657921 -8.381161 -9.046504 -8.490992 -13.453871 -13.993784 -13.512364
40.520000 -5.390374 -5.914255 -6.360172 -5.662379 -5.545499 -6.201123 -5.644125 -8.368781 -9.030122 -8.478549 -13.441492 -13.977779 -13.501224
40.560000 -5.377662 -5.901426 -6.342938 -5.651026 -5.532837 -6.183725 -5.630048 -8.356121 -9.013460 -8.466250 -13.428831 -13.961493 -13.490874
40.600000 -5.365311 -5.888885 -6.324886 -5.637333 -5.520567 -6.166779 -5.616361 -8.343849 -8.997187 -8.455149 -13.416560 -13.945597 -13.480916
40.640000 -5.351724 -5.875170 -6.304158 -5.619894 -5.507035 -6.148734 -5.601408 -8.330315 -8.979650 -8.441831 -13.403026 -13.928439 -13.469691
40.680000 -5.338549 -5.861793 -6.283971 -5.602522 -5.493947 -6.131126 -5.586903 -8.317226 -8.962558 -8.428959 -13.389938 -13.911725 -13.458913
40.720000 -5.324590 -5.847684 -6.262491 -5.583627 -5.480052 -6.112718 -5.571594 -8.303333 -8.944663 -8.415282 -13.376047 -13.894205 -13.447333
40.760000 -5.309935 -5.832811 -6.240741 -5.564109 -5.465490 -6.093645 -5.555497 -8.288771 -8.926100 -8.400937 -13.361485 -13.875752 -13.435081
40.800000 -5.295758 -5.818430 -6.218770 -5.548903 -5.451401 -6.075048 -5.539737 -8.274681 -8.907061 -8.387062 -13.347395 -13.857772 -13.423301
40.840000 -5.278064 -5.800499 -6.193714 -5.531019 -5.433808 -6.052934 -5.520471 -8.257085 -8.884071 -8.369682 -13.329799 -13.836118 -13.408017
40.880000 -5.261063 -5.783236 -6.168694 -5.513816 -5.416920 -6.030478 -5.501916 -8.240200 -8.861792 -8.353012 -13.312914 -13.814997 -13.393442
40.920000 -5.240611 -5.762541 -6.140320 -5.493173 -5.396572 -6.003857 -5.479901 -8.219853 -8.836051 -8.332882 -13.292568 -13.790416 -13.374226
40.960000 -5.217203 -5.738795 -6.108903 -5.469503 -5.373310 -5.974318 -5.454969 -8.196589 -8.807394 -8.309833 -13.269305 -13.762917 -13.350067
41.000000 -5.194993 -5.716322 -6.078159 -5.448061 -5.351213 -5.945940 -5.431202 -8.174490 -8.779901 -8.287951 -13.247208 -13.736585 -13.328354
41.040000 -5.157302 -5.678208 -6.032699 -5.411665 -5.313704 -5.902147 -5.392021 -8.136978 -8.736996 -8.250656 -13.209698 -13.694840 -13.290494
41.080000 -5.122622 -5.643230 -5.994283 -5.378174 -5.279152 -5.861726 -5.355802 -8.102429 -8.697174 -8.216323 -13.175150 -13.656056 -13.253223
41.120000 -5.092693 -5.612803 -5.959768 -5.349529 -5.249439 -5.826485 -5.324487 -8.072715 -8.664300 -8.186826 -13.145437 -13.621655 -13.220762
41.160000 -5.066752 -5.586465 -5.929179 -5.324760 -5.223669 -5.796130 -5.297351 -8.046943 -8.635368 -8.161271 -13.119666 -13.590084 -13.192049
41.200000 -5.042274 -5.561421 -5.899844 -5.301534 -5.199437 -5.767245 -5.271752 -8.022708 -8.607973 -8.137251 -13.095433 -13.560050 -13.164846
41.240000 -5.036461 -5.555061 -5.888978 -5.296886 -5.193861 -5.756784 -5.265023 -8.017133 -8.599238 -8.131892 -13.089859 -13.549340 -13.156310
41.280000 -5.030725 -5.548712 -5.877266 -5.292336 -5.188393 -5.746432 -5.258401 -8.011666 -8.590611 -8.126067 -13.084395 -13.541618 -13.147885
41.320000 -5.024997 -5.542236 -5.865871 -5.287795 -5.182991 -5.736136 -5.251846 -8.006261 -8.582049 -8.117192 -13.078993 -13.534756 -13.139528
41.360000 -5.019277 -5.535845 -5.854009 -5.283169 -5.177564 -5.725813 -5.245265 -8.000831 -8.573458 -8.108289 -13.073566 -13.528170 -13.131153
41.400000 -5.013631 -5.529232 -5.843183 -5.278719 -5.172342 -5.715698 -5.238890 -7.995605 -8.565072 -8.099590 -13.068343 -13.522109 -13.122983
41.440000 -5.007115 -5.521954 -5.833220 -5.273218 -5.166161 -5.704635 -5.231559 -7.989424 -8.555732 -8.089938 -13.062166 -13.515099 -13.113872
41.480000 -5.000695 -5.514408 -5.823461 -5.266666 -5.160237 -5.693769 -5.224485 -7.983499 -8.546649 -8.080541 -13.056244 -13.505762 -13.105018
41.520000 -4.994520 -5.507256 -5.813271 -5.256862 -5.154495 -5.682513 -5.217591 -7.977752 -8.537744 -8.071322 -13.050503 -13.496295 -13.099283
41.560000 -4.988581 -5.500028 -5.802760 -5.249019 -5.149128 -5.671619 -5.210966 -7.972380 -8.529211 -8.062748 -13.045136 -13.488783 -13.091593
41.600000 -4.982721 -5.492829 -5.790694 -5.238883 -5.143865 -5.660841 -5.204296 -7.967115 -8.520477 -8.054383 -13.039877 -13.481243 -13.083021
41.640000 -4.975975 -5.484612 -5.778272 -5.229111 -5.137778 -5.649230 -5.196803 -7.961027 -8.510548 -8.045194 -13.033795 -13.472878 -13.074201
41.680000 -4.969331 -5.476226 -5.766912 -5.218086 -5.131920 -5.637849 -5.189537 -7.955164 -8.500843 -8.036230 -13.027939 -13.464117 -13.070826
41.720000 -4.961921 -5.467085 -5.755217 -5.205994 -5.125294 -5.625678 -5.181504 -7.948533 -8.490370 -8.026498 -13.021315 -13.453808 -13.066683
41.760000 -4.953785 -5.456841 -5.741893 -5.193805 -5.118120 -5.612947 -5.173410 -7.941350 -8.479349 -8.016323 -13.014142 -13.442949 -13.061991
41.800000 -4.945799 -5.446788 -5.730801 -5.181826 -5.111083 -5.600366 -5.167482 -7.934311 -8.468471 -8.006403 -13.007113 -13.432234 -13.057444
41.840000 -4.936395 -5.435032 -5.720271 -5.170524 -5.102768 -5.586469 -5.160271 -7.925992 -8.456311 -7.995203 -12.998805 -13.420239 -13.048808
41.880000 -4.927190 -5.423259 -5.708577 -5.159398 -5.094760 -5.572896 -5.153365 -7.917976 -8.444779 -7.984306 -12.990803 -13.408551 -13.039411
41.920000 -4.917463 -5.410850 -5.696658 -5.147070 -5.086297 -5.558770 -5.146006 -7.909505 -8.433519 -7.974133 -12.982347 -13.396126 -13.029563
41.960000 -4.907253 -5.397391 -5.680868 -5.134800 -5.077632 -5.544486 -5.138448 -7.900834 -8.422058 -7.966192 -12.973691 -13.383174 -13.018981
42.000000 -4.897277 -5.384141 -5.666844 -5.123196 -5.069230 -5.530212 -5.131157 -7.892429 -8.410856 -7.959076 -12.965305 -13.371920 -13.004449
42.040000 -4.886407 -5.369485 -5.649667 -5.110977 -5.060202 -5.515310 -5.122131 -7.883397 -8.399031 -7.951405 -12.956292 -13.361105 -12.992564
42.080000 -4.875802 -5.354811 -5.633877 -5.099543 -5.051604 -5.500771 -5.113501 -7.874793 -8.387635 -7.944162 -12.947710 -13.348170 -12.985055
42.120000 -4.864655 -5.339443 -5.615518 -5.080899 -5.042569 -5.485675 -5.104445 -7.865759 -8.375814 -7.936490 -12.938701 -13.333600 -12.975899
42.160000 -4.853013 -5.323003 -5.594857 -5.065942 -5.033366 -5.473144 -5.095219 -7.856552 -8.363493 -7.926566 -12.929524 -13.318830 -12.964603
42.200000 -4.841674 -5.307021 -5.565766 -5.050502 -5.024427 -5.462950 -5.086284 -7.847636 -8.351303 -7.915145 -12.920640 -13.304632 -12.953932
42.240000 -4.828832 -5.288731 -5.544793 -5.033329 -5.014450 -5.451639 -5.076297 -7.837666 -8.335947 -7.902671 -12.910707 -13.290813 -12.942863
42.280000 -4.816359 -5.270961 -5.523758 -5.016716 -5.004816 -5.437167 -5.066684 -7.828072 -8.320886 -7.890574 -12.901152 -13.277543 -12.932180
42.320000 -4.803403 -5.251897 -5.503723 -4.998266 -4.995200 -5.422423 -5.057108 -7.818506 -8.305855 -7.879250 -12.891631 -13.264303 -12.921535
42.360000 -4.790018 -5.232087 -5.480582 -4.981019 -4.985409 -5.407108 -5.047359 -7.808778 -8.290661 -7.869220 -12.881953 -13.250908 -12.910742
42.400000 -4.777034 -5.212591 -5.453377 -4.961236 -4.976152 -5.392377 -5.038212 -7.799639 -8.276056 -7.859780 -12.872870 -13.242105 -12.900551
42.440000 -4.762396 -5.190532 -5.417840 -4.942161 -4.965873 -5.376560 -5.025741 -7.789453 -8.261649 -7.849291 -12.862747 -13.233104 -12.889327
42.480000 -4.748236 -5.169381 -5.391640 -4.920615 -4.955928 -5.361138 -5.013842 -7.779747 -8.248152 -7.839282 -12.853112 -13.222346 -12.878574
42.520000 -4.733164 -5.146535 -5.366182 -4.896256 -4.945673 -5.345307 -5.001505 -7.769622 -8.233776 -7.828857 -12.843067 -13.210749 -12.865062
42.560000 -4.717287 -5.123193 -5.340946 -4.862475 -4.934556 -5.328751 -4.988604 -7.758963 -8.218837 -7.818773 -12.832496 -13.198617 -12.851141
42.600000 -4.701970 -5.100157 -5.313277 -4.840392 -4.924304 -5.313027 -4.976228 -7.749032 -8.204630 -7.809420 -12.822665 -13.187217 -12.838428
42.640000 -4.684364 -5.074603 -5.288288 -4.819510 -4.912073 -5.295222 -4.962281 -7.737430 -8.188752 -7.798398 -12.811175 -13.174149 -12.828109
42.680000 -4.667444 -5.050092 -5.257170 -4.787065 -4.900442 -5.278261 -4.948557 -7.726548 -8.173596 -7.788096 -12.800416 -13.161802 -12.816227
42.720000 -4.649878 -5.023894 -5.224772 -4.763494 -4.889088 -5.261117 -4.935495 -7.715930 -8.158707 -7.778056 -12.789938 -13.149410 -12.803455
42.760000 -4.631767 -4.998311 -5.193399 -4.738220 -4.876527 -5.243170 -4.922572 -7.704628 -8.143137 -7.767334 -12.778791 -13.137825 -12.790059
42.800000 -4.614382 -4.972381 -5.160149 -4.709641 -4.865700 -5.226885 -4.913074 -7.694750 -8.128994 -7.758035 -12.769087 -13.128388 -12.777778
42.840000 -4.594948 -4.945483 -5.132617 -4.681539 -4.852184 -5.208781 -4.901713 -7.683229 -8.113209 -7.747766 -12.757761 -13.117312 -12.763964
42.880000 -4.576347 -4.919224 -5.098999 -4.663073 -4.839849 -5.191018 -4.890653 -7.672047 -8.097768 -7.739064 -12.746796 -13.106578 -12.750613
42.920000 -4.556955 -4.892756 -5.067532 -4.632687 -4.826427 -5.172536 -4.876639 -7.661641 -8.082295 -7.728522 -12.736633 -13.096626 -12.738170
42.960000 -4.536906 -4.866307 -5.042602 -4.597722 -4.811936 -5.156744 -4.857521 -7.649352 -8.064488 -7.714835 -12.724614 -13.084666 -12.723991
43.000000 -4.517742 -4.840523 -5.016782 -4.567736 -4.798685 -5.143453 -4.838738 -7.639539 -8.049156 -7.704069 -12.715103 -13.075163 -12.712446
43.040000 -4.496395 -4.814079 -4.989628 -4.534422 -4.782007 -5.126711 -4.819188 -7.626906 -8.031009 -7.691399 -12.702808 -13.062850 -12.698253
43.080000 -4.476049 -4.787358 -4.954853 -4.510213 -4.767654 -5.111766 -4.798553 -7.615877 -8.017096 -7.680334 -12.692154 -13.052147 -12.685851
43.120000 -4.455153 -4.762229 -4.924102 -4.483258 -4.750828 -5.093718 -4.783075 -7.604564 -8.003505 -7.668984 -12.681261 -13.041168 -12.673365
43.160000 -4.433827 -4.735636 -4.893285 -4.458964 -4.734682 -5.070093 -4.766883 -7.592168 -7.988827 -7.656554 -12.669331 -13.029116 -12.660015
43.200000 -4.413499 -4.711925 -4.863683 -4.434519 -4.717742 -5.048022 -4.749836 -7.582333 -7.976444 -7.646685 -12.660014 -13.018840 -12.649460
43.240000 -4.391619 -4.686164 -4.835121 -4.410269 -4.699819 -5.017235 -4.724534 -7.568452 -7.958652 -7.632772 -12.646710 -13.003509 -12.635111
43.280000 -4.370789 -4.663123 -4.810897 -4.390709 -4.681269 -4.993339 -4.708568 -7.558632 -7.944930 -7.622920 -12.637529 -12.992247 -12.625041
43.320000 -4.349886 -4.640293 -4.779167 -4.372440 -4.662372 -4.962986 -4.690367 -7.546075 -7.928478 -7.610335 -12.625684 -12.978258 -12.612633
43.360000 -4.328965 -4.617632 -4.753774 -4.361387 -4.643278 -4.936933 -4.671331 -7.535042 -7.913562 -7.599274 -12.615440 -12.965524 -12.602008
43.400000 -4.309005 -4.597794 -4.731200 -4.351522 -4.623175 -4.919685 -4.654480 -7.524413 -7.899053 -7.588620 -12.605685 -12.953089 -12.593371
43.440000 -4.288477 -4.575591 -4.708877 -4.340739 -4.604420 -4.894915 -4.632286 -7.511938 -7.882707 -7.576121 -12.594178 -12.938236 -12.583688
43.480000 -4.268875 -4.557024 -4.691327 -4.325254 -4.583705 -4.869634 -4.615237 -7.501647 -7.868548 -7.565808 -12.584959 -12.925586 -12.574310
43.520000 -4.249758 -4.537331 -4.668874 -4.308741 -4.565192 -4.841875 -4.593391 -7.489249 -7.852288 -7.549503 -12.573744 -12.910815 -12.563310
43.560000 -4.231100 -4.520446 -4.652258 -4.295550 -4.544641 -4.815470 -4.577384 -7.479444 -7.838632 -7.534460 -12.565244 -12.896358 -12.555406
43.600000 -4.213210 -4.503070 -4.625174 -4.280047 -4.526202 -4.786671 -4.556013 -7.466641 -7.821967 -7.516441 -12.553880 -12.878932 -12.545029
43.640000 -4.196239 -4.488640 -4.615013 -4.262095 -4.506558 -4.763082 -4.538485 -7.457554 -7.809040 -7.502174 -12.546377 -12.865259 -12.538900
43.680000 -4.179906 -4.474647 -4.600214 -4.244802 -4.487795 -4.735103 -4.520332 -7.446165 -7.793758 -7.486820 -12.536729 -12.849316 -12.531070
43.720000 -4.164644 -4.461618 -4.581894 -4.228729 -4.470237 -4.711715 -4.500277 -7.435967 -7.779721 -7.474601 -12.528446 -12.834610 -12.525012
43.760000 -4.150362 -4.451485 -4.565731 -4.216866 -4.451759 -4.696201 -4.480459 -7.426604 -7.766410 -7.463710 -12.521182 -12.822042 -12.519646
43.800000 -4.136536 -4.439559 -4.549537 -4.204883 -4.436038 -4.673921 -4.464508 -7.414666 -7.750565 -7.450753 -12.511550 -12.810361 -12.512611
43.840000 -4.124917 -4.432356 -4.540229 -4.203966 -4.420079 -4.655960 -4.449009 -7.406314 -7.738229 -7.441388 -12.505713 -12.802390 -12.508717
43.880000 -4.113602 -4.423855 -4.528477 -4.203265 -4.406046 -4.634052 -4.434379 -7.394940 -7.722813 -7.427587 -12.497096 -12.791540 -12.500516
43.920000 -4.103584 -4.418309 -4.520532 -4.198192 -4.391778 -4.615522 -4.421462 -7.386012 -7.709854 -7.416653 -12.491172 -12.783285 -12.496504
43.960000 -4.094782 -4.413163 -4.511270 -4.191668 -4.379566 -4.598223 -4.406640 -7.374887 -7.694476 -7.405993 -12.483320 -12.772991 -12.492568
44.000000 -4.086155 -4.409213 -4.504304 -4.189456 -4.366657 -4.583427 -4.393819 -7.364918 -7.680412 -7.394593 -12.476923 -12.764037 -12.485985
44.040000 -4.080492 -4.408437 -4.499676 -4.192842 -4.356613 -4.571752 -4.384819 -7.355685 -7.666537 -7.382756 -12.471555 -12.755977 -12.480427
44.080000 -4.074903 -4.407231 -4.501471 -4.196966 -4.347176 -4.552746 -4.372802 -7.345102 -7.651703 -7.368750 -12.465205 -12.747143 -12.474003
44.120000 -4.071123 -4.409472 -4.501515 -4.203412 -4.338224 -4.545652 -4.368205 -7.336301 -7.637780 -7.356382 -12.460935 -12.740526 -12.470924
44.160000 -4.069108 -4.411957 -4.500891 -4.206026 -4.332436 -4.534947 -4.359884 -7.325818 -7.622474 -7.342497 -12.455457 -12.732321 -12.466608
44.200000 -4.067101 -4.415960 -4.499267 -4.210268 -4.325494 -4.525163 -4.355119 -7.315955 -7.607356 -7.328251 -12.450914 -12.724588 -12.465207
44.240000 -4.068591 -4.422969 -4.500324 -4.216271 -4.322566 -4.518045 -4.350449 -7.306648 -7.592463 -7.317032 -12.447459 -12.713741 -12.463580
44.280000 -4.070086 -4.430447 -4.504295 -4.225087 -4.319382 -4.510937 -4.347700 -7.297065 -7.577528 -7.305260 -12.444162 -12.702668 -12.460994
44.320000 -4.073348 -4.440099 -4.521188 -4.242408 -4.317773 -4.505872 -4.345760 -7.286831 -7.560792 -7.297505 -12.440670 -12.705169 -12.460063
44.360000 -4.078418 -4.451578 -4.528457 -4.256197 -4.318085 -4.501678 -4.344816 -7.277683 -7.546926 -7.290865 -12.438910 -12.696392 -12.459839
44.400000 -4.083548 -4.463944 -4.535172 -4.274254 -4.317988 -4.495575 -4.345314 -7.267138 -7.529540 -7.282079 -12.436098 -12.686145 -12.458967
44.440000 -4.092177 -4.479578 -4.554383 -4.295188 -4.321700 -4.491233 -4.348423 -7.257840 -7.518225 -7.271963 -12.435492 -12.689933 -12.455581
44.480000 -4.100982 -4.496466 -4.561660 -4.321060 -4.324994 -4.486121 -4.352027 -7.248704 -7.507210 -7.263689 -12.435126 -12.693813 -12.462829
44.520000 -4.111481 -4.514965 -4.569712 -4.347927 -4.330209 -4.482562 -4.354130 -7.237842 -7.489521 -7.254447 -12.434484 -12.695640 -12.467675
44.560000 -4.123796 -4.535828 -4.584191 -4.376758 -4.337055 -4.481202 -4.354703 -7.228972 -7.473334 -7.247294 -12.435868 -12.687960 -12.468293
44.600000 -4.136471 -4.557813 -4.611650 -4.404648 -4.343971 -4.482447 -4.356494 -7.217689 -7.455895 -7.237210 -12.436183 -12.678504 -12.467534
44.640000 -4.151917 -4.582458 -4.641461 -4.431284 -4.353924 -4.491901 -4.362791 -7.208172 -7.442243 -7.228404 -12.438965 -12.675514 -12.474165
44.680000 -4.167933 -4.608931 -4.664539 -4.457073 -4.363915 -4.501616 -4.369018 -7.197710 -7.430244 -7.217207 -12.441169 -12.668090 -12.479720
44.720000 -4.185330 -4.636739 -4.692743 -4.485668 -4.375542 -4.512216 -4.377872 -7.186734 -7.417893 -7.207792 -12.444589 -12.663440 -12.486610
44.760000 -4.204256 -4.667207 -4.718566 -4.514588 -4.388315 -4.524714 -4.393192 -7.176907 -7.404007 -7.196847 -12.448657 -12.667578 -12.487111
44.800000 -4.224044 -4.699041 -4.751383 -4.545945 -4.401951 -4.535087 -4.407205 -7.164678 -7.390077 -7.186080 -12.453153 -12.674621 -12.488875
44.840000 -4.245313 -4.733047 -4.791467 -4.574539 -4.416986 -4.545929 -4.422132 -7.155228 -7.373631 -7.170318 -12.458732 -12.682076 -12.491573
44.880000 -4.267677 -4.769272 -4.835438 -4.604354 -4.432878 -4.557195 -4.436973 -7.142142 -7.355314 -7.154953 -12.464774 -12.689193 -12.495638
44.920000 -4.291043 -4.806805 -4.881134 -4.631121 -4.449934 -4.569941 -4.454078 -7.131529 -7.339986 -7.139235 -12.471756 -12.703095 -12.504935
44.960000 -4.315513 -4.846953 -4.927643 -4.668682 -4.467766 -4.584016 -4.472168 -7.118713 -7.323813 -7.122111 -12.479115 -12.712523 -12.513301
45.000000 -4.341444 -4.888692 -4.964298 -4.713519 -4.487349 -4.600159 -4.489887 -7.106469 -7.304952 -7.107992 -12.488083 -12.731291 -12.504729
45.040000 -4.367512 -4.932139 -5.014894 -4.755636 -4.506801 -4.616969 -4.505605 -7.094726 -7.289330 -7.096059 -12.496219 -12.750008 -12.503361
45.080000 -4.395244 -4.977758 -5.069127 -4.798603 -4.528111 -4.635459 -4.523678 -7.081453 -7.276485 -7.086900 -12.506745 -12.769973 -12.508007
45.120000 -4.423579 -5.025345 -5.122456 -4.840491 -4.549922 -4.654623 -4.542165 -7.071184 -7.255811 -7.078121 -12.516635 -12.789290 -12.505131
45.160000 -4.452512 -5.074548 -5.171897 -4.886390 -4.572413 -4.675649 -4.561464 -7.056640 -7.240223 -7.067726 -12.528026 -12.810671 -12.503253
45.200000 -4.483511 -5.126616 -5.230574 -4.937233 -4.597119 -4.698209 -4.583537 -7.048759 -7.221179 -7.053085 -12.540494 -12.833129 -12.510440
45.240000 -4.513265 -5.179087 -5.289770 -4.989128 -4.620549 -4.720431 -4.604567 -7.033203 -7.202591 -7.043962 -12.551936 -12.854566 -12.514827
45.280000 -4.545207 -5.234384 -5.348293 -5.043582 -4.646418 -4.744454 -4.628382 -7.023866 -7.188314 -7.032064 -12.566031 -12.877752 -12.511799
45.320000 -4.577525 -5.291870 -5.408650 -5.099334 -4.672658 -4.769578 -4.653764 -7.012089 -7.173972 -7.024769 -12.579529 -12.900716 -12.507451
45.360000 -4.610110 -5.350105 -5.469598 -5.157012 -4.699510 -4.796436 -4.680543 -7.000215 -7.163041 -7.017627 -12.594710 -12.924353 -12.511486
45.400000 -4.645340 -5.412707 -5.534377 -5.217191 -4.729062 -4.825753 -4.709175 -6.994384 -7.152028 -7.012704 -12.610749 -12.932906 -12.519072
45.440000 -4.678286 -5.473804 -5.597906 -5.277374 -4.756650 -4.853789 -4.735905 -6.982404 -7.144951 -7.002770 -12.626692 -12.925121 -12.521828
45.480000 -4.713937 -5.539382 -5.664433 -5.339507 -4.787033 -4.883778 -4.766314 -6.978491 -7.131919 -6.996742 -12.642987 -12.952401 -12.523393
45.520000 -4.749752 -5.605907 -5.740727 -5.404135 -4.817935 -4.914889 -4.798907 -6.969661 -7.121697 -6.988303 -12.661590 -12.980172 -12.521270
45.560000 -4.785500 -5.673577 -5.815666 -5.468174 -4.848974 -4.944206 -4.829280 -6.967407 -7.107475 -6.978711 -12.678523 -13.007602 -12.522659
45.600000 -4.824456 -5.745871 -5.890110 -5.537504 -4.883496 -4.978677 -4.864346 -6.962723 -7.108611 -6.972469 -12.698255 -13.037515 -12.532164
45.640000 -4.860237 -5.816003 -5.960554 -5.603484 -4.915101 -5.009399 -4.896904 -6.959697 -7.104668 -6.968426 -12.717594 -13.064699 -12.536241
45.680000 -4.899233 -5.891145 -6.035581 -5.672057 -4.950134 -5.043232 -4.932989 -6.958917 -7.098696 -6.964555 -12.736870 -13.093456 -12.540838
45.720000 -4.938384 -5.966860 -6.111637 -5.741212 -4.985692 -5.078035 -4.969303 -6.958170 -7.096199 -6.964945 -12.760339 -13.123623 -12.549340
45.760000 -4.977375 -6.044206 -6.187727 -5.811173 -5.021252 -5.112327 -5.005647 -6.962099 -7.100337 -6.967282 -12.779681 -13.151351 -12.555286
45.800000 -5.020214 -6.125898 -6.269716 -5.887705 -5.061035 -5.151600 -5.045024 -6.966664 -7.112880 -6.972618 -12.806974 -13.184072 -12.568324
45.840000 -5.059185 -6.205967 -6.346825 -5.960255 -5.097060 -5.188891 -5.081705 -6.973014 -7.113434 -6.968451 -12.826687 -13.211267 -12.570780
45.880000 -5.102002 -6.289988 -6.430464 -6.039692 -5.137327 -5.230528 -5.119842 -6.979652 -7.115153 -6.972933 -12.852952 -13.242573 -12.580477
45.920000 -5.145007 -6.375750 -6.513448 -6.120471 -5.177929 -5.268972 -5.158709 -6.992092 -7.125429 -6.981940 -12.878263 -13.273659 -12.591117
45.960000 -5.187778 -6.462170 -6.598695 -6.200900 -5.218611 -5.306650 -5.199362 -7.001088 -7.141850 -6.991599 -12.900610 -13.304314 -12.598340
46.000000 -5.235225 -6.554611 -6.688202 -6.287641 -5.264139 -5.351249 -5.245381 -7.018321 -7.166140 -7.003895 -12.934833 -13.338927 -12.620411
46.040000 -5.277904 -6.643938 -6.774237 -6.371933 -5.305098 -5.391283 -5.285415 -7.031213 -7.177446 -7.014953 -12.957362 -13.363391 -12.630729
46.080000 -5.325239 -6.738229 -6.866774 -6.461929 -5.350976 -5.436614 -5.330441 -7.048748 -7.197496 -7.031476 -12.991939 -13.397834 -12.646963
46.120000 -5.372785 -6.834449 -6.961158 -6.552777 -5.397170 -5.480738 -5.376638 -7.070469 -7.221570 -7.046322 -13.020761 -13.427913 -12.660480
46.160000 -5.419951 -6.930691 -7.061131 -6.645273 -5.443248 -5.525560 -5.426605 -7.089974 -7.247067 -7.062964 -13.054582 -13.461664 -12.685677
46.200000 -5.472870 -7.035305 -7.168924 -6.739941 -5.495130 -5.575732 -5.480499 -7.119239 -7.280495 -7.085297 -13.090557 -13.497910 -12.705897
46.240000 -5.519750 -7.133742 -7.274157 -6.830467 -5.541229 -5.620077 -5.525189 -7.140763 -7.307103 -7.105804 -13.122461 -13.529942 -12.726067
46.280000 -5.572311 -7.239510 -7.392062 -6.927688 -5.593077 -5.669935 -5.576656 -7.171403 -7.341875 -7.131098 -13.160968 -13.567827 -12.748570
46.320000 -5.625033 -7.346242 -7.501384 -7.026034 -5.645278 -5.719857 -5.628160 -7.201052 -7.372458 -7.152752 -13.194579 -13.603239 -12.774975
46.360000 -5.677052 -7.454066 -7.610396 -7.125582 -5.696854 -5.770355 -5.678760 -7.232044 -7.405498 -7.183129 -13.238028 -13.643059 -12.804705
46.400000 -5.736161 -7.570680 -7.733277 -7.233030 -5.755625 -5.826936 -5.738276 -7.270939 -7.449036 -7.219971 -13.279786 -13.684415 -12.843554
46.440000 -5.787436 -7.679864 -7.849863 -7.335579 -5.806693 -5.875990 -5.789852 -7.302248 -7.485902 -7.248550 -13.322372 -13.724393 -12.872236
46.480000 -5.845585 -7.797647 -7.975337 -7.445191 -5.864671 -5.932027 -5.846218 -7.342757 -7.530179 -7.284293 -13.366009 -13.766912 -12.903980
46.520000 -5.903783 -7.916362 -8.102867 -7.557399 -5.922829 -5.991521 -5.902515 -7.382736 -7.579462 -7.320372 -13.414452 -13.814229 -12.936987
46.560000 -5.960778 -8.036782 -8.230914 -7.669405 -5.979791 -6.046938 -5.956254 -7.423715 -7.628025 -7.355313 -13.459677 -13.858792 -12.969865
46.600000 -6.026398 -8.165947 -8.366487 -7.792661 -6.045495 -6.111966 -6.018682 -7.472911 -7.685006 -7.401136 -13.514070 -13.912774 -13.008368
46.640000 -6.082040 -8.286725 -8.494833 -7.907914 -6.101238 -6.167177 -6.072868 -7.513828 -7.730739 -7.438603 -13.561086 -13.958049 -13.045184
46.680000 -6.145872 -8.417035 -8.632718 -8.032238 -6.165250 -6.229283 -6.134640 -7.562863 -7.784287 -7.483546 -13.610954 -14.008654 -13.084472
46.720000 -6.209596 -8.549555 -8.768876 -8.159371 -6.229176 -6.292582 -6.198367 -7.612862 -7.834133 -7.525002 -13.670476 -14.064644 -13.130585
46.760000 -6.271442 -8.682079 -8.907704 -8.285973 -6.291261 -6.353093 -6.257742 -7.661579 -7.880647 -7.565003 -13.720746 -14.114126 -13.170084
46.800000 -6.343580 -8.825402 -9.059936 -8.426632 -6.363679 -6.425179 -6.327505 -7.721087 -7.944872 -7.616574 -13.788132 -14.178508 -13.225284
46.840000 -6.403303 -8.958339 -9.202931 -8.556451 -6.423690 -6.484279 -6.384563 -7.769118 -7.996789 -7.655760 -13.839105 -14.227575 -13.265486
46.880000 -6.472568 -9.102516 -9.361719 -8.699397 -6.493280 -6.553338 -6.453569 -7.826875 -8.053012 -7.705655 -13.902594 -14.287872 -13.320043
46.920000 -6.541567 -9.249517 -9.521111 -8.843704 -6.562607 -6.621068 -6.519511 -7.885150 -8.111381 -7.755277 -13.965051 -14.347109 -13.372902
46.960000 -6.607928 -9.394266 -9.679000 -8.987247 -6.629322 -6.687012 -6.585704 -7.941117 -8.170740 -7.803342 -14.024710 -14.403599 -13.425959
47.000000 -6.686291 -9.552639 -9.851620 -9.133698 -6.708050 -6.765630 -6.660843 -8.009532 -8.241537 -7.863563 -14.098534 -14.472487 -13.489729
47.040000 -6.749789 -9.698343 -10.011891 -9.267472 -6.771923 -6.828881 -6.718500 -8.063481 -8.297142 -7.909778 -14.154063 -14.525021 -13.537587
47.080000 -6.824187 -9.857807 -10.185231 -9.413110 -6.846708 -6.902436 -6.788937 -8.128628 -8.362403 -7.971594 -14.226164 -14.590003 -13.593420
47.120000 -6.898213 -10.018700 -10.360622 -9.560286 -6.921131 -6.974673 -6.860599 -8.193673 -8.423762 -8.033250 -14.293681 -14.652566 -13.653593
47.160000 -6.968845 -10.176812 -10.535039 -9.698778 -6.992163 -7.044918 -6.929496 -8.255721 -8.480431 -8.092013 -14.361292 -14.713031 -13.708172
47.200000 -7.053239 -10.351167 -10.726663 -9.866915 -7.076980 -7.127604 -7.011191 -8.331478 -8.550165 -8.165001 -14.440443 -14.786818 -13.778757
47.240000 -7.120288 -10.510812 -10.905817 -10.010570 -7.144441 -7.195212 -7.077404 -8.390401 -8.609971 -8.221099 -14.503605 -14.843449 -13.834380
47.280000 -7.199611 -10.685668 -11.092958 -10.166275 -7.224224 -7.272700 -7.156864 -8.461062 -8.681134 -8.287993 -14.578201 -14.910916 -13.901773
47.320000 -7.278501 -10.860425 -11.282041 -10.350709 -7.303543 -7.349919 -7.236943 -8.532115 -8.749397 -8.353879 -14.652412 -14.976958 -13.969077
47.360000 -7.353229 -11.032899 -11.455319 -10.536199 -7.378769 -7.423110 -7.307340 -8.598089 -8.811009 -8.414412 -14.722600 -15.037822 -14.032512
47.400000 -7.443544 -11.223863 -11.645223 -10.741341 -7.469549 -7.511694 -7.391224 -8.680458 -8.887998 -8.490844 -14.807259 -15.113893 -14.110719
47.440000 -7.513965 -11.398322 -11.816021 -10.924942 -7.540500 -7.580619 -7.454082 -8.742086 -8.945393 -8.546369 -14.873290 -15.169301 -14.169047
47.480000 -7.598056 -11.587385 -12.003232 -11.107809 -7.625124 -7.667126 -7.531228 -8.817582 -9.015508 -8.614365 -14.951341 -15.242659 -14.240656
47.520000 -7.681708 -11.777005 -12.192755 -11.289698 -7.709343 -7.755387 -7.611716 -8.892343 -9.086079 -8.681283 -15.030031 -15.319640 -14.312148
47.560000 -7.760442 -11.964303 -12.378723 -11.469862 -7.788707 -7.835633 -7.687203 -8.961465 -9.150158 -8.741909 -15.103251 -15.390477 -14.378728
47.600000 -7.856682 -12.172711 -12.582721 -11.668175 -7.885555 -7.933907 -7.781902 -9.048663 -9.235729 -8.820821 -15.193700 -15.478583 -14.463192
47.640000 -7.930671 -12.360941 -12.765997 -11.846393 -7.960293 -8.006864 -7.851928 -9.111812 -9.294738 -8.875931 -15.260156 -15.542616 -14.523541
47.680000 -8.019907 -12.564354 -12.969103 -12.043689 -8.050208 -8.100484 -7.938311 -9.191482 -9.370113 -8.946801 -15.341877 -15.621938 -14.599941
47.720000 -8.108853 -12.769841 -13.195548 -12.241744 -8.140032 -8.197814 -8.022856 -9.268412 -9.445203 -9.015221 -15.421278 -15.698684 -14.673317
47.760000 -8.192201 -12.972742 -13.420998 -12.437355 -8.224172 -8.283267 -8.105185 -9.341222 -9.516367 -9.077880 -15.495003 -15.764195 -14.734514
47.800000 -8.295437 -13.199442 -13.668795 -12.651814 -8.328394 -8.386859 -8.206337 -9.431721 -9.606318 -9.160374 -15.586857 -15.848201 -14.813888
47.840000 -8.373564 -13.399948 -13.896308 -12.847025 -8.407487 -8.467206 -8.283771 -9.497766 -9.666747 -9.216466 -15.653037 -15.905894 -14.867245
47.880000 -8.468896 -13.619736 -14.142163 -13.059254 -8.503914 -8.563757 -8.378557 -9.579823 -9.744807 -9.290587 -15.734933 -15.980149 -14.940871
47.920000 -8.564163 -13.841393 -14.385480 -13.275920 -8.600392 -8.660222 -8.474837 -9.660904 -9.824832 -9.362861 -15.815610 -16.052132 -15.013292
47.960000 -8.652941 -14.061294 -14.631438 -13.483840 -8.690370 -8.750818 -8.563002 -9.736117 -9.899949 -9.430315 -15.888675 -16.117760 -15.078376
48.000000 -8.764657 -14.304244 -14.881563 -13.716481 -8.803542 -8.864515 -8.672244 -9.831971 -9.994723 -9.518193 -15.983395 -16.203797 -15.164650
48.040000 -8.847590 -14.518145 -15.109470 -13.922464 -8.887819 -8.951028 -8.758203 -9.900801 -10.056904 -9.578654 -16.048330 -16.261005 -15.222053
48.080000 -8.950190 -14.754570 -15.366017 -14.154686 -8.992140 -9.055985 -8.858510 -9.986051 -10.138472 -9.659514 -16.131473 -16.336096 -15.297242
48.120000 -9.052984 -14.993873 -15.630169 -14.390149 -9.096492 -9.165278 -8.960438 -10.073774 -10.220565 -9.738075 -16.213679 -16.410188 -15.371570
48.160000 -9.147974 -15.229550 -15.893147 -14.613967 -9.193408 -9.267301 -9.054611 -10.150902 -10.297366 -9.810904 -16.286786 -16.476330 -15.438377
48.200000 -9.269732 -15.488127 -16.179576 -14.869835 -9.317011 -9.397770 -9.180639 -10.256274 -10.401235 -9.909534 -16.385903 -16.566880 -15.531388
48.240000 -9.358064 -15.717369 -16.439492 -15.092043 -9.407454 -9.494874 -9.271830 -10.326670 -10.468626 -9.976257 -16.449785 -16.624744 -15.589516
48.280000 -9.469072 -15.969748 -16.718174 -15.341444 -9.520712 -9.613672 -9.383327 -10.419434 -10.559591 -10.063421 -16.535885 -16.702169 -15.676790
48.320000 -9.580622 -16.228936 -17.012167 -15.577152 -9.634538 -9.728105 -9.495651 -10.513372 -10.651559 -10.150582 -16.620399 -16.781208 -15.764560
48.360000 -9.682543 -16.475266 -17.281193 -15.801622 -9.739055 -9.841804 -9.598347 -10.596136 -10.734227 -10.227310 -16.695735 -16.848336 -15.840961
48.400000 -9.815963 -16.753886 -17.594351 -16.056811 -9.874958 -9.984939 -9.732273 -10.712095 -10.848603 -10.338405 -16.800070 -16.946686 -15.946083
48.440000 -9.910220 -16.996044 -17.872188 -16.275014 -9.972197 -10.091211 -9.828162 -10.786397 -10.924272 -10.413255 -16.865825 -17.005997 -16.002953
48.480000 -10.030774 -17.267391 -18.172833 -16.533356 -10.095532 -10.223249 -9.951322 -10.889239 -11.025926 -10.516353 -16.955299 -17.088669 -16.086291
48.520000 -10.152443 -17.543108 -18.486757 -16.796109 -10.220462 -10.353913 -10.075464 -10.991166 -11.129705 -10.621912 -17.046221 -17.176442 -16.170428
48.560000 -10.262180 -17.800824 -18.782430 -17.046049 -10.333335 -10.474847 -10.188300 -11.082850 -11.221459 -10.714220 -17.124449 -17.248635 -16.240870
48.600000 -10.409377 -18.102477 -19.127049 -17.336567 -10.484049 -10.641206 -10.338074 -11.210808 -11.352064 -10.841344 -17.238649 -17.361862 -16.350456
48.640000 -10.510066 -18.356387 -19.408482 -17.572084 -10.588351 -10.763211 -10.441962 -11.292727 -11.434962 -10.921782 -17.307270 -17.424121 -16.407578
48.680000 -10.641377 -18.648870 -19.727199 -17.849098 -10.723428 -10.914885 -10.582758 -11.405458 -11.558064 -11.038429 -17.403368 -17.520261 -16.494607
48.720000 -10.774560 -18.935411 -20.033332 -18.120508 -10.860563 -11.057134 -10.725664 -11.520121 -11.686347 -11.155446 -17.504540 -17.615672 -16.584105
48.760000 -10.892621 -19.210697 -20.327829 -18.386302 -10.982681 -11.187417 -10.850285 -11.620125 -11.800453 -11.259631 -17.586087 -17.696898 -16.662797
48.800000 -11.055276 -19.531673 -20.659886 -18.687306 -11.149714 -11.357125 -11.014672 -11.764279 -11.960817 -11.404652 -17.716251 -17.825255 -16.782674
48.840000 -11.162580 -19.802028 -20.942658 -18.947851 -11.261434 -11.472015 -11.126838 -11.853861 -12.066034 -11.494390 -17.786176 -17.905653 -16.848475
48.880000 -11.305414 -20.107721 -21.274506 -19.242025 -11.408946 -11.624364 -11.274955 -11.978861 -12.202502 -11.621632 -17.895033 -18.023401 -16.947384
48.920000 -11.451277 -20.410448 -21.628686 -19.545342 -11.559584 -11.779323 -11.427711 -12.107436 -12.338448 -11.748101 -18.004844 -18.142413 -17.049538
48.960000 -11.578210 -20.702168 -21.957772 -19.826141 -11.691526 -11.917161 -11.561769 -12.217130 -12.458716 -11.854055 -18.096362 -18.246336 -17.132600
49.000000 -11.758315 -21.044969 -22.347278 -20.159072 -11.876753 -12.107143 -11.747767 -12.380482 -12.630753 -12.011622 -18.241812 -18.397693 -17.266759
49.040000 -11.872645 -21.330653 -22.666936 -20.419118 -11.996527 -12.231732 -11.865864 -12.477891 -12.738836 -12.111254 -18.318831 -18.488360 -17.336166
49.080000 -12.028266 -21.644861 -23.028062 -20.730604 -12.157393 -12.397515 -12.028215 -12.617999 -12.889142 -12.252424 -18.441765 -18.615670 -17.442224
49.120000 -12.188639 -21.972443 -23.388430 -21.029509 -12.323659 -12.572249 -12.189392 -12.761787 -13.044275 -12.390325 -18.563650 -18.754178 -17.553622
49.160000 -12.325275 -22.274027 -23.741849 -21.301169 -12.465799 -12.730208 -12.335108 -12.883679 -13.174910 -12.525429 -18.669270 -18.862207 -17.636371
49.200000 -12.525751 -22.647848 -24.179303 -21.639707 -12.672588 -12.954775 -12.540767 -13.068051 -13.366273 -12.713916 -18.830822 -19.046524 -17.787721
49.240000 -12.647848 -22.936098 -24.519161 -21.897311 -12.800325 -13.101605 -12.671571 -13.176440 -13.489305 -12.816545 -18.921758 -19.156368 -17.857367
49.280000 -12.818312 -23.270146 -24.912420 -22.214692 -12.977450 -13.295059 -12.842693 -13.331464 -13.660968 -12.976353 -19.055367 -19.317862 -17.996683
49.320000 -12.996557 -23.618511 -25.297795 -22.538411 -13.161581 -13.498651 -13.024611 -13.496696 -13.846355 -13.145360 -19.202510 -19.487568 -18.128626
49.360000 -13.145481 -23.936176 -25.646036 -22.830009 -13.316993 -13.672190 -13.174225 -13.631910 -14.001127 -13.287480 -19.317994 -19.626945 -18.237997
49.400000 -13.373925 -24.338792 -26.083461 -23.201615 -13.551916 -13.929683 -13.408488 -13.847273 -14.236961 -13.509072 -19.515110 -19.858745 -18.429331
49.440000 -13.507509 -24.628689 -26.444010 -23.474327 -13.691114 -14.080330 -13.546185 -13.969984 -14.363752 -13.631867 -19.620206 -19.990979 -18.529799
49.480000 -13.701427 -24.990525 -26.892053 -23.812712 -13.891965 -14.307177 -13.742360 -14.151022 -14.566436 -13.815867 -19.782932 -20.202383 -18.693830
49.520000 -13.910071 -25.357922 -27.325648 -24.163980 -14.105370 -14.541166 -13.956647 -14.351153 -14.797846 -14.012069 -19.969915 -20.413713 -18.872213
49.560000 -14.079817 -25.696358 -27.742971 -24.490067 -14.282193 -14.755023 -14.128303 -14.508708 -14.989105 -14.171556 -20.108896 -20.610451 -19.018373
49.600000 -14.362349 -26.126193 -28.251695 -24.915413 -14.568450 -15.090454 -14.417058 -14.785037 -15.296005 -14.441968 -20.374669 -20.898787 -19.272155
