#Quasar bolometric luminosity function in different peak halo mass bins from TRINITY PaperIII (Fig. 6, Zhang+2024, MNRAS, 529, 2777)
#z: 7.00
#log10(Lbol [erg/s])(0) log10(QLF_total [Mpc^-3 dex^-1])(1) log10(QLF(11<logMpeak<12) [Mpc^-3 dex^-1])(2) log10(QLF(11<logMpeak<12)_16th [Mpc^-3 dex^-1])(3) log10(QLF(11<logMpeak<12)_84th [Mpc^-3 dex^-1])(4)
#log10(QLF(12<logMpeak<13) [Mpc^-3 dex^-1])(5) log10(QLF(12<logMpeak<13)_16th [Mpc^-3 dex^-1])(6) log10(QLF(12<logMpeak<13)_84th [Mpc^-3 dex^-1])(7)
#log10(QLF(13<logMpeak<14) [Mpc^-3 dex^-1])(8) log10(QLF(13<logMpeak<14)_16th [Mpc^-3 dex^-1])(9) log10(QLF(13<logMpeak<14)_84th [Mpc^-3 dex^-1])(10)
#log10(QLF(14<logMpeak<15) [Mpc^-3 dex^-1])(11) log10(QLF(14<logMpeak<15)_16th [Mpc^-3 dex^-1])(12) log10(QLF(14<logMpeak<15)_84th [Mpc^-3 dex^-1])(13)
40.000000 -7.827800 -7.863633 -8.738536 -7.755231 -8.929097 -9.911851 -8.961842 -14.326002 -16.068039 -14.915793 -inf nan nan
40.040000 -7.812644 -7.848482 -8.717855 -7.740089 -8.913885 -9.891050 -8.945766 -14.305871 -16.013053 -14.875519 -inf nan nan
40.080000 -7.798000 -7.833874 -8.698721 -7.724233 -8.898824 -9.871497 -8.930969 -14.283825 -15.946396 -14.841472 -inf nan nan
40.120000 -7.783340 -7.819192 -8.678870 -7.710453 -8.884409 -9.851657 -8.916789 -14.266351 -15.904718 -14.810399 -inf nan nan
40.160000 -7.768683 -7.804568 -8.659286 -7.694382 -8.869377 -9.831986 -8.902562 -14.245835 -15.841272 -14.739798 -inf nan nan
40.200000 -7.754505 -7.790355 -8.640256 -7.681883 -8.855598 -9.813044 -8.889660 -14.229613 -15.804101 -14.708817 -inf nan nan
40.240000 -7.739775 -7.775645 -8.620273 -7.666164 -8.840644 -9.793131 -8.875438 -14.210406 -15.744022 -14.677599 -inf nan nan
40.280000 -7.725529 -7.761368 -8.601359 -7.652836 -8.826758 -9.774260 -8.862637 -14.194207 -15.673732 -14.657846 -inf nan nan
40.320000 -7.711090 -7.746926 -8.581622 -7.638056 -8.812357 -9.754696 -8.849053 -14.176962 -15.577776 -14.636902 -inf nan nan
40.360000 -7.696493 -7.732296 -8.562445 -7.623553 -8.798137 -9.734599 -8.835934 -14.160240 -15.521271 -14.598714 -inf nan nan
40.400000 -7.682371 -7.718148 -8.543275 -7.609921 -8.784316 -9.714707 -8.823055 -14.145058 -15.445926 -14.570645 -inf nan nan
40.440000 -7.667138 -7.702894 -8.523261 -7.593970 -8.769335 -9.693757 -8.809185 -14.128041 -15.418283 -14.548839 -inf nan nan
40.480000 -7.652420 -7.688135 -8.503630 -7.580328 -8.755087 -9.673395 -8.795937 -14.112996 -15.394216 -14.524417 -inf nan nan
40.520000 -7.637196 -7.672896 -8.483493 -7.564327 -8.740036 -9.652300 -8.781991 -14.096550 -15.367915 -14.504950 -inf nan nan
40.560000 -7.621534 -7.657186 -8.462988 -7.549771 -8.724934 -9.631057 -8.767960 -14.080831 -15.343602 -14.485588 -inf nan nan
40.600000 -7.606417 -7.642052 -8.442965 -7.533973 -8.710024 -9.610023 -8.754141 -14.064985 -15.319891 -14.466216 -inf nan nan
40.640000 -7.589083 -7.624672 -8.420807 -7.516954 -8.693224 -9.587066 -8.738467 -14.047647 -15.290473 -14.445619 -inf nan nan
40.680000 -7.572415 -7.607977 -8.399305 -7.500053 -8.676870 -9.564526 -8.723211 -14.030746 -15.260078 -14.423139 -inf nan nan
40.720000 -7.554119 -7.589637 -8.376175 -7.481275 -8.659090 -9.540562 -8.706566 -14.012466 -15.232339 -14.396490 -inf nan nan
40.760000 -7.534420 -7.569901 -8.351701 -7.461741 -8.639824 -9.515087 -8.688415 -13.992980 -15.201851 -14.362627 -inf nan nan
40.800000 -7.515576 -7.551018 -8.327992 -7.441694 -8.621443 -9.490501 -8.671172 -13.974245 -15.168952 -14.340068 -inf nan nan
40.840000 -7.489360 -7.524755 -8.297009 -7.415668 -8.595782 -9.458612 -8.646630 -13.948463 -15.121417 -14.308311 -inf nan nan
40.880000 -7.464638 -7.499994 -8.267446 -7.389212 -8.571513 -9.428120 -8.623501 -13.923986 -15.078000 -14.279875 -inf nan nan
40.920000 -7.432271 -7.467571 -8.230298 -7.356245 -8.539818 -9.390186 -8.592934 -13.892205 -15.037467 -14.243838 -inf nan nan
40.960000 -7.393940 -7.429198 -8.186976 -7.318772 -8.501980 -9.346113 -8.556236 -13.854248 -14.991284 -14.201839 -inf nan nan
41.000000 -7.358719 -7.393913 -8.145777 -7.284993 -8.467509 -9.305396 -8.522901 -13.819704 -14.946032 -14.164493 -inf nan nan
41.040000 -7.285422 -7.320568 -8.066430 -7.212925 -8.394793 -9.226429 -8.451321 -13.746927 -14.861430 -14.083036 -inf nan nan
41.080000 -7.222727 -7.257805 -7.997003 -7.151455 -8.332893 -9.158279 -8.390561 -13.684973 -14.784007 -14.016035 -inf nan nan
41.120000 -7.113203 -7.148222 -7.880347 -7.042781 -8.224081 -9.043215 -8.282888 -13.576174 -14.662106 -13.900292 -inf nan nan
41.160000 -6.985664 -7.020614 -7.744329 -6.917067 -8.097357 -8.910236 -8.157306 -13.449457 -14.525504 -13.768240 -inf nan nan
41.200000 -6.887202 -6.922074 -7.635698 -6.820562 -7.999832 -8.806451 -8.059246 -13.351937 -14.415499 -13.666752 -inf nan nan
41.240000 -6.805273 -6.840074 -7.543026 -6.741403 -7.918749 -8.719111 -7.975718 -13.270863 -14.321446 -13.580893 -inf nan nan
41.280000 -6.736375 -6.771078 -7.471382 -6.675464 -7.851029 -8.645131 -7.905551 -13.203148 -14.244194 -13.510832 -inf nan nan
41.320000 -6.712216 -6.746839 -7.444547 -6.652451 -7.827828 -8.615671 -7.879905 -13.179950 -14.206705 -13.484030 -inf nan nan
41.360000 -6.725688 -6.760197 -7.455267 -6.664661 -7.842683 -8.624264 -7.892312 -13.194806 -14.213483 -13.497163 -inf nan nan
41.400000 -6.739591 -6.773998 -7.466579 -6.677106 -7.857824 -8.633142 -7.905002 -13.209949 -14.217053 -13.509666 -inf nan nan
41.440000 -6.746173 -6.780459 -7.470137 -6.682209 -7.865876 -8.634932 -7.910606 -13.218005 -14.218525 -13.516369 -inf nan nan
41.480000 -6.752856 -6.787005 -7.473222 -6.687867 -7.874222 -8.637018 -7.916673 -13.226352 -14.220847 -13.523030 -inf nan nan
41.520000 -6.758383 -6.792407 -7.474592 -6.691670 -7.881289 -8.637821 -7.923613 -13.233418 -14.222114 -13.528810 -inf nan nan
41.560000 -6.762707 -6.796554 -7.469647 -6.695386 -7.887781 -8.638048 -7.929979 -13.239910 -14.222704 -13.535250 -inf nan nan
41.600000 -6.767076 -6.800779 -7.465800 -6.691325 -7.893937 -8.637940 -7.936009 -13.246069 -14.223960 -13.541448 -inf nan nan
41.640000 -6.765672 -6.799162 -7.451857 -6.660417 -7.895174 -8.632915 -7.937120 -13.247306 -14.221139 -13.542697 -inf nan nan
41.680000 -6.764273 -6.797574 -7.447314 -6.647602 -7.896150 -8.627626 -7.937970 -13.248281 -14.218730 -13.543721 -inf nan nan
41.720000 -6.762847 -6.795913 -7.427216 -6.640882 -7.897679 -8.622889 -7.939459 -13.249810 -14.216629 -13.545319 -inf nan nan
41.760000 -6.761395 -6.794192 -7.400256 -6.638759 -7.899637 -8.618581 -7.941795 -13.251770 -14.215289 -13.547334 -inf nan nan
41.800000 -6.759948 -6.792510 -7.385318 -6.635399 -7.901198 -8.613876 -7.943735 -13.253332 -14.213488 -13.546658 -inf nan nan
41.840000 -6.758980 -6.791186 -7.374817 -6.634368 -7.904836 -8.611246 -7.947753 -13.256969 -14.213892 -13.547271 -inf nan nan
41.880000 -6.758014 -6.789966 -7.370256 -6.630695 -7.907179 -8.607321 -7.950475 -13.259311 -14.213183 -13.546579 -inf nan nan
41.920000 -6.758576 -6.790103 -7.368086 -6.622377 -7.913342 -8.607207 -7.957017 -13.265476 -14.216295 -13.549703 -inf nan nan
41.960000 -6.760672 -6.791871 -7.365669 -6.626794 -7.919826 -8.607419 -7.963879 -13.271962 -14.219727 -13.553154 -inf nan nan
42.000000 -6.762778 -6.793519 -7.364338 -6.613815 -7.928124 -8.609435 -7.972558 -13.280259 -14.224458 -13.561198 -inf nan nan
42.040000 -6.765909 -6.796188 -7.362113 -6.608763 -7.937609 -8.612634 -7.982421 -13.289743 -14.230323 -13.570448 -inf nan nan
42.080000 -6.769062 -6.798899 -7.361218 -6.609536 -7.946927 -8.615662 -7.992120 -13.299066 -14.236023 -13.576360 -inf nan nan
42.120000 -6.770360 -6.799555 -7.357813 -6.616240 -7.957358 -8.619785 -8.002929 -13.309500 -14.242834 -13.582485 -inf nan nan
42.160000 -6.769786 -6.798597 -7.357063 -6.618351 -7.962345 -8.618474 -8.008248 -13.314490 -14.244207 -13.583177 -inf nan nan
42.200000 -6.769212 -6.797258 -7.361998 -6.624385 -7.973069 -8.622856 -8.012785 -13.325217 -14.251315 -13.589611 -inf nan nan
42.240000 -6.764012 -6.791648 -7.359134 -6.614303 -7.974061 -8.617533 -8.007662 -13.326217 -14.248694 -13.586297 -inf nan nan
42.280000 -6.758874 -6.785714 -7.358811 -6.608226 -7.981232 -8.618298 -8.008071 -13.333400 -14.252253 -13.589167 -inf nan nan
42.320000 -6.751127 -6.777419 -7.335592 -6.599295 -7.982174 -8.612872 -8.007922 -13.334352 -14.249586 -13.585816 -inf nan nan
42.360000 -6.740912 -6.766467 -7.319652 -6.593001 -7.983932 -8.608169 -8.008719 -13.336129 -14.246058 -13.583449 -inf nan nan
42.400000 -6.730931 -6.755725 -7.305410 -6.587132 -7.986702 -8.605781 -8.012001 -13.338913 -14.243007 -13.585418 -inf nan nan
42.440000 -6.715839 -6.740054 -7.283371 -6.570349 -7.981594 -8.596850 -8.007433 -13.333850 -14.235360 -13.581223 -inf nan nan
42.480000 -6.701255 -6.724475 -7.280436 -6.554625 -7.984745 -8.596150 -8.011112 -13.337032 -14.236077 -13.585278 -inf nan nan
42.520000 -6.685003 -6.707838 -7.265188 -6.507586 -7.975553 -8.583136 -8.002484 -13.327904 -14.224487 -13.577027 -inf nan nan
42.560000 -6.667281 -6.689075 -7.260726 -6.498531 -7.977590 -8.581343 -8.005093 -13.330015 -14.224132 -13.580050 -inf nan nan
42.600000 -6.650255 -6.671661 -7.244387 -6.462324 -7.968169 -8.568072 -7.996257 -13.320686 -14.212335 -13.571709 -inf nan nan
42.640000 -6.629129 -6.649583 -7.235625 -6.444201 -7.966321 -8.562443 -7.995048 -13.318981 -14.208165 -13.570992 -inf nan nan
42.680000 -6.608983 -6.628913 -7.218678 -6.416718 -7.957193 -8.549410 -7.987354 -13.309971 -14.196692 -13.562974 -inf nan nan
42.720000 -6.588321 -6.607485 -7.207211 -6.390981 -7.953177 -8.541683 -7.985542 -13.306209 -14.190352 -13.560203 -inf nan nan
42.760000 -6.567253 -6.585679 -7.194054 -6.373895 -7.948780 -8.533273 -7.982239 -13.301973 -14.183136 -13.556957 -inf nan nan
42.800000 -6.547160 -6.565101 -7.176093 -6.350436 -7.940035 -8.520861 -7.971660 -13.293667 -14.171849 -13.549638 -inf nan nan
42.840000 -6.524692 -6.541694 -7.164508 -6.332189 -7.940441 -8.517276 -7.975739 -13.294391 -14.169597 -13.551352 -inf nan nan
42.880000 -6.503329 -6.520114 -7.136184 -6.316174 -7.924549 -8.497591 -7.962618 -13.279098 -14.151327 -13.537052 -inf nan nan
42.920000 -6.480588 -6.496463 -7.123854 -6.295452 -7.925585 -8.494835 -7.967170 -13.280800 -14.150047 -13.539742 -inf nan nan
42.960000 -6.456726 -6.472390 -7.092538 -6.275633 -7.907408 -8.472566 -7.952557 -13.263339 -14.129606 -13.523270 -inf nan nan
43.000000 -6.434108 -6.448998 -7.079551 -6.260857 -7.906412 -8.468043 -7.955529 -13.263462 -14.126752 -13.524383 -inf nan nan
43.040000 -6.408540 -6.423129 -7.049781 -6.232234 -7.889578 -8.446627 -7.942281 -13.247509 -14.107822 -13.509421 -inf nan nan
43.080000 -6.384395 -6.398418 -7.029204 -6.214101 -7.882319 -8.437311 -7.938057 -13.241995 -14.099330 -13.504897 -inf nan nan
43.120000 -6.358980 -6.372527 -6.994442 -6.178207 -7.871674 -8.424557 -7.924100 -13.232446 -14.086799 -13.493854 -inf nan nan
43.160000 -6.332579 -6.345848 -6.965823 -6.142504 -7.854137 -8.405351 -7.903144 -13.217528 -14.068903 -13.477319 -inf nan nan
43.200000 -6.307691 -6.320340 -6.935038 -6.104711 -7.849719 -8.399050 -7.895828 -13.215047 -14.063446 -13.473223 -inf nan nan
43.240000 -6.279840 -6.292452 -6.891897 -6.060707 -7.823147 -8.371007 -7.868449 -13.191637 -14.037056 -13.448196 -inf nan nan
43.280000 -6.253669 -6.265692 -6.865223 -6.039875 -7.817433 -8.364282 -7.864937 -13.189378 -14.031817 -13.444319 -inf nan nan
43.320000 -6.227214 -6.239209 -6.822934 -5.992007 -7.791970 -8.330473 -7.840968 -13.167272 -14.006732 -13.420596 -inf nan nan
43.360000 -6.200614 -6.212134 -6.795487 -5.966891 -7.782710 -8.322084 -7.834791 -13.163063 -13.999546 -13.414769 -inf nan nan
43.400000 -6.175550 -6.187003 -6.753393 -5.940134 -7.760130 -8.297592 -7.813994 -13.144266 -13.977771 -13.394355 -inf nan nan
43.440000 -6.149947 -6.161116 -6.723535 -5.927355 -7.745275 -8.284910 -7.804316 -13.136221 -13.966744 -13.381933 -inf nan nan
43.480000 -6.125770 -6.136745 -6.685617 -5.919359 -7.728643 -8.263110 -7.784631 -13.123955 -13.951316 -13.365873 -inf nan nan
43.520000 -6.101844 -6.112795 -6.650149 -5.894765 -7.705637 -8.237562 -7.757899 -13.109792 -13.933645 -13.347912 -inf nan nan
43.560000 -6.078198 -6.088871 -6.616293 -5.885523 -7.693041 -8.209153 -7.734904 -13.103834 -13.924178 -13.338162 -inf nan nan
43.600000 -6.055774 -6.066619 -6.576021 -5.849081 -7.663748 -8.170052 -7.697536 -13.083906 -13.900737 -13.314439 -inf nan nan
43.640000 -6.033893 -6.044491 -6.544373 -5.845945 -7.651758 -8.146582 -7.677298 -13.081896 -13.895214 -13.308639 -inf nan nan
43.680000 -6.013063 -6.023843 -6.512711 -5.814317 -7.623601 -8.120061 -7.644316 -13.062612 -13.872422 -13.285548 -inf nan nan
43.720000 -5.992695 -6.003325 -6.479252 -5.795091 -7.609249 -8.108812 -7.629663 -13.060784 -13.865361 -13.279912 -inf nan nan
43.760000 -5.972770 -5.983579 -6.447006 -5.775005 -7.582175 -8.081728 -7.594383 -13.042808 -13.841714 -13.258131 -inf nan nan
43.800000 -5.953720 -5.964568 -6.421319 -5.760694 -7.561562 -8.065189 -7.576361 -13.036724 -13.829956 -13.248232 -inf nan nan
43.840000 -5.934674 -5.945611 -6.390840 -5.748685 -7.539033 -8.031789 -7.554409 -13.023854 -13.811412 -13.231551 -inf nan nan
43.880000 -5.916428 -5.927653 -6.370264 -5.721581 -7.509615 -7.996481 -7.524545 -13.010722 -13.792613 -13.214569 -inf nan nan
43.920000 -5.898855 -5.910129 -6.336491 -5.703805 -7.490190 -7.963847 -7.498155 -13.003768 -13.779983 -13.203779 -inf nan nan
43.960000 -5.881904 -5.893647 -6.315540 -5.675680 -7.455782 -7.926721 -7.454961 -12.984696 -13.755239 -13.180834 -inf nan nan
44.000000 -5.865591 -5.877428 -6.282478 -5.657401 -7.436044 -7.907645 -7.430502 -12.980790 -13.745650 -13.173052 -inf nan nan
44.040000 -5.849470 -5.861792 -6.258617 -5.638187 -7.402732 -7.867550 -7.389022 -12.960767 -13.719952 -13.149121 -inf nan nan
44.080000 -5.833926 -5.846448 -6.227635 -5.654455 -7.380284 -7.846036 -7.363111 -12.955591 -13.709093 -13.139986 -inf nan nan
44.120000 -5.819669 -5.832701 -6.203042 -5.631691 -7.348928 -7.804453 -7.325315 -12.936825 -13.684629 -13.120067 -inf nan nan
44.160000 -5.806593 -5.820038 -6.200089 -5.614259 -7.322510 -7.771510 -7.296518 -12.928018 -13.670141 -13.112378 -inf nan nan
44.200000 -5.793899 -5.807807 -6.169639 -5.589643 -7.295363 -7.739054 -7.264224 -12.913258 -13.649652 -13.098741 -inf nan nan
44.240000 -5.784219 -5.798821 -6.146183 -5.571733 -7.264880 -7.708518 -7.238257 -12.900240 -13.630967 -13.086833 -inf nan nan
44.280000 -5.774751 -5.789805 -6.121137 -5.582235 -7.242392 -7.682778 -7.213300 -12.891539 -13.616495 -13.079253 -inf nan nan
44.320000 -5.767339 -5.783328 -6.091233 -5.564321 -7.209282 -7.647107 -7.182250 -12.873594 -13.592875 -13.063537 -inf nan nan
44.360000 -5.761883 -5.778399 -6.074158 -5.553176 -7.189983 -7.619218 -7.165872 -12.869383 -13.582847 -13.061647 -inf nan nan
44.400000 -5.756494 -5.774023 -6.043051 -5.553195 -7.159262 -7.585355 -7.135420 -12.851029 -13.558717 -13.045609 -inf nan nan
44.440000 -5.754480 -5.772701 -6.042964 -5.554790 -7.140763 -7.564018 -7.121397 -12.847149 -13.549016 -13.044148 -inf nan nan
44.480000 -5.752476 -5.771807 -6.018722 -5.545125 -7.113640 -7.531290 -7.094843 -12.830869 -13.526763 -13.030230 -inf nan nan
44.520000 -5.752558 -5.772884 -6.015311 -5.551132 -7.092406 -7.500440 -7.078481 -12.822853 -13.512989 -13.024800 -inf nan nan
44.560000 -5.754728 -5.776206 -6.023327 -5.553540 -7.071218 -7.472106 -7.058576 -12.811331 -13.495224 -13.015718 -inf nan nan
44.600000 -5.756908 -5.779793 -6.031721 -5.560657 -7.046541 -7.445519 -7.038905 -12.798092 -13.476312 -13.005290 -inf nan nan
44.640000 -5.762553 -5.786635 -6.045976 -5.579274 -7.030623 -7.426485 -7.026014 -12.791118 -13.463192 -12.998790 -inf nan nan
44.680000 -5.768271 -5.794210 -6.052291 -5.567365 -7.005000 -7.396340 -7.004746 -12.774243 -13.441220 -12.979509 -inf nan nan
44.720000 -5.775752 -5.803048 -6.077909 -5.578332 -6.991007 -7.366941 -6.994705 -12.768051 -13.429198 -12.969473 -inf nan nan
44.760000 -5.785087 -5.814507 -6.089318 -5.580602 -6.968855 -7.331373 -6.972454 -12.751713 -13.407178 -12.949271 -inf nan nan
44.800000 -5.794627 -5.825740 -6.101462 -5.596023 -6.954927 -7.302172 -6.958103 -12.743407 -13.393253 -12.937561 -inf nan nan
44.840000 -5.807237 -5.840760 -6.107516 -5.607155 -6.936336 -7.267730 -6.935768 -12.728268 -13.375794 -12.917334 -inf nan nan
44.880000 -5.820225 -5.855983 -6.099561 -5.617347 -6.922397 -7.239568 -6.918319 -12.717007 -13.363984 -12.908873 -inf nan nan
44.920000 -5.834589 -5.873019 -6.090823 -5.632575 -6.906779 -7.206762 -6.898260 -12.702446 -13.349115 -12.889531 -inf nan nan
44.960000 -5.850457 -5.891856 -6.090202 -5.637977 -6.891784 -7.177870 -6.888204 -12.686803 -13.331655 -12.864847 -inf nan nan
45.000000 -5.866926 -5.911217 -6.112988 -5.657037 -6.880349 -7.149542 -6.881779 -12.673219 -13.316821 -12.839017 -inf nan nan
45.040000 -5.886354 -5.934541 -6.124722 -5.675297 -6.865082 -7.119324 -6.867918 -12.654325 -13.294067 -12.822262 -inf nan nan
45.080000 -5.906691 -5.958156 -6.156729 -5.688796 -6.858446 -7.104208 -6.864180 -12.641727 -13.278010 -12.804731 -inf nan nan
45.120000 -5.928781 -5.984844 -6.182510 -5.700456 -6.845623 -7.087454 -6.856375 -12.622094 -13.247439 -12.775757 -inf nan nan
45.160000 -5.952850 -6.012930 -6.218994 -5.721247 -6.841600 -7.080679 -6.848148 -12.608145 -13.226972 -12.755618 -inf nan nan
45.200000 -5.978332 -6.043747 -6.251353 -5.720761 -6.832739 -7.067644 -6.847999 -12.589182 -13.202535 -12.726940 -inf nan nan
45.240000 -6.005392 -6.075887 -6.290150 -5.732979 -6.829791 -7.065937 -6.851913 -12.571839 -13.189381 -12.711552 -inf nan nan
45.280000 -6.034250 -6.110862 -6.328271 -5.756703 -6.825484 -7.053728 -6.846093 -12.553817 -13.173066 -12.700214 -inf nan nan
45.320000 -6.064352 -6.147439 -6.366085 -5.783310 -6.823485 -7.048889 -6.843891 -12.532968 -13.156595 -12.689612 -inf nan nan
45.360000 -6.095824 -6.185702 -6.407708 -5.817337 -6.824119 -7.045877 -6.846291 -12.514273 -13.138409 -12.672897 -inf nan nan
45.400000 -6.129757 -6.227974 -6.452705 -5.844968 -6.823539 -7.035546 -6.840935 -12.492583 -13.111598 -12.646735 -inf nan nan
45.440000 -6.163194 -6.269112 -6.500184 -5.874721 -6.827893 -7.024945 -6.843600 -12.471958 -13.088630 -12.629319 -inf nan nan
45.480000 -6.199423 -6.315252 -6.537878 -5.908539 -6.830021 -7.012004 -6.838416 -12.450498 -13.061659 -12.599322 -inf nan nan
45.520000 -6.236183 -6.361254 -6.590921 -5.960628 -6.837848 -7.012650 -6.840667 -12.429146 -13.037798 -12.576698 -inf nan nan
45.560000 -6.273330 -6.409984 -6.640383 -6.004006 -6.842030 -7.011289 -6.840583 -12.406582 -13.015541 -12.544736 -inf nan nan
45.600000 -6.313953 -6.461859 -6.694191 -6.058168 -6.853608 -7.014525 -6.846368 -12.385033 -13.003076 -12.520513 -inf nan nan
45.640000 -6.351711 -6.513001 -6.738746 -6.101202 -6.860041 -7.014208 -6.848198 -12.361196 -12.981495 -12.489890 -inf nan nan
45.680000 -6.393067 -6.568097 -6.798181 -6.147795 -6.872321 -7.015770 -6.856169 -12.337174 -12.958723 -12.463178 -inf nan nan
45.720000 -6.434599 -6.624570 -6.857765 -6.198275 -6.885226 -7.028956 -6.859981 -12.314166 -12.937507 -12.438122 -inf nan nan
45.760000 -6.475928 -6.683007 -6.913016 -6.243318 -6.897011 -7.035484 -6.864718 -12.289734 -12.908356 -12.409005 -inf nan nan
45.800000 -6.521608 -6.745438 -6.980104 -6.291720 -6.916595 -7.052565 -6.878357 -12.268802 -12.887022 -12.388878 -inf nan nan
45.840000 -6.562418 -6.806228 -7.037364 -6.330154 -6.929369 -7.056674 -6.885299 -12.244659 -12.857724 -12.358168 -inf nan nan
45.880000 -6.607464 -6.870720 -7.109114 -6.371547 -6.949871 -7.082442 -6.900127 -12.222596 -12.832211 -12.328639 -inf nan nan
45.920000 -6.652415 -6.938729 -7.182380 -6.407653 -6.968680 -7.105729 -6.911938 -12.202698 -12.805525 -12.301121 -inf nan nan
45.960000 -6.696671 -7.005603 -7.257119 -6.462766 -6.989943 -7.126737 -6.929448 -12.179917 -12.778211 -12.270892 -inf nan nan
46.000000 -6.745955 -7.081033 -7.337651 -6.513998 -7.015416 -7.151009 -6.949443 -12.164492 -12.752884 -12.248846 -inf nan nan
46.040000 -6.789165 -7.150490 -7.413958 -6.568600 -7.037263 -7.172423 -6.967543 -12.141639 -12.719954 -12.229730 -inf nan nan
46.080000 -6.837155 -7.227169 -7.496206 -6.633184 -7.064373 -7.194584 -6.989977 -12.124418 -12.694493 -12.210350 -inf nan nan
46.120000 -6.884691 -7.305810 -7.579109 -6.693123 -7.091751 -7.220893 -7.012328 -12.108928 -12.662846 -12.195141 -inf nan nan
46.160000 -6.930927 -7.383334 -7.662719 -6.756482 -7.119928 -7.250220 -7.037824 -12.090615 -12.636308 -12.175441 -inf nan nan
46.200000 -6.982679 -7.470055 -7.753469 -6.823906 -7.153737 -7.288612 -7.068489 -12.082160 -12.607958 -12.162593 -inf nan nan
46.240000 -7.027208 -7.549326 -7.837084 -6.889592 -7.182442 -7.321979 -7.086915 -12.064581 -12.571012 -12.144858 -inf nan nan
46.280000 -7.076829 -7.638061 -7.926448 -6.961163 -7.216283 -7.356994 -7.107425 -12.055834 -12.541271 -12.130037 -inf nan nan
46.320000 -7.125903 -7.725526 -8.010697 -7.044912 -7.251664 -7.390130 -7.134101 -12.045546 -12.515879 -12.119695 -inf nan nan
46.360000 -7.173465 -7.815818 -8.087575 -7.126667 -7.285771 -7.419435 -7.163871 -12.036332 -12.485454 -12.100111 -inf nan nan
46.400000 -7.226884 -7.911561 -8.173357 -7.219333 -7.327451 -7.458624 -7.204316 -12.033528 -12.465522 -12.099199 -inf nan nan
46.440000 -7.272542 -8.002714 -8.251118 -7.299084 -7.361999 -7.491728 -7.236976 -12.023705 -12.433099 -12.081936 -inf nan nan
46.480000 -7.323571 -8.101285 -8.340398 -7.387583 -7.402850 -7.535748 -7.277677 -12.022586 -12.411202 -12.077877 -inf nan nan
46.520000 -7.374158 -8.199889 -8.431277 -7.484589 -7.444430 -7.579462 -7.317532 -12.019626 -12.384946 -12.067487 -inf nan nan
46.560000 -7.423303 -8.300326 -8.529802 -7.584964 -7.485163 -7.622557 -7.359071 -12.019812 -12.360988 -12.059131 -inf nan nan
46.600000 -7.478727 -8.406918 -8.637563 -7.690713 -7.533263 -7.672840 -7.398304 -12.024926 -12.341445 -12.055584 -inf nan nan
46.640000 -7.526194 -8.509802 -8.745694 -7.791890 -7.573827 -7.715711 -7.429638 -12.025817 -12.310209 -12.045632 -inf nan nan
46.680000 -7.579493 -8.617342 -8.861209 -7.899431 -7.621259 -7.765589 -7.468952 -12.032058 -12.284063 -12.044792 -inf nan nan
46.720000 -7.632511 -8.728768 -8.974956 -8.008254 -7.668798 -7.815355 -7.514258 -12.040389 -12.259781 -12.041129 -inf nan nan
46.760000 -7.684174 -8.838116 -9.090159 -8.118663 -7.715784 -7.866711 -7.561293 -12.048428 -12.252516 -12.038325 -inf nan nan
46.800000 -7.742824 -8.957333 -9.212327 -8.236267 -7.770191 -7.925638 -7.614453 -12.064138 -12.239557 -12.043544 -inf nan nan
46.840000 -7.792902 -9.069588 -9.329165 -8.338595 -7.816522 -7.976650 -7.660085 -12.074322 -12.227065 -12.038050 -inf nan nan
46.880000 -7.849518 -9.188634 -9.455814 -8.446260 -7.869906 -8.034294 -7.712228 -12.089945 -12.238548 -12.047016 -inf nan nan
46.920000 -7.905956 -9.310316 -9.596696 -8.554928 -7.923448 -8.091788 -7.765203 -12.109362 -12.231868 -12.040472 -inf nan nan
46.960000 -7.960973 -9.430082 -9.733264 -8.666730 -7.976006 -8.147177 -7.817733 -12.126186 -12.222402 -12.041190 -inf nan nan
47.000000 -8.023985 -9.561758 -9.872539 -8.794996 -8.036794 -8.210536 -7.878429 -12.154500 -12.229589 -12.053677 -inf nan nan
47.040000 -8.077344 -9.682084 -9.994517 -8.912944 -8.088307 -8.264069 -7.930888 -12.172467 -12.249530 -12.049521 -inf nan nan
47.080000 -8.138190 -9.813631 -10.126392 -9.042535 -8.147496 -8.325115 -7.990001 -12.200377 -12.284337 -12.056876 -inf nan nan
47.120000 -8.198923 -9.944280 -10.256472 -9.173559 -8.206841 -8.384446 -8.051595 -12.228780 -12.298677 -12.053197 -inf nan nan
47.160000 -8.258020 -10.075390 -10.383686 -9.304418 -8.264728 -8.446760 -8.110641 -12.256487 -12.314056 -12.046176 -inf nan nan
47.200000 -8.326444 -10.217259 -10.522621 -9.447097 -8.332112 -8.513689 -8.179141 -12.295759 -12.346662 -12.050200 -inf nan nan
47.240000 -8.383725 -10.347822 -10.656900 -9.578365 -8.388519 -8.566612 -8.235847 -12.323216 -12.369233 -12.046194 -inf nan nan
47.280000 -8.449725 -10.489848 -10.801914 -9.722672 -8.453756 -8.629935 -8.301859 -12.362627 -12.400351 -12.056338 -inf nan nan
47.320000 -8.515672 -10.630589 -10.958237 -9.856190 -8.519075 -8.690909 -8.368803 -12.400789 -12.431191 -12.063599 -inf nan nan
47.360000 -8.579622 -10.773154 -11.114555 -9.987398 -8.582473 -8.755649 -8.433364 -12.440332 -12.465166 -12.069158 -inf nan nan
47.400000 -8.654643 -10.924587 -11.267031 -10.128589 -8.657046 -8.830393 -8.509605 -12.489741 -12.508884 -12.083912 -inf nan nan
47.440000 -8.716509 -11.066467 -11.421890 -10.259141 -8.718521 -8.893403 -8.570926 -12.528803 -12.542578 -12.092653 -inf nan nan
47.480000 -8.788675 -11.217700 -11.593179 -10.399432 -8.790366 -8.968746 -8.644844 -12.577859 -12.582318 -12.104364 -inf nan nan
47.520000 -8.860813 -11.370404 -11.768337 -10.540734 -8.862233 -9.044835 -8.720383 -12.628412 -12.628081 -12.115749 -inf nan nan
47.560000 -8.930348 -11.521745 -11.939472 -10.680892 -8.931540 -9.116040 -8.795741 -12.677770 -12.671605 -12.131028 -inf nan nan
47.600000 -9.013179 -11.686125 -12.119564 -10.833683 -9.014184 -9.197611 -8.882315 -12.740510 -12.729632 -12.158860 -inf nan nan
47.640000 -9.080109 -11.837311 -12.265031 -10.973476 -9.080954 -9.264691 -8.952336 -12.789612 -12.772509 -12.175036 -inf nan nan
47.680000 -9.159267 -11.998837 -12.424911 -11.123531 -9.159984 -9.339514 -9.029696 -12.850048 -12.828377 -12.204082 -inf nan nan
47.720000 -9.238372 -12.164073 -12.591947 -11.276940 -9.238979 -9.421789 -9.105888 -12.913630 -12.885237 -12.234476 -inf nan nan
47.760000 -9.313938 -12.323342 -12.766761 -11.427341 -9.314459 -9.502569 -9.178274 -12.972227 -12.946226 -12.259802 -inf nan nan
47.800000 -9.405480 -12.502290 -12.948637 -11.602993 -9.405926 -9.597345 -9.268257 -13.049983 -13.027658 -12.304194 -inf nan nan
47.840000 -9.477754 -12.660634 -13.111054 -11.758876 -9.478141 -9.677632 -9.335151 -13.107517 -13.087516 -12.329109 -inf nan nan
47.880000 -9.564506 -12.834793 -13.305024 -11.924047 -9.564844 -9.768107 -9.426873 -13.182049 -13.159522 -12.369986 -inf nan nan
47.920000 -9.651229 -13.009758 -13.511343 -12.082901 -9.651527 -9.861292 -9.517387 -13.257072 -13.231090 -12.412106 -inf nan nan
47.960000 -9.733236 -13.180234 -13.711806 -12.251447 -9.733502 -9.949622 -9.607499 -13.328451 -13.302231 -12.450628 -inf nan nan
48.000000 -9.834421 -13.372166 -13.936952 -12.442030 -9.834659 -10.056095 -9.702742 -13.421040 -13.401676 -12.509524 -inf nan nan
48.040000 -9.912310 -13.538717 -14.124094 -12.610182 -9.912527 -10.139000 -9.775874 -13.490544 -13.481017 -12.546163 -inf nan nan
48.080000 -10.007288 -13.725751 -14.333453 -12.795579 -10.007487 -10.249768 -9.864219 -13.581104 -13.581401 -12.602466 -inf nan nan
48.120000 -10.102374 -13.910793 -14.539117 -12.983983 -10.102559 -10.358651 -9.951462 -13.671419 -13.685187 -12.657829 -inf nan nan
48.160000 -10.191343 -14.093384 -14.739625 -13.170298 -10.191515 -10.455005 -10.033211 -13.760591 -13.787566 -12.709639 -inf nan nan
48.200000 -10.303361 -14.297232 -14.961645 -13.381599 -10.303522 -10.572509 -10.139865 -13.873309 -13.912723 -12.784902 -inf nan nan
48.240000 -10.387162 -14.474252 -15.163555 -13.564251 -10.387313 -10.663128 -10.228885 -13.963818 -13.985154 -12.835094 -inf nan nan
48.280000 -10.491096 -14.671697 -15.385174 -13.768994 -10.491237 -10.774080 -10.336615 -14.076547 -14.078975 -12.907074 -inf nan nan
48.320000 -10.595464 -14.870617 -15.605123 -13.976547 -10.595596 -10.887853 -10.434823 -14.195141 -14.174952 -12.976470 -inf nan nan
48.360000 -10.692086 -15.063111 -15.825165 -14.177128 -10.692209 -10.992587 -10.525158 -14.309024 -14.293704 -13.034456 -inf nan nan
48.400000 -10.816547 -15.281502 -16.066775 -14.405394 -10.816662 -11.126004 -10.643641 -14.455137 -14.443876 -13.130077 -inf nan nan
48.440000 -10.907018 -15.468317 -16.281363 -14.600030 -10.907124 -11.220517 -10.728432 -14.571516 -14.550061 -13.197823 -inf nan nan
48.480000 -11.021433 -15.677657 -16.519074 -14.821231 -11.021531 -11.338081 -10.836785 -14.712661 -14.664781 -13.290473 -inf nan nan
48.520000 -11.137098 -15.891078 -16.782555 -15.045488 -11.137188 -11.458242 -10.946827 -14.857718 -14.809586 -13.382346 -inf nan nan
48.560000 -11.243298 -16.092495 -17.040222 -15.256774 -11.243382 -11.566549 -11.044697 -14.992220 -14.943287 -13.461340 -inf nan nan
48.600000 -11.384176 -16.329268 -17.330667 -15.471003 -11.384253 -11.710807 -11.179400 -15.162292 -15.114289 -13.577127 -inf nan nan
48.640000 -11.483609 -16.523657 -17.577582 -15.643441 -11.483681 -11.815413 -11.271014 -15.290721 -15.236646 -13.652883 -inf nan nan
48.680000 -11.612784 -16.748590 -17.858673 -15.854997 -11.612851 -11.950165 -11.392562 -15.442976 -15.384018 -13.767109 -inf nan nan
48.720000 -11.744911 -16.975198 -18.141001 -16.065363 -11.744974 -12.083632 -11.515626 -15.600622 -15.506901 -13.901049 -inf nan nan
48.760000 -11.865008 -17.186855 -18.365133 -16.252491 -11.865068 -12.204604 -11.625898 -15.737953 -15.624369 -14.023949 -inf nan nan
48.800000 -12.031574 -17.444240 -18.632733 -16.489843 -12.031631 -12.376313 -11.781824 -15.925581 -15.780487 -14.183287 -inf nan nan
48.840000 -12.143089 -17.644828 -18.846100 -16.705049 -12.143145 -12.494535 -11.880853 -16.045268 -15.877595 -14.283261 -inf nan nan
48.880000 -12.293517 -17.883930 -19.101486 -16.953552 -12.293571 -12.640312 -12.017474 -16.207071 -16.009900 -14.420187 -inf nan nan
48.920000 -12.448739 -18.124275 -19.399480 -17.216765 -12.448792 -12.792942 -12.154418 -16.365659 -16.144444 -14.558851 -inf nan nan
48.960000 -12.583925 -18.343143 -19.681742 -17.467101 -12.583978 -12.930096 -12.277757 -16.503663 -16.258436 -14.685325 -inf nan nan
49.000000 -12.781265 -18.623509 -20.021102 -17.781423 -12.781318 -13.131983 -12.458337 -16.700785 -16.440611 -14.864087 -inf nan nan
49.040000 -12.902368 -18.827757 -20.258587 -18.019524 -12.902422 -13.255229 -12.560734 -16.815314 -16.565128 -14.960514 -inf nan nan
49.080000 -13.070887 -19.079090 -20.527983 -18.311255 -13.070941 -13.437266 -12.711846 -16.981862 -16.729847 -15.111002 -inf nan nan
49.120000 -13.246627 -19.334697 -20.803451 -18.603297 -13.246682 -13.625712 -12.868449 -17.145667 -16.881395 -15.252545 -inf nan nan
49.160000 -13.393561 -19.563454 -21.057199 -18.845620 -13.393616 -13.789239 -13.006793 -17.289972 -17.017332 -15.378744 -inf nan nan
49.200000 -13.617295 -19.867480 -21.384076 -19.133777 -13.617353 -14.038889 -13.215969 -17.495415 -17.271796 -15.585431 -inf nan nan
49.240000 -13.748399 -20.081323 -21.615236 -19.336009 -13.748458 -14.180722 -13.356601 -17.620276 -17.389688 -15.698483 -inf nan nan
49.280000 -13.937091 -20.348755 -21.905224 -19.643335 -13.937152 -14.376865 -13.566839 -17.791609 -17.556240 -15.870011 -inf nan nan
49.320000 -14.140432 -20.631757 -22.215847 -19.980416 -14.140494 -14.591460 -13.764495 -17.985687 -17.745315 -16.063939 -inf nan nan
49.360000 -14.311236 -20.878847 -22.497140 -20.279273 -14.311300 -14.788495 -13.926517 -18.143083 -17.895957 -16.226237 -inf nan nan
49.400000 -14.596781 -21.236568 -22.882622 -20.655796 -14.596847 -15.095246 -14.232567 -18.412834 -18.165276 -16.492037 -inf nan nan
49.440000 -14.754066 -21.461126 -23.139147 -20.894296 -14.754133 -15.265175 -14.385894 -18.565004 -18.306329 -16.627941 -inf nan nan
49.480000 -15.003119 -21.768489 -23.488471 -21.226268 -15.003188 -15.527433 -14.611009 -18.799887 -18.602457 -16.832459 -inf nan nan
49.520000 -15.293488 -22.110393 -23.862027 -21.585950 -15.293558 -15.868468 -14.893689 -19.086869 -18.963349 -17.115869 -inf nan nan
49.560000 -15.509403 -22.374616 -24.136734 -21.872340 -15.509476 -16.129381 -15.096564 -19.284372 -19.233640 -17.337102 -inf nan nan
49.600000 -15.958016 -22.866246 -24.635604 -22.374307 -15.958090 -16.631942 -15.522155 -19.727165 -19.791024 -17.785991 -inf nan nan
