#Quasar bolometric luminosity function in different peak halo mass bins from TRINITY PaperIII (Fig. 6, Zhang+2024, MNRAS, 529, 2777)
#z: 3.00
#log10(Lbol [erg/s])(0) log10(QLF_total [Mpc^-3 dex^-1])(1) log10(QLF(11<logMpeak<12) [Mpc^-3 dex^-1])(2) log10(QLF(11<logMpeak<12)_16th [Mpc^-3 dex^-1])(3) log10(QLF(11<logMpeak<12)_84th [Mpc^-3 dex^-1])(4)
#log10(QLF(12<logMpeak<13) [Mpc^-3 dex^-1])(5) log10(QLF(12<logMpeak<13)_16th [Mpc^-3 dex^-1])(6) log10(QLF(12<logMpeak<13)_84th [Mpc^-3 dex^-1])(7)
#log10(QLF(13<logMpeak<14) [Mpc^-3 dex^-1])(8) log10(QLF(13<logMpeak<14)_16th [Mpc^-3 dex^-1])(9) log10(QLF(13<logMpeak<14)_84th [Mpc^-3 dex^-1])(10)
#log10(QLF(14<logMpeak<15) [Mpc^-3 dex^-1])(11) log10(QLF(14<logMpeak<15)_16th [Mpc^-3 dex^-1])(12) log10(QLF(14<logMpeak<15)_84th [Mpc^-3 dex^-1])(13)
40.000000 -4.986957 -5.721186 -6.068980 -5.477629 -5.080543 -5.569124 -5.065501 -7.011739 -7.535013 -7.105292 -10.504031 -11.034287 -10.635946
40.040000 -4.975909 -5.710064 -6.052127 -5.463029 -5.069511 -5.554064 -5.054980 -7.000707 -7.519744 -7.093246 -10.493018 -11.018167 -10.621917
40.080000 -4.965135 -5.699154 -6.035555 -5.448708 -5.058768 -5.539293 -5.044747 -6.989963 -7.505819 -7.081488 -10.482298 -11.002339 -10.608192
40.120000 -4.954285 -5.688242 -6.018888 -5.434349 -5.047932 -5.524430 -5.034422 -6.979129 -7.491866 -7.069640 -10.471488 -10.986057 -10.594386
40.160000 -4.943370 -5.677187 -6.002164 -5.419812 -5.037049 -5.509520 -5.024595 -6.968246 -7.477864 -7.057743 -10.460633 -10.969665 -10.582088
40.200000 -4.932723 -5.666450 -5.985708 -5.408205 -5.026422 -5.494866 -5.015498 -6.957619 -7.464116 -7.046102 -10.450036 -10.953533 -10.570852
40.240000 -4.921653 -5.655250 -5.968824 -5.398139 -5.015382 -5.479801 -5.005989 -6.946580 -7.449960 -7.034048 -10.439029 -10.936995 -10.559233
40.280000 -4.910859 -5.644324 -5.952207 -5.388715 -5.004618 -5.465009 -4.996755 -6.935815 -7.436077 -7.022270 -10.428300 -10.923146 -10.548711
40.320000 -4.899928 -5.633272 -5.935444 -5.377947 -4.993714 -5.450079 -4.987382 -6.924911 -7.422054 -7.010354 -10.417436 -10.909438 -10.538054
40.360000 -4.888878 -5.622052 -5.918568 -5.367277 -4.982702 -5.435041 -4.977900 -6.913901 -7.407928 -6.998329 -10.406468 -10.895622 -10.526206
40.400000 -4.878102 -5.611153 -5.901962 -5.356914 -4.971954 -5.420269 -4.968232 -6.903154 -7.394065 -6.986444 -10.395768 -10.882069 -10.509487
40.440000 -4.866684 -5.599542 -5.884696 -5.345921 -4.960580 -5.404870 -4.955076 -6.891779 -7.379574 -6.973859 -10.384446 -10.867891 -10.492156
40.480000 -4.855560 -5.588252 -5.867727 -5.335214 -4.949494 -5.389559 -4.942208 -6.880695 -7.365377 -6.961562 -10.373416 -10.854002 -10.475782
40.520000 -4.844178 -5.576642 -5.850722 -5.324261 -4.938163 -5.372712 -4.929097 -6.869364 -7.350933 -6.949021 -10.362148 -10.839868 -10.463535
40.560000 -4.832566 -5.564804 -5.833595 -5.313131 -4.926603 -5.355576 -4.916132 -6.857805 -7.336260 -6.936251 -10.350657 -10.825506 -10.451274
40.600000 -4.821256 -5.553238 -5.816723 -5.302762 -4.915351 -5.338747 -4.904767 -6.846555 -7.321900 -6.923789 -10.339479 -10.811453 -10.439639
40.640000 -4.808886 -5.540589 -5.798795 -5.291273 -4.903045 -5.320864 -4.892348 -6.834248 -7.306485 -6.910273 -10.327255 -10.796345 -10.425703
40.680000 -4.796859 -5.528254 -5.781187 -5.280143 -4.891088 -5.303332 -4.880280 -6.822291 -7.291418 -6.897107 -10.315387 -10.781588 -10.411113
40.720000 -4.784184 -5.515271 -5.762910 -5.268323 -4.878483 -5.285152 -4.867804 -6.809689 -7.275710 -6.883016 -10.302881 -10.766185 -10.395888
40.760000 -4.770926 -5.501643 -5.744055 -5.255917 -4.865310 -5.266403 -4.855039 -6.796516 -7.259432 -6.868302 -10.289816 -10.750213 -10.380107
40.800000 -4.758061 -5.488444 -5.725521 -5.243873 -4.852521 -5.248042 -4.842659 -6.783729 -7.243539 -6.854486 -10.277145 -10.734630 -10.366842
40.840000 -4.742413 -5.472311 -5.704548 -5.229046 -4.836984 -5.227168 -4.827532 -6.768194 -7.224902 -6.838518 -10.261736 -10.716295 -10.346622
40.880000 -4.727310 -5.456769 -5.684618 -5.214729 -4.821981 -5.208005 -4.812940 -6.753190 -7.206800 -6.824924 -10.246873 -10.698499 -10.327515
40.920000 -4.709839 -5.438757 -5.662261 -5.198039 -4.804634 -5.186499 -4.796007 -6.735847 -7.186356 -6.809006 -10.229681 -10.678360 -10.306730
40.960000 -4.690294 -5.418631 -5.637749 -5.179214 -4.785223 -5.162928 -4.777011 -6.716438 -7.163853 -6.788421 -10.210440 -10.656159 -10.285282
41.000000 -4.671592 -5.399373 -5.614103 -5.160550 -4.766649 -5.140193 -4.758855 -6.697865 -7.142188 -6.767847 -10.192051 -10.634796 -10.266189
41.040000 -4.649367 -5.376385 -5.586769 -5.133164 -4.744600 -5.113983 -4.737223 -6.675819 -7.117047 -6.746293 -10.170203 -10.609959 -10.243655
41.080000 -4.628224 -5.354687 -5.560586 -5.110984 -4.723585 -5.088807 -4.716435 -6.654806 -7.092947 -6.725810 -10.149408 -10.586160 -10.222195
41.120000 -4.612217 -5.337752 -5.539311 -5.093998 -4.707792 -5.068854 -4.700109 -6.639014 -7.074070 -6.710548 -10.133856 -10.567585 -10.205999
41.160000 -4.600826 -5.325739 -5.522714 -5.082418 -4.696545 -5.053388 -4.689510 -6.627772 -7.059741 -6.699953 -10.122874 -10.553560 -10.194395
41.200000 -4.589725 -5.313522 -5.506215 -5.071498 -4.685704 -5.038299 -4.679060 -6.616934 -7.045824 -6.689867 -10.112321 -10.539942 -10.183243
41.240000 -4.582124 -5.305020 -5.493413 -5.064151 -4.678313 -5.026660 -4.671686 -6.609545 -7.035360 -6.683231 -10.105245 -10.529777 -10.175604
41.280000 -4.574654 -5.296423 -5.481752 -5.056987 -4.671106 -5.015205 -4.664500 -6.602343 -7.025079 -6.676778 -10.098381 -10.519801 -10.168448
41.320000 -4.567160 -5.287652 -5.470376 -5.049707 -4.663912 -5.003764 -4.657331 -6.595153 -7.014386 -6.670341 -10.091564 -10.509840 -10.158712
41.360000 -4.559646 -5.279067 -5.458430 -5.042428 -4.656650 -4.992254 -4.650098 -6.587895 -7.001802 -6.663836 -10.084712 -10.500054 -10.148641
41.400000 -4.552260 -5.270045 -5.446948 -5.035228 -4.649651 -4.980498 -4.643131 -6.580902 -6.989479 -6.657592 -10.078161 -10.490585 -10.138933
41.440000 -4.544220 -5.260922 -5.434147 -5.027347 -4.641868 -4.967727 -4.635385 -6.573123 -6.976375 -6.650566 -10.070866 -10.480333 -10.128544
41.480000 -4.536325 -5.251066 -5.421771 -5.019589 -4.634440 -4.955310 -4.627999 -6.565700 -6.963628 -6.643896 -10.063970 -10.470440 -10.118626
41.520000 -4.528202 -5.241624 -5.408710 -5.011539 -4.626632 -4.942515 -4.620238 -6.557899 -6.950502 -6.636845 -10.056743 -10.460171 -10.108449
41.560000 -4.519865 -5.231070 -5.395528 -5.002162 -4.618829 -4.929725 -4.612489 -6.550103 -6.937385 -6.629217 -10.049573 -10.449911 -10.098411
41.600000 -4.511686 -5.220961 -5.382307 -4.986887 -4.611117 -4.917026 -4.604836 -6.542398 -6.924358 -6.621028 -10.042551 -10.439745 -10.088603
41.640000 -4.502784 -5.209894 -5.368152 -4.971460 -4.602742 -4.903619 -4.596950 -6.534032 -6.910315 -6.610272 -10.034927 -10.428921 -10.078286
41.680000 -4.494061 -5.198507 -5.354136 -4.952899 -4.594672 -4.890477 -4.587680 -6.525969 -6.896498 -6.599820 -10.027673 -10.418137 -10.070587
41.720000 -4.485073 -5.187435 -5.339512 -4.934866 -4.586198 -4.876932 -4.577839 -6.517505 -6.882279 -6.588968 -10.020088 -10.409553 -10.063293
41.760000 -4.475840 -5.174939 -5.324580 -4.917155 -4.577777 -4.863737 -4.568050 -6.509096 -6.868117 -6.578168 -10.012634 -10.398998 -10.056349
41.800000 -4.466800 -5.163670 -5.309225 -4.903882 -4.569295 -4.851514 -4.558202 -6.500625 -6.853896 -6.567306 -10.005202 -10.386768 -10.049663
41.840000 -4.456988 -5.149985 -5.293420 -4.890604 -4.560463 -4.838937 -4.548003 -6.491805 -6.839326 -6.556095 -9.997510 -10.374210 -10.042958
41.880000 -4.447393 -5.137512 -5.276883 -4.876631 -4.551603 -4.826336 -4.537778 -6.482960 -6.824734 -6.544859 -9.989888 -10.361734 -10.036570
41.920000 -4.437423 -5.123366 -5.260701 -4.856343 -4.542710 -4.813700 -4.530515 -6.474081 -6.810113 -6.533587 -9.982337 -10.350642 -10.030520
41.960000 -4.427109 -5.108987 -5.243049 -4.831194 -4.533457 -4.800705 -4.523144 -6.464846 -6.795136 -6.521959 -9.974540 -10.339753 -10.024480
42.000000 -4.417034 -5.094844 -5.226231 -4.806375 -4.524457 -4.787964 -4.516027 -6.455865 -6.782909 -6.510586 -9.967116 -10.327896 -10.019102
42.040000 -4.406085 -5.078636 -5.206297 -4.781807 -4.514917 -4.774685 -4.508365 -6.446344 -6.770995 -6.498670 -9.959282 -10.315522 -10.014270
42.080000 -4.395406 -5.063857 -5.185117 -4.762358 -4.505351 -4.761380 -4.500677 -6.436804 -6.759056 -6.486734 -9.951563 -10.303668 -10.019199
42.120000 -4.384411 -5.046683 -5.164617 -4.743468 -4.496058 -4.748552 -4.491349 -6.427537 -6.747390 -6.475074 -9.944265 -10.292193 -10.019522
42.160000 -4.373131 -5.030915 -5.146743 -4.723840 -4.486035 -4.735345 -4.480275 -6.417548 -6.734996 -6.462688 -9.936401 -10.280007 -10.012654
42.200000 -4.362137 -5.012783 -5.128888 -4.705729 -4.477074 -4.723055 -4.470269 -6.408620 -6.721452 -6.451361 -9.929764 -10.268891 -10.007275
42.240000 -4.350327 -4.995303 -5.112214 -4.685138 -4.466909 -4.709533 -4.459088 -6.398505 -6.705680 -6.438935 -9.922118 -10.256604 -10.001168
42.280000 -4.338829 -4.976430 -5.088878 -4.663796 -4.457594 -4.696953 -4.448769 -6.389239 -6.690772 -6.427484 -9.915509 -10.245175 -9.994214
42.320000 -4.326992 -4.957142 -5.060240 -4.640957 -4.448012 -4.684108 -4.438209 -6.379728 -6.675633 -6.415783 -9.908854 -10.233515 -9.987698
42.360000 -4.314849 -4.937984 -5.028591 -4.616254 -4.438038 -4.670889 -4.427045 -6.369837 -6.660131 -6.403705 -9.902032 -10.221495 -9.984309
42.400000 -4.303037 -4.917241 -5.002252 -4.593733 -4.429054 -4.658621 -4.416600 -6.360941 -6.645642 -6.392615 -9.896429 -10.210486 -9.977385
42.440000 -4.290248 -4.897540 -4.977120 -4.568913 -4.418507 -4.644396 -4.403970 -6.350534 -6.629659 -6.381124 -9.889549 -10.197939 -9.969085
42.480000 -4.277824 -4.875331 -4.952363 -4.546658 -4.409340 -4.631298 -4.391897 -6.341483 -6.615055 -6.371852 -9.884278 -10.188558 -9.962289
42.520000 -4.264980 -4.855302 -4.924894 -4.522620 -4.398949 -4.617098 -4.379602 -6.331327 -6.599366 -6.361467 -9.878162 -10.179363 -9.954543
42.560000 -4.251762 -4.831564 -4.899728 -4.498799 -4.389426 -4.603644 -4.368286 -6.321965 -6.584494 -6.352649 -9.873114 -10.171112 -9.948698
42.600000 -4.238934 -4.810635 -4.874545 -4.475885 -4.379523 -4.589976 -4.357553 -6.312440 -6.569486 -6.343709 -9.868193 -10.162862 -9.940462
42.640000 -4.224770 -4.786277 -4.847905 -4.451363 -4.369151 -4.577614 -4.346013 -6.302404 -6.553994 -6.333156 -9.863063 -10.168574 -9.930956
42.680000 -4.211053 -4.762797 -4.824234 -4.428583 -4.359179 -4.569331 -4.334627 -6.292907 -6.539069 -6.321438 -9.858784 -10.157536 -9.922452
42.720000 -4.196924 -4.739851 -4.798743 -4.405645 -4.348533 -4.554557 -4.325908 -6.282882 -6.524355 -6.307093 -9.854310 -10.146263 -9.914319
42.760000 -4.182434 -4.714529 -4.776119 -4.387141 -4.338463 -4.537758 -4.317927 -6.273384 -6.510586 -6.294680 -9.850699 -10.134852 -9.909095
42.800000 -4.168413 -4.692836 -4.751283 -4.365585 -4.327661 -4.521985 -4.307606 -6.263575 -6.499401 -6.282343 -9.847134 -10.123304 -9.901725
42.840000 -4.153250 -4.666902 -4.726439 -4.346305 -4.317165 -4.505947 -4.296904 -6.253790 -6.489443 -6.270468 -9.843959 -10.115667 -9.894786
42.880000 -4.138600 -4.645172 -4.696395 -4.325920 -4.305662 -4.490498 -4.282970 -6.243811 -6.479270 -6.258794 -9.840968 -10.108870 -9.888080
42.920000 -4.123538 -4.619681 -4.667471 -4.306528 -4.295391 -4.474867 -4.267610 -6.234485 -6.469730 -6.250743 -9.839021 -10.103281 -9.889442
42.960000 -4.108124 -4.597397 -4.637669 -4.288059 -4.283210 -4.458504 -4.257771 -6.224448 -6.459454 -6.242071 -9.836765 -10.096672 -9.887704
43.000000 -4.093239 -4.573668 -4.611219 -4.269384 -4.272609 -4.443773 -4.249012 -6.215718 -6.450461 -6.235028 -9.836229 -10.091923 -9.887050
43.040000 -4.077260 -4.549868 -4.583543 -4.247760 -4.260524 -4.428201 -4.239301 -6.205874 -6.440329 -6.224691 -9.835000 -10.086339 -9.883199
43.080000 -4.061848 -4.528323 -4.558130 -4.228170 -4.248227 -4.411680 -4.227578 -6.196598 -6.430734 -6.215370 -9.834776 -10.081609 -9.879703
43.120000 -4.046205 -4.504607 -4.536169 -4.207385 -4.236806 -4.395392 -4.215657 -6.187498 -6.420928 -6.207044 -9.835160 -10.077349 -9.877404
43.160000 -4.030374 -4.484752 -4.513416 -4.188203 -4.223095 -4.378311 -4.200520 -6.177822 -6.409731 -6.196852 -9.835427 -10.072814 -9.874424
43.200000 -4.015100 -4.462429 -4.494006 -4.169646 -4.211656 -4.363431 -4.189497 -6.168999 -6.399361 -6.186157 -9.836992 -10.075162 -9.872386
43.240000 -3.999114 -4.443750 -4.473327 -4.151754 -4.197117 -4.347372 -4.174324 -6.159592 -6.388377 -6.174999 -9.838444 -10.066051 -9.870515
43.280000 -3.983696 -4.422564 -4.455387 -4.135030 -4.184932 -4.330374 -4.161925 -6.150557 -6.377738 -6.164510 -9.840721 -10.057532 -9.869229
43.320000 -3.968344 -4.405377 -4.432732 -4.118461 -4.170572 -4.315847 -4.147122 -6.142137 -6.367681 -6.157825 -9.844099 -10.051426 -9.869388
43.360000 -3.953071 -4.387071 -4.414143 -4.102355 -4.157001 -4.299276 -4.133119 -6.133834 -6.358433 -6.151438 -9.848047 -10.055788 -9.873717
43.400000 -3.938317 -4.369751 -4.397027 -4.087697 -4.143696 -4.286235 -4.119552 -6.125550 -6.349265 -6.145009 -9.852504 -10.057325 -9.873019
43.440000 -3.923351 -4.354779 -4.382619 -4.073317 -4.128661 -4.271958 -4.104868 -6.117572 -6.340664 -6.138819 -9.857725 -10.059265 -9.873695
43.480000 -3.908884 -4.337931 -4.368621 -4.064029 -4.115555 -4.258572 -4.087623 -6.108942 -6.331395 -6.131314 -9.862777 -10.071884 -9.873960
43.520000 -3.894787 -4.325538 -4.355994 -4.059571 -4.100375 -4.243531 -4.076571 -6.101354 -6.323388 -6.122568 -9.869328 -10.079219 -9.876479
43.560000 -3.881040 -4.310726 -4.344139 -4.051731 -4.087212 -4.227741 -4.062812 -6.092769 -6.314686 -6.112869 -9.875356 -10.085427 -9.878559
43.600000 -3.867715 -4.300102 -4.333450 -4.046186 -4.072221 -4.210200 -4.051227 -6.085507 -6.307349 -6.104536 -9.883159 -10.087218 -9.879259
43.640000 -3.855597 -4.288422 -4.325309 -4.045682 -4.059800 -4.193645 -4.039617 -6.078027 -6.299746 -6.095620 -9.891196 -10.082034 -9.880077
43.680000 -3.843808 -4.279799 -4.317908 -4.046505 -4.046101 -4.175646 -4.026830 -6.071475 -6.292329 -6.087999 -9.900611 -10.083951 -9.881429
43.720000 -3.833029 -4.272260 -4.311099 -4.048718 -4.033395 -4.161204 -4.015092 -6.065678 -6.285614 -6.084169 -9.911203 -10.098605 -9.881448
43.760000 -3.823193 -4.264681 -4.302779 -4.050756 -4.022233 -4.145006 -4.004288 -6.059113 -6.278192 -6.075827 -9.921464 -10.115493 -9.885684
43.800000 -3.813575 -4.260450 -4.297754 -4.051719 -4.009521 -4.133714 -3.993131 -6.054000 -6.272666 -6.069024 -9.933574 -10.127254 -9.888590
43.840000 -3.805230 -4.254944 -4.291056 -4.046670 -3.999572 -4.122000 -3.983611 -6.047697 -6.265816 -6.061100 -9.944901 -10.140945 -9.888237
43.880000 -3.797043 -4.252555 -4.283188 -4.043479 -3.988173 -4.110505 -3.973321 -6.042341 -6.257332 -6.054211 -9.957547 -10.156568 -9.894535
43.920000 -3.789996 -4.249779 -4.272268 -4.041151 -3.978810 -4.097655 -3.961294 -6.036445 -6.248192 -6.046869 -9.970030 -10.170991 -9.900412
43.960000 -3.784039 -4.249763 -4.268325 -4.044959 -3.969693 -4.086164 -3.951997 -6.031583 -6.240020 -6.040751 -9.983889 -10.186702 -9.900894
44.000000 -3.778162 -4.249540 -4.267594 -4.050577 -3.960877 -4.071013 -3.946512 -6.025967 -6.231344 -6.034820 -9.997322 -10.200895 -9.894439
44.040000 -3.774821 -4.252213 -4.274359 -4.057966 -3.954480 -4.059007 -3.941946 -6.021899 -6.225081 -6.031524 -10.012636 -10.197901 -9.891771
44.080000 -3.771505 -4.256611 -4.279748 -4.065846 -3.947330 -4.048632 -3.936025 -6.018384 -6.219297 -6.028840 -10.028787 -10.207150 -9.891493
44.120000 -3.769615 -4.260414 -4.281812 -4.073917 -3.942700 -4.041993 -3.930385 -6.013555 -6.212631 -6.024938 -10.043901 -10.227067 -9.895913
44.160000 -3.769131 -4.268710 -4.291270 -4.086429 -3.938066 -4.041627 -3.928193 -6.011519 -6.210220 -6.021287 -10.062089 -10.250403 -9.906179
44.200000 -3.768648 -4.275375 -4.299297 -4.096771 -3.934317 -4.032317 -3.923947 -6.007283 -6.204887 -6.019309 -10.078265 -10.271414 -9.914610
44.240000 -3.771057 -4.286058 -4.310079 -4.118374 -3.933041 -4.029132 -3.922342 -6.005409 -6.199481 -6.019341 -10.097095 -10.294995 -9.920865
44.280000 -3.773479 -4.297256 -4.317017 -4.134713 -3.931665 -4.031833 -3.922455 -6.003205 -6.193478 -6.018613 -10.115690 -10.318326 -9.921646
44.320000 -3.777355 -4.309260 -4.325271 -4.159928 -3.932141 -4.032652 -3.924168 -6.000448 -6.187071 -6.014401 -10.134066 -10.340525 -9.921719
44.360000 -3.782725 -4.324637 -4.337751 -4.179821 -3.933429 -4.032883 -3.929670 -6.000018 -6.183345 -6.011420 -10.154710 -10.359806 -9.929329
44.400000 -3.788162 -4.338589 -4.364785 -4.193578 -3.935527 -4.033000 -3.931749 -5.996886 -6.178419 -6.005717 -10.173109 -10.376673 -9.930845
44.440000 -3.796406 -4.358184 -4.382355 -4.212523 -3.939427 -4.038897 -3.936126 -5.997926 -6.175423 -6.004878 -10.195663 -10.397743 -9.940086
44.480000 -3.804809 -4.375932 -4.410696 -4.237833 -3.944406 -4.046682 -3.939907 -5.996383 -6.170514 -6.002799 -10.215767 -10.421263 -9.947892
44.520000 -3.814629 -4.397492 -4.434615 -4.268114 -3.950043 -4.055175 -3.947503 -5.996774 -6.167832 -6.001075 -10.238106 -10.447185 -9.958669
44.560000 -3.825961 -4.420340 -4.457752 -4.299793 -3.957428 -4.061568 -3.958305 -5.997988 -6.164656 -6.001544 -10.260963 -10.473507 -9.970190
44.600000 -3.837596 -4.443070 -4.479922 -4.319460 -3.965423 -4.067064 -3.962821 -5.997026 -6.160510 -5.998701 -10.282279 -10.498024 -9.977529
44.640000 -3.851821 -4.470429 -4.510160 -4.344118 -3.975465 -4.079513 -3.971589 -6.000190 -6.159443 -6.000263 -10.307066 -10.524680 -9.987740
44.680000 -3.866526 -4.496421 -4.543036 -4.366236 -3.986762 -4.093699 -3.982341 -5.999989 -6.155491 -6.000057 -10.329481 -10.548611 -9.995840
44.720000 -3.882377 -4.526546 -4.575542 -4.392391 -3.998412 -4.109711 -3.996486 -6.003473 -6.154655 -6.001069 -10.354450 -10.575861 -10.006833
44.760000 -3.899482 -4.555939 -4.606100 -4.418055 -4.012106 -4.124464 -4.009031 -6.004001 -6.151147 -6.002947 -10.377919 -10.601486 -10.016564
44.800000 -3.917289 -4.588985 -4.646185 -4.451783 -4.025808 -4.138509 -4.024023 -6.006790 -6.150951 -6.010203 -10.403187 -10.628803 -10.028048
44.840000 -3.936353 -4.621963 -4.682808 -4.488831 -4.041319 -4.154381 -4.040488 -6.009266 -6.151247 -6.014083 -10.427761 -10.655334 -10.039133
44.880000 -3.956293 -4.657284 -4.715956 -4.526978 -4.057506 -4.170109 -4.058270 -6.011083 -6.151014 -6.012683 -10.452810 -10.682213 -10.051012
44.920000 -3.977246 -4.694356 -4.755290 -4.566742 -4.074682 -4.187901 -4.077663 -6.015870 -6.153100 -6.016126 -10.478805 -10.709956 -10.064280
44.960000 -3.999319 -4.731561 -4.795003 -4.606173 -4.093442 -4.201674 -4.093909 -6.017023 -6.151224 -6.019197 -10.503299 -10.734832 -10.076258
45.000000 -4.022574 -4.772288 -4.839364 -4.648850 -4.112981 -4.217802 -4.114855 -6.023169 -6.154651 -6.023595 -10.530065 -10.757726 -10.091084
45.040000 -4.046536 -4.812025 -4.882642 -4.690122 -4.133845 -4.237305 -4.134154 -6.024587 -6.155381 -6.023740 -10.554774 -10.779553 -10.102502
45.080000 -4.071898 -4.856052 -4.929550 -4.734453 -4.155627 -4.261125 -4.156318 -6.031720 -6.157649 -6.028732 -10.581804 -10.802320 -10.118197
45.120000 -4.098041 -4.899338 -4.975600 -4.778238 -4.178749 -4.284995 -4.178480 -6.034539 -6.164577 -6.029466 -10.607394 -10.824749 -10.132994
45.160000 -4.125014 -4.945823 -5.024126 -4.823797 -4.202422 -4.311597 -4.201939 -6.039293 -6.165697 -6.031561 -10.634066 -10.846778 -10.149543
45.200000 -4.153775 -4.993334 -5.073893 -4.870845 -4.228195 -4.338789 -4.227624 -6.046914 -6.176746 -6.036242 -10.661039 -10.868871 -10.166583
45.240000 -4.182221 -5.041573 -5.123402 -4.917182 -4.253720 -4.363419 -4.252673 -6.050255 -6.180270 -6.038515 -10.686679 -10.891367 -10.182164
45.280000 -4.212661 -5.092475 -5.177139 -4.966395 -4.281236 -4.390879 -4.281585 -6.060925 -6.194161 -6.045236 -10.714053 -10.913281 -10.200460
45.320000 -4.243808 -5.143706 -5.230864 -5.015109 -4.309803 -4.417483 -4.308951 -6.066175 -6.205546 -6.049528 -10.740003 -10.935470 -10.216287
45.360000 -4.275653 -5.197129 -5.284861 -5.068470 -4.338934 -4.445954 -4.338575 -6.077766 -6.218623 -6.057352 -10.766694 -10.956345 -10.234705
45.400000 -4.310018 -5.252397 -5.340105 -5.121799 -4.370958 -4.476291 -4.370451 -6.086476 -6.233945 -6.058943 -10.794187 -10.980560 -10.252330
45.440000 -4.342867 -5.308323 -5.395966 -5.171785 -4.401270 -4.505510 -4.400741 -6.098612 -6.247840 -6.064392 -10.819705 -11.001125 -10.270425
45.480000 -4.378404 -5.366144 -5.458672 -5.224828 -4.434631 -4.537426 -4.435011 -6.109534 -6.261483 -6.075436 -10.846321 -11.025466 -10.288046
45.520000 -4.414498 -5.426376 -5.524187 -5.278373 -4.468512 -4.569578 -4.469329 -6.121225 -6.279830 -6.085744 -10.873486 -11.048295 -10.307493
45.560000 -4.451023 -5.486438 -5.588046 -5.333463 -4.502988 -4.602869 -4.505517 -6.137090 -6.291925 -6.100810 -10.898744 -11.071425 -10.325172
45.600000 -4.490903 -5.551389 -5.653019 -5.391759 -4.540945 -4.640801 -4.544497 -6.151714 -6.308758 -6.114287 -10.927720 -11.098026 -10.344085
45.640000 -4.528104 -5.613675 -5.716982 -5.448160 -4.576238 -4.675534 -4.580180 -6.170245 -6.326919 -6.131883 -10.952181 -11.119666 -10.363490
45.680000 -4.568793 -5.680361 -5.784181 -5.508565 -4.615232 -4.713653 -4.619962 -6.187396 -6.344738 -6.145553 -10.979855 -11.147727 -10.381363
45.720000 -4.609837 -5.748013 -5.854125 -5.569194 -4.654564 -4.751798 -4.658826 -6.209940 -6.367393 -6.161460 -11.006629 -11.172607 -10.403667
45.760000 -4.650929 -5.816367 -5.923327 -5.631035 -4.694146 -4.789460 -4.697137 -6.229378 -6.391655 -6.179101 -11.033184 -11.200489 -10.421094
45.800000 -4.696320 -5.890735 -5.999057 -5.697100 -4.737965 -4.830966 -4.740059 -6.256602 -6.419685 -6.199148 -11.062974 -11.229965 -10.446601
45.840000 -4.737587 -5.960973 -6.071067 -5.760074 -4.777868 -4.867809 -4.778764 -6.278321 -6.446178 -6.220121 -11.087176 -11.257238 -10.464068
45.880000 -4.783192 -6.037454 -6.148741 -5.828046 -4.822164 -4.910164 -4.821525 -6.304012 -6.476030 -6.240289 -11.117572 -11.287483 -10.488022
45.920000 -4.828994 -6.114018 -6.223474 -5.899361 -4.866692 -4.950106 -4.864340 -6.333947 -6.507095 -6.265448 -11.144313 -11.317149 -10.510919
45.960000 -4.874472 -6.192657 -6.302110 -5.972394 -4.911022 -4.991196 -4.906569 -6.360581 -6.537732 -6.288968 -11.174215 -11.346997 -10.531968
46.000000 -4.925275 -6.276617 -6.388171 -6.052133 -4.960665 -5.038531 -4.954678 -6.397324 -6.573958 -6.327996 -11.206475 -11.379897 -10.563699
46.040000 -4.970277 -6.356723 -6.469113 -6.127178 -5.004645 -5.082171 -4.996862 -6.426076 -6.604999 -6.358911 -11.234641 -11.410672 -10.593094
46.080000 -5.020487 -6.442848 -6.557167 -6.208231 -5.053840 -5.132113 -5.044496 -6.462863 -6.640531 -6.395702 -11.267033 -11.443052 -10.623179
46.120000 -5.070692 -6.530785 -6.646186 -6.291409 -5.103131 -5.181292 -5.092068 -6.498911 -6.677702 -6.430178 -11.299923 -11.479087 -10.656561
46.160000 -5.120092 -6.619737 -6.736582 -6.373226 -5.151635 -5.225970 -5.139305 -6.535695 -6.713001 -6.460687 -11.332204 -11.511035 -10.683573
46.200000 -5.175841 -6.715898 -6.834223 -6.458514 -5.206586 -5.279093 -5.192368 -6.579155 -6.758419 -6.498752 -11.369236 -11.549847 -10.717819
46.240000 -5.224168 -6.806898 -6.926819 -6.538303 -5.254199 -5.324582 -5.239095 -6.614863 -6.800190 -6.529907 -11.402830 -11.580260 -10.740521
46.280000 -5.278554 -6.905062 -7.037731 -6.624569 -5.307859 -5.377140 -5.292071 -6.659253 -6.847581 -6.568432 -11.438538 -11.617496 -10.773885
46.320000 -5.332676 -7.005828 -7.141592 -6.712603 -5.361364 -5.426363 -5.344789 -6.702296 -6.895528 -6.610203 -11.478860 -11.655417 -10.801878
46.360000 -5.385399 -7.105903 -7.244451 -6.800015 -5.413473 -5.477134 -5.395619 -6.746277 -6.941333 -6.652163 -11.515469 -11.690636 -10.840660
46.400000 -5.445419 -7.215741 -7.357131 -6.901999 -5.472968 -5.534890 -5.453091 -6.797122 -6.994731 -6.702024 -11.561391 -11.736778 -10.881103
46.440000 -5.496418 -7.318288 -7.467331 -6.997513 -5.523477 -5.583771 -5.503891 -6.839993 -7.037426 -6.743207 -11.598443 -11.770723 -10.917828
46.480000 -5.554212 -7.430381 -7.588708 -7.104278 -5.580831 -5.639965 -5.558131 -6.890024 -7.090195 -6.792691 -11.642662 -11.816200 -10.958876
46.520000 -5.611583 -7.543897 -7.707603 -7.212285 -5.637830 -5.695106 -5.611627 -6.939866 -7.140110 -6.841599 -11.687696 -11.858977 -10.995798
46.560000 -5.667104 -7.657330 -7.823449 -7.321497 -5.693019 -5.750519 -5.663530 -6.988606 -7.185066 -6.889778 -11.729632 -11.901356 -11.034291
46.600000 -5.730779 -7.781469 -7.955921 -7.440337 -5.756444 -5.813332 -5.724617 -7.045186 -7.237344 -6.945918 -11.783317 -11.947879 -11.080234
46.640000 -5.784064 -7.897712 -8.079680 -7.552411 -5.809482 -5.865476 -5.774611 -7.092542 -7.279677 -6.990859 -11.824201 -11.986641 -11.116601
46.680000 -5.844812 -8.024244 -8.214229 -7.674639 -5.870062 -5.923152 -5.831323 -7.146999 -7.333134 -7.042385 -11.875905 -12.030405 -11.162965
46.720000 -5.905027 -8.151455 -8.353625 -7.800920 -5.930136 -5.980346 -5.886395 -7.201683 -7.389431 -7.095479 -11.926005 -12.077763 -11.206664
46.760000 -5.963009 -8.279431 -8.490524 -7.926729 -5.988035 -6.038718 -5.939126 -7.253995 -7.443566 -7.148124 -11.974998 -12.120852 -11.252869
46.800000 -6.029942 -8.418682 -8.639023 -8.067884 -6.054934 -6.103141 -6.002657 -7.315325 -7.505895 -7.205907 -12.033267 -12.174368 -11.305546
46.840000 -6.085344 -8.549989 -8.771272 -8.201559 -6.110327 -6.156368 -6.055638 -7.365423 -7.552153 -7.253910 -12.080185 -12.216419 -11.349493
46.880000 -6.148860 -8.690525 -8.923207 -8.345391 -6.173915 -6.219859 -6.117451 -7.423066 -7.604609 -7.312464 -12.135798 -12.266171 -11.400282
46.920000 -6.211817 -8.833223 -9.086697 -8.485672 -6.236962 -6.283849 -6.179561 -7.480528 -7.656295 -7.365709 -12.190316 -12.316494 -11.452111
46.960000 -6.272267 -8.975987 -9.242965 -8.622178 -6.297573 -6.343348 -6.238396 -7.534875 -7.704852 -7.415847 -12.243673 -12.363200 -11.501070
47.000000 -6.342513 -9.132037 -9.412253 -8.773410 -6.368006 -6.413030 -6.306233 -7.599124 -7.762655 -7.475792 -12.305830 -12.423042 -11.560063
47.040000 -6.400183 -9.277737 -9.572132 -8.916673 -6.425922 -6.470070 -6.358965 -7.650312 -7.807447 -7.521390 -12.356390 -12.467383 -11.607249
47.080000 -6.466700 -9.433436 -9.738678 -9.073674 -6.492730 -6.537157 -6.421245 -7.710107 -7.860170 -7.573822 -12.415070 -12.518302 -11.662204
47.120000 -6.532720 -9.592271 -9.899308 -9.231861 -6.559095 -6.603867 -6.482759 -7.768910 -7.914829 -7.625837 -12.473413 -12.569316 -11.717964
47.160000 -6.596042 -9.750732 -10.050492 -9.389316 -6.622821 -6.668025 -6.541705 -7.824485 -7.972528 -7.674778 -12.528485 -12.615765 -11.767359
47.200000 -6.670199 -9.924005 -10.214858 -9.562399 -6.697428 -6.742552 -6.611971 -7.890513 -8.038894 -7.735108 -12.594313 -12.672851 -11.826736
47.240000 -6.730675 -10.083282 -10.373974 -9.725097 -6.758436 -6.803740 -6.668312 -7.941972 -8.081964 -7.783772 -12.645716 -12.715212 -11.871237
47.280000 -6.800956 -10.256061 -10.553463 -9.896183 -6.829304 -6.874960 -6.736576 -8.002742 -8.138576 -7.844270 -12.706404 -12.767064 -11.926055
47.320000 -6.870871 -10.430648 -10.733495 -10.066808 -6.899878 -6.946009 -6.804275 -8.062436 -8.193396 -7.897058 -12.766301 -12.817447 -11.982647
47.360000 -6.937887 -10.606505 -10.915428 -10.239937 -6.967631 -7.014577 -6.868324 -8.118470 -8.244997 -7.949826 -12.822325 -12.864239 -12.036464
47.400000 -7.017164 -10.795170 -11.119397 -10.414557 -7.047723 -7.095497 -6.943984 -8.186080 -8.308077 -8.010352 -12.890165 -12.922522 -12.101735
47.440000 -7.081252 -10.970082 -11.312259 -10.576268 -7.112708 -7.161791 -7.007841 -8.237784 -8.355424 -8.050811 -12.941526 -12.964258 -12.151874
47.480000 -7.156462 -11.159727 -11.518265 -10.752777 -7.188920 -7.239293 -7.084302 -8.299655 -8.413217 -8.107454 -13.003449 -13.016835 -12.219786
47.520000 -7.231455 -11.351720 -11.728010 -10.929953 -7.264985 -7.316938 -7.160709 -8.360919 -8.470413 -8.164271 -13.063761 -13.066995 -12.279262
47.560000 -7.303188 -11.543490 -11.935136 -11.106378 -7.337937 -7.391453 -7.233659 -8.417622 -8.524745 -8.218167 -13.120069 -13.113945 -12.333113
47.600000 -7.389160 -11.748013 -12.160902 -11.300358 -7.425193 -7.480526 -7.319839 -8.488385 -8.592394 -8.282702 -13.189402 -13.172728 -12.399163
47.640000 -7.457862 -11.939774 -12.373480 -11.479477 -7.495359 -7.553763 -7.389237 -8.540444 -8.644097 -8.330722 -13.240082 -13.213785 -12.447350
47.680000 -7.539514 -12.145990 -12.603008 -11.681416 -7.578539 -7.645339 -7.472043 -8.605459 -8.707606 -8.390270 -13.302822 -13.269745 -12.505236
47.720000 -7.621122 -12.356938 -12.834451 -11.895694 -7.661848 -7.731431 -7.555233 -8.669339 -8.769365 -8.450193 -13.363865 -13.331108 -12.562849
47.760000 -7.698835 -12.561566 -13.062594 -12.098619 -7.741383 -7.812294 -7.635386 -8.728917 -8.827908 -8.505674 -13.420024 -13.386482 -12.614768
47.800000 -7.793551 -12.786309 -13.296382 -12.305013 -7.838050 -7.912007 -7.732452 -8.805101 -8.907393 -8.574248 -13.491662 -13.458273 -12.682730
47.840000 -7.867744 -12.992800 -13.508499 -12.494344 -7.914390 -7.991835 -7.808890 -8.859865 -8.967547 -8.624042 -13.541459 -13.508016 -12.728439
47.880000 -7.957278 -13.218624 -13.765461 -12.698571 -8.006131 -8.088426 -7.900448 -8.930396 -9.040430 -8.687022 -13.605700 -13.570822 -12.787745
47.920000 -8.046949 -13.444588 -14.027883 -12.908623 -8.098322 -8.185570 -7.993447 -8.999457 -9.113499 -8.752235 -13.668091 -13.626617 -12.846222
47.960000 -8.131666 -13.664576 -14.287566 -13.109062 -8.185550 -8.277864 -8.084427 -9.064673 -9.181760 -8.813310 -13.725445 -13.675819 -12.897330
48.000000 -8.237014 -13.909689 -14.558883 -13.353040 -8.293793 -8.391029 -8.196722 -9.148707 -9.268346 -8.895212 -13.800785 -13.743968 -12.968665
48.040000 -8.317384 -14.131296 -14.809745 -13.572318 -8.377050 -8.479332 -8.284629 -9.208951 -9.328982 -8.951978 -13.851473 -13.789223 -13.012114
48.080000 -8.416083 -14.375798 -15.073908 -13.799372 -8.478944 -8.586958 -8.386741 -9.286548 -9.407034 -9.028315 -13.918442 -13.849850 -13.074547
48.120000 -8.515144 -14.615135 -15.332010 -14.018492 -8.581317 -8.694140 -8.488625 -9.364930 -9.487066 -9.105886 -13.985121 -13.912340 -13.134196
48.160000 -8.607666 -14.853861 -15.583977 -14.232993 -8.677376 -8.795808 -8.585358 -9.436556 -9.559244 -9.178094 -14.044664 -13.965133 -13.194156
48.200000 -8.725389 -15.117678 -15.867199 -14.471301 -8.798846 -8.921991 -8.709737 -9.533363 -9.658515 -9.275053 -14.127318 -14.044580 -13.278296
48.240000 -8.812489 -15.357549 -16.135020 -14.680028 -8.889797 -9.018615 -8.801166 -9.600144 -9.726279 -9.341567 -14.180779 -14.099091 -13.333394
48.280000 -8.921553 -15.614060 -16.433710 -14.913220 -9.003133 -9.136749 -8.919141 -9.687919 -9.817441 -9.431043 -14.252502 -14.172009 -13.409372
48.320000 -9.031385 -15.873643 -16.732520 -15.145504 -9.117130 -9.256082 -9.040333 -9.778142 -9.909117 -9.521576 -14.328034 -14.249848 -13.486722
48.360000 -9.132592 -16.127031 -17.031491 -15.371508 -9.223135 -9.372544 -9.150221 -9.858021 -9.992929 -9.604243 -14.390398 -14.313713 -13.555411
48.400000 -9.264788 -16.415058 -17.349535 -15.625407 -9.359939 -9.525531 -9.292114 -9.970880 -10.108083 -9.718483 -14.486896 -14.413081 -13.654245
48.440000 -9.359063 -16.666788 -17.633988 -15.859965 -9.459357 -9.640595 -9.394050 -10.044769 -10.185762 -9.792943 -14.542467 -14.469523 -13.717111
48.480000 -9.479646 -16.938482 -17.947079 -16.111698 -9.585002 -9.779754 -9.519720 -10.146398 -10.290817 -9.890967 -14.625241 -14.553610 -13.803734
48.520000 -9.601580 -17.219608 -18.260916 -16.376700 -9.712546 -9.910645 -9.647380 -10.248492 -10.398796 -9.993016 -14.709374 -14.639024 -13.888684
48.560000 -9.712006 -17.487203 -18.564952 -16.622527 -9.828481 -10.032379 -9.767716 -10.340508 -10.498202 -10.085149 -14.779641 -14.710456 -13.955213
48.600000 -9.860452 -17.802011 -18.905685 -16.919989 -9.982908 -10.194117 -9.923500 -10.470063 -10.637887 -10.213498 -14.891748 -14.823978 -14.057995
48.640000 -9.961985 -18.058116 -19.199952 -17.155519 -10.090618 -10.307781 -10.036163 -10.553165 -10.729524 -10.294041 -14.951276 -14.884344 -14.116738
48.680000 -10.094740 -18.353821 -19.520480 -17.432350 -10.229530 -10.452893 -10.172505 -10.668539 -10.855658 -10.409291 -15.048883 -14.983259 -14.203717
48.720000 -10.229674 -18.649503 -19.831484 -17.705822 -10.371403 -10.597522 -10.313997 -10.784956 -10.981831 -10.530996 -15.140922 -15.075728 -14.294525
48.760000 -10.349387 -18.938890 -20.137647 -17.975304 -10.497628 -10.734501 -10.444215 -10.888236 -11.099656 -10.641268 -15.225314 -15.161099 -14.368524
48.800000 -10.515213 -19.268718 -20.487745 -18.288765 -10.670849 -10.909732 -10.626278 -11.036406 -11.265395 -10.799554 -15.349464 -15.285357 -14.492068
48.840000 -10.624022 -19.539075 -20.794797 -18.537256 -10.786464 -11.029824 -10.738739 -11.129821 -11.375448 -10.898971 -15.421262 -15.357616 -14.557240
48.880000 -10.769548 -19.853177 -21.161796 -18.834039 -10.940124 -11.193972 -10.887525 -11.257937 -11.518123 -11.027023 -15.527748 -15.477086 -14.660218
48.920000 -10.918568 -20.169733 -21.545411 -19.120688 -11.096169 -11.359185 -11.043850 -11.392710 -11.657020 -11.154707 -15.637026 -15.605765 -14.767877
48.960000 -11.047985 -20.475415 -21.902858 -19.405268 -11.234307 -11.511148 -11.182868 -11.505366 -11.775554 -11.263578 -15.730857 -15.713889 -14.854259
49.000000 -11.233174 -20.820355 -22.310426 -19.730887 -11.427214 -11.717045 -11.377369 -11.676507 -11.954010 -11.426262 -15.873745 -15.862502 -15.000629
49.040000 -11.349506 -21.111426 -22.642121 -20.003882 -11.552182 -11.860382 -11.505091 -11.777920 -12.065639 -11.523328 -15.957883 -15.952883 -15.074095
49.080000 -11.508877 -21.437532 -23.017278 -20.309516 -11.720388 -12.046603 -11.673192 -11.922832 -12.227280 -11.659289 -16.073151 -16.096287 -15.192132
49.120000 -11.673648 -21.785133 -23.397351 -20.635084 -11.893834 -12.241858 -11.850660 -12.074126 -12.386304 -11.813996 -16.207415 -16.244800 -15.316249
49.160000 -11.813248 -22.090643 -23.742462 -20.924938 -12.042960 -12.404937 -11.997801 -12.199687 -12.514920 -11.944996 -16.303709 -16.374788 -15.406705
49.200000 -12.020235 -22.470396 -24.171924 -21.281245 -12.258463 -12.631441 -12.216729 -12.394745 -12.712517 -12.145696 -16.479253 -16.565193 -15.575380
49.240000 -12.143981 -22.767998 -24.501395 -21.560652 -12.393070 -12.776975 -12.350949 -12.504057 -12.823842 -12.265682 -16.563274 -16.684286 -15.651149
49.280000 -12.317697 -23.120243 -24.880909 -21.882792 -12.574711 -12.978977 -12.535594 -12.667752 -12.986649 -12.423236 -16.702235 -16.838884 -15.787468
49.320000 -12.499468 -23.482989 -25.263934 -22.232358 -12.768618 -13.182023 -12.728347 -12.834946 -13.168381 -12.579477 -16.849759 -17.017231 -15.926698
49.360000 -12.649464 -23.797662 -25.619431 -22.520669 -12.926686 -13.354362 -12.895053 -12.975728 -13.307849 -12.726989 -16.961099 -17.138022 -16.035603
49.400000 -12.880474 -24.211862 -26.060746 -22.916735 -13.169490 -13.607739 -13.140526 -13.193906 -13.535056 -12.957769 -17.164679 -17.354630 -16.232257
49.440000 -13.012508 -24.514383 -26.389745 -23.194422 -13.310750 -13.766219 -13.279652 -13.316394 -13.660098 -13.082250 -17.254771 -17.452365 -16.318355
49.480000 -13.203147 -24.897091 -26.803722 -23.551145 -13.512557 -13.998553 -13.487259 -13.496007 -13.852929 -13.267217 -17.423945 -17.633359 -16.478585
49.520000 -13.406434 -25.261873 -27.213170 -23.911161 -13.725602 -14.232546 -13.696367 -13.690108 -14.051328 -13.452995 -17.584975 -17.807605 -16.636534
49.560000 -13.569983 -25.605958 -27.604884 -24.229709 -13.898938 -14.445599 -13.879419 -13.844832 -14.231735 -13.614035 -17.729828 -17.960464 -16.761715
49.600000 -13.835422 -26.040590 -28.092095 -24.634327 -14.175987 -14.744937 -14.154657 -14.100277 -14.514474 -13.865657 -17.957569 -18.208215 -17.004288
