#Quasar bolometric luminosity function in different peak halo mass bins from TRINITY PaperIII (Fig. 6, Zhang+2024, MNRAS, 529, 2777)
#z: 2.00
#log10(Lbol [erg/s])(0) log10(QLF_total [Mpc^-3 dex^-1])(1) log10(QLF(11<logMpeak<12) [Mpc^-3 dex^-1])(2) log10(QLF(11<logMpeak<12)_16th [Mpc^-3 dex^-1])(3) log10(QLF(11<logMpeak<12)_84th [Mpc^-3 dex^-1])(4)
#log10(QLF(12<logMpeak<13) [Mpc^-3 dex^-1])(5) log10(QLF(12<logMpeak<13)_16th [Mpc^-3 dex^-1])(6) log10(QLF(12<logMpeak<13)_84th [Mpc^-3 dex^-1])(7)
#log10(QLF(13<logMpeak<14) [Mpc^-3 dex^-1])(8) log10(QLF(13<logMpeak<14)_16th [Mpc^-3 dex^-1])(9) log10(QLF(13<logMpeak<14)_84th [Mpc^-3 dex^-1])(10)
#log10(QLF(14<logMpeak<15) [Mpc^-3 dex^-1])(11) log10(QLF(14<logMpeak<15)_16th [Mpc^-3 dex^-1])(12) log10(QLF(14<logMpeak<15)_84th [Mpc^-3 dex^-1])(13)
40.000000 -4.396318 -5.360018 -5.575795 -5.165768 -4.481288 -4.904375 -4.529449 -5.558715 -5.959800 -5.680563 -8.138057 -8.518350 -8.118701
40.040000 -4.387108 -5.350650 -5.563089 -5.155504 -4.472030 -4.890829 -4.520397 -5.550330 -5.947776 -5.669916 -8.129088 -8.505698 -8.109289
40.080000 -4.378088 -5.341491 -5.550452 -5.145386 -4.462956 -4.877466 -4.511822 -5.542178 -5.935326 -5.659462 -8.120324 -8.493462 -8.100017
40.120000 -4.369014 -5.332233 -5.537856 -5.135138 -4.453831 -4.864055 -4.503856 -5.534003 -5.922828 -5.648968 -8.111532 -8.481190 -8.090737
40.160000 -4.359892 -5.322907 -5.525002 -5.124884 -4.444658 -4.850395 -4.494826 -5.525831 -5.910289 -5.638436 -8.102716 -8.468886 -8.081462
40.200000 -4.350958 -5.313771 -5.512422 -5.114674 -4.435670 -4.836790 -4.484989 -5.517873 -5.897937 -5.628099 -8.094110 -8.456782 -8.072420
40.240000 -4.341726 -5.304251 -5.499394 -5.104247 -4.426390 -4.822895 -4.474980 -5.509672 -5.885298 -5.617485 -8.085240 -8.444405 -8.063145
40.280000 -4.332686 -5.294991 -5.486504 -5.093820 -4.417292 -4.809179 -4.465768 -5.501691 -5.872849 -5.607066 -8.076583 -8.432230 -8.054111
40.320000 -4.323547 -5.285470 -5.473539 -5.083350 -4.408112 -4.795381 -4.456472 -5.493671 -5.860322 -5.596645 -8.067873 -8.419994 -8.045058
40.360000 -4.314317 -5.275977 -5.460207 -5.072685 -4.398822 -4.781476 -4.447069 -5.485586 -5.847694 -5.587701 -8.059090 -8.407671 -8.035963
40.400000 -4.305280 -5.266449 -5.447305 -5.062136 -4.389751 -4.767785 -4.437884 -5.477760 -5.835290 -5.579000 -8.050560 -8.395591 -8.027158
40.440000 -4.295779 -5.256552 -5.433437 -5.051202 -4.380201 -4.753616 -4.428220 -5.469505 -5.822415 -5.567912 -8.041590 -8.383058 -8.017950
40.480000 -4.286481 -5.246723 -5.420181 -5.037901 -4.370869 -4.739666 -4.418773 -5.461505 -5.809105 -5.556651 -8.032879 -8.370771 -8.009040
40.520000 -4.276997 -5.236665 -5.406024 -5.024240 -4.361351 -4.725527 -4.409143 -5.453374 -5.794451 -5.545535 -8.024027 -8.358328 -8.000030
40.560000 -4.267344 -5.226459 -5.392043 -5.010482 -4.351660 -4.711216 -4.399339 -5.445107 -5.779666 -5.535787 -8.015047 -8.345743 -7.990935
40.600000 -4.257900 -5.216274 -5.377830 -4.996499 -4.342197 -4.697009 -4.389764 -5.437126 -5.765161 -5.528424 -8.006347 -8.333423 -7.982530
40.640000 -4.247714 -5.205477 -5.362787 -4.982324 -4.331973 -4.681737 -4.379430 -5.428422 -5.749944 -5.520306 -7.996937 -8.320378 -7.973949
40.680000 -4.237762 -5.194605 -5.348069 -4.968099 -4.322018 -4.668231 -4.369362 -5.420045 -5.735050 -5.512463 -7.987853 -8.307641 -7.965924
40.720000 -4.227390 -5.183527 -5.332315 -4.953731 -4.311614 -4.653665 -4.358848 -5.411261 -5.719767 -5.504181 -7.978381 -8.294703 -7.957110
40.760000 -4.216632 -5.171652 -5.316751 -4.938325 -4.300872 -4.638754 -4.347994 -5.402197 -5.704202 -5.495567 -7.968635 -8.283384 -7.948254
40.800000 -4.206133 -5.160236 -5.300407 -4.922841 -4.290361 -4.624076 -4.336292 -5.393409 -5.688935 -5.487192 -7.959187 -8.272479 -7.939716
40.840000 -4.194138 -5.147046 -5.283432 -4.909148 -4.278386 -4.607775 -4.323033 -5.383216 -5.672271 -5.477364 -7.948348 -8.260128 -7.928416
40.880000 -4.182465 -5.134242 -5.265484 -4.896520 -4.266721 -4.591464 -4.310340 -5.373385 -5.658410 -5.467855 -7.937896 -8.248110 -7.916750
40.920000 -4.170332 -5.120833 -5.247835 -4.883754 -4.254612 -4.574708 -4.297351 -5.363165 -5.644385 -5.457890 -7.927080 -8.235667 -7.904856
40.960000 -4.157786 -5.106990 -5.228856 -4.870323 -4.242089 -4.557542 -4.283948 -5.352591 -5.630044 -5.442174 -7.915938 -8.222836 -7.893425
41.000000 -4.145592 -5.093349 -5.210392 -4.857420 -4.229935 -4.541310 -4.271579 -5.342440 -5.616160 -5.426808 -7.905254 -8.210395 -7.883007
41.040000 -4.135035 -5.081206 -5.193461 -4.846028 -4.219432 -4.526475 -4.262284 -5.334004 -5.604032 -5.413191 -7.896317 -8.199633 -7.874406
41.080000 -4.124729 -5.069366 -5.176157 -4.835542 -4.209170 -4.510896 -4.253231 -5.325867 -5.591887 -5.400326 -7.887724 -8.188411 -7.866248
41.120000 -4.115600 -5.058287 -5.160676 -4.824047 -4.200136 -4.496913 -4.245403 -5.319025 -5.580800 -5.393641 -7.880465 -8.178387 -7.859500
41.160000 -4.107579 -5.048637 -5.145795 -4.813504 -4.192166 -4.484002 -4.237305 -5.313308 -5.569865 -5.388062 -7.874383 -8.169461 -7.855010
41.200000 -4.099704 -5.038564 -5.131881 -4.803973 -4.184413 -4.472650 -4.229067 -5.307882 -5.559216 -5.378446 -7.868639 -8.160783 -7.850471
41.240000 -4.092156 -5.029277 -5.118344 -4.794672 -4.176925 -4.460864 -4.221097 -5.302784 -5.550667 -5.368473 -7.863283 -8.152403 -7.845539
41.280000 -4.084737 -5.019422 -5.105772 -4.785888 -4.169653 -4.449297 -4.213110 -5.297978 -5.542534 -5.358917 -7.858277 -8.144278 -7.842227
41.320000 -4.077228 -5.009996 -5.093532 -4.776520 -4.162221 -4.437572 -4.204419 -5.293084 -5.534350 -5.349270 -7.853247 -8.136032 -7.838354
41.360000 -4.069636 -4.999701 -5.079875 -4.767191 -4.154808 -4.425861 -4.195749 -5.288286 -5.524952 -5.339721 -7.848382 -8.127843 -7.834732
41.400000 -4.062175 -4.989774 -5.066931 -4.757990 -4.147492 -4.414250 -4.187181 -5.283664 -5.518500 -5.331538 -7.843764 -8.119798 -7.831641
41.440000 -4.054337 -4.979302 -5.052445 -4.747976 -4.139818 -4.402792 -4.178263 -5.278767 -5.512088 -5.325524 -7.838952 -8.111459 -7.832853
41.480000 -4.046638 -4.968490 -5.039091 -4.738556 -4.132348 -4.392673 -4.169656 -5.274156 -5.505575 -5.320659 -7.834502 -8.103708 -7.835689
41.520000 -4.038832 -4.958155 -5.024139 -4.728145 -4.124688 -4.382367 -4.161027 -5.269443 -5.497369 -5.315691 -7.830043 -8.095822 -7.835855
41.560000 -4.030926 -4.946686 -5.009880 -4.717576 -4.117069 -4.371850 -4.152446 -5.264862 -5.489174 -5.310810 -7.825800 -8.090445 -7.832332
41.600000 -4.023162 -4.936298 -4.994957 -4.705801 -4.109461 -4.360476 -4.143877 -5.260383 -5.480683 -5.305988 -7.821759 -8.082918 -7.827638
41.640000 -4.015002 -4.924194 -4.979675 -4.694479 -4.101640 -4.347440 -4.135101 -5.255789 -5.470592 -5.300220 -7.817696 -8.074617 -7.824571
41.680000 -4.006992 -4.913152 -4.965126 -4.679723 -4.093840 -4.334414 -4.126352 -5.251315 -5.462536 -5.293474 -7.813862 -8.066402 -7.822726
41.720000 -3.998868 -4.900856 -4.950255 -4.667317 -4.086088 -4.321321 -4.117401 -5.246989 -5.454577 -5.286919 -7.810279 -8.058299 -7.820469
41.760000 -3.990640 -4.888688 -4.935919 -4.653108 -4.078200 -4.307821 -4.108105 -5.242635 -5.447409 -5.280637 -7.806782 -8.050132 -7.818201
41.800000 -3.982565 -4.876652 -4.922199 -4.640436 -4.070468 -4.294503 -4.099289 -5.238545 -5.442045 -5.274419 -7.803661 -8.042195 -7.816581
41.840000 -3.974126 -4.863337 -4.907132 -4.625554 -4.062508 -4.280985 -4.091282 -5.234339 -5.436517 -5.268416 -7.800545 -8.034106 -7.814860
41.880000 -3.965849 -4.851166 -4.892750 -4.612193 -4.054567 -4.267518 -4.082422 -5.230265 -5.431074 -5.264342 -7.797683 -8.026917 -7.813072
41.920000 -3.957475 -4.837400 -4.877907 -4.596976 -4.046757 -4.254307 -4.075924 -5.226445 -5.425832 -5.260503 -7.795199 -8.023732 -7.812350
41.960000 -3.949012 -4.824627 -4.862439 -4.582178 -4.038698 -4.242169 -4.069407 -5.222493 -5.420410 -5.255767 -7.792713 -8.027223 -7.811445
42.000000 -3.940711 -4.810555 -4.845680 -4.567418 -4.031030 -4.230368 -4.062959 -5.219061 -5.415303 -5.249612 -7.790877 -8.026145 -7.815610
42.040000 -3.932094 -4.796814 -4.829214 -4.551214 -4.022952 -4.217997 -4.053391 -5.215344 -5.409180 -5.243253 -7.788890 -8.019874 -7.814129
42.080000 -3.923644 -4.782461 -4.812346 -4.536401 -4.015173 -4.206213 -4.044110 -5.212061 -5.403537 -5.237641 -7.787472 -8.013383 -7.811410
42.120000 -3.915125 -4.767633 -4.790317 -4.519013 -4.007399 -4.194194 -4.035931 -5.208916 -5.398086 -5.232607 -7.786329 -8.006906 -7.812902
42.160000 -3.906545 -4.753285 -4.768628 -4.495486 -3.999487 -4.181674 -4.027837 -5.205773 -5.392686 -5.229095 -7.785325 -8.002725 -7.814596
42.200000 -3.898131 -4.737494 -4.749670 -4.477293 -3.992023 -4.169611 -4.020175 -5.203217 -5.386469 -5.225867 -7.785049 -8.000927 -7.813374
42.240000 -3.889460 -4.722631 -4.732317 -4.462715 -3.984117 -4.157124 -4.012057 -5.200365 -5.378039 -5.220332 -7.784616 -7.998217 -7.816223
42.280000 -3.880960 -4.706434 -4.713628 -4.448190 -3.976658 -4.148886 -4.004370 -5.198108 -5.370391 -5.217040 -7.784919 -7.996925 -7.823049
42.320000 -3.872439 -4.690723 -4.694758 -4.432618 -3.969110 -4.141735 -3.995871 -5.195909 -5.367755 -5.212251 -7.785416 -7.992569 -7.827004
42.360000 -3.863904 -4.674417 -4.671338 -4.410813 -3.961675 -4.134599 -3.986765 -5.193983 -5.365474 -5.208239 -7.786327 -7.989225 -7.828824
42.400000 -3.855534 -4.657917 -4.646477 -4.387542 -3.954497 -4.124857 -3.978028 -5.192462 -5.363692 -5.205611 -7.787774 -7.992214 -7.825483
42.440000 -3.846972 -4.641409 -4.623634 -4.366007 -3.947120 -4.114850 -3.970157 -5.190910 -5.361954 -5.202979 -7.789331 -7.995451 -7.822357
42.480000 -3.838576 -4.623980 -4.604642 -4.343588 -3.940152 -4.104545 -3.961454 -5.189920 -5.360508 -5.199439 -7.791574 -7.995874 -7.822373
42.520000 -3.830184 -4.607454 -4.582648 -4.322532 -3.933045 -4.094093 -3.952675 -5.188963 -5.357711 -5.194994 -7.793988 -7.996029 -7.825085
42.560000 -3.821798 -4.589220 -4.562381 -4.301116 -3.926330 -4.084034 -3.944758 -5.188559 -5.355524 -5.190996 -7.797068 -7.997169 -7.824968
42.600000 -3.813572 -4.572103 -4.544083 -4.280428 -3.919624 -4.073907 -3.936875 -5.188336 -5.353552 -5.186650 -7.800463 -7.993390 -7.822616
42.640000 -3.805305 -4.554087 -4.526322 -4.260429 -3.913106 -4.064022 -3.929214 -5.188473 -5.351992 -5.184076 -7.804320 -7.996204 -7.820723
42.680000 -3.797192 -4.536285 -4.510066 -4.241036 -3.906782 -4.054209 -3.921772 -5.188972 -5.350101 -5.181282 -7.808665 -8.003250 -7.827028
42.720000 -3.789122 -4.518838 -4.492235 -4.227078 -3.900484 -4.044844 -3.914809 -5.189688 -5.346394 -5.178723 -7.813318 -8.006023 -7.828045
42.760000 -3.781094 -4.500950 -4.475465 -4.217042 -3.894397 -4.035331 -3.908530 -5.190769 -5.344936 -5.176812 -7.818449 -8.014459 -7.832307
42.800000 -3.773211 -4.483491 -4.458144 -4.206218 -3.888447 -4.026126 -3.902412 -5.192208 -5.345576 -5.175586 -7.824018 -8.018181 -7.832945
42.840000 -3.765249 -4.465780 -4.440130 -4.194890 -3.882522 -4.016697 -3.896292 -5.193829 -5.345110 -5.173486 -7.829866 -8.022788 -7.832004
42.880000 -3.757430 -4.448234 -4.424087 -4.178464 -3.876799 -4.007300 -3.888413 -5.195862 -5.344142 -5.172547 -7.836198 -8.030040 -7.827838
42.920000 -3.749708 -4.430338 -4.405476 -4.168187 -3.871357 -3.998396 -3.881659 -5.198375 -5.343805 -5.172083 -7.843084 -8.037855 -7.824417
42.960000 -3.742080 -4.413143 -4.389474 -4.154484 -3.865923 -3.989801 -3.872995 -5.201064 -5.343591 -5.171793 -7.850209 -8.045901 -7.824372
43.000000 -3.734585 -4.395689 -4.372652 -4.144857 -3.860800 -3.982324 -3.867257 -5.204332 -5.343938 -5.171639 -7.857967 -8.054584 -7.829493
43.040000 -3.727204 -4.379230 -4.358191 -4.131762 -3.855620 -3.976609 -3.862128 -5.207647 -5.345001 -5.170974 -7.865825 -8.063351 -7.835969
43.080000 -3.719946 -4.362693 -4.340555 -4.119519 -3.850685 -3.968035 -3.857392 -5.211594 -5.346662 -5.171675 -7.874345 -8.072778 -7.843177
43.120000 -3.712768 -4.347102 -4.326156 -4.105662 -3.845650 -3.962142 -3.852098 -5.215432 -5.348191 -5.172316 -7.882797 -8.082114 -7.849227
43.160000 -3.705668 -4.330952 -4.309538 -4.094955 -3.840939 -3.955513 -3.847711 -5.220147 -5.350564 -5.173868 -7.892134 -8.092327 -7.851187
43.200000 -3.698682 -4.316407 -4.294975 -4.082120 -3.835952 -3.947999 -3.842986 -5.224624 -5.353761 -5.175233 -7.901261 -8.102299 -7.850552
43.240000 -3.691835 -4.300975 -4.279780 -4.072416 -3.831486 -3.942614 -3.838804 -5.229986 -5.357821 -5.177619 -7.911262 -8.113132 -7.849685
43.280000 -3.685093 -4.286499 -4.265623 -4.062025 -3.826910 -3.936553 -3.834873 -5.235563 -5.362008 -5.180308 -7.921488 -8.124150 -7.848915
43.320000 -3.678573 -4.272799 -4.251092 -4.050495 -3.822434 -3.930484 -3.830529 -5.241299 -5.365940 -5.181809 -7.931846 -8.135284 -7.848188
43.360000 -3.672266 -4.259102 -4.238689 -4.041498 -3.818283 -3.924499 -3.824900 -5.248040 -5.370481 -5.186329 -7.943201 -8.147367 -7.851213
43.400000 -3.666050 -4.247132 -4.225912 -4.031265 -3.813719 -3.917470 -3.818946 -5.254097 -5.373924 -5.190473 -7.953831 -8.158703 -7.855093
43.440000 -3.660160 -4.235082 -4.216063 -4.021879 -3.809634 -3.911613 -3.812829 -5.261764 -5.379560 -5.194335 -7.966044 -8.174066 -7.864367
43.480000 -3.654350 -4.224395 -4.203643 -4.013104 -3.805233 -3.905055 -3.806971 -5.268406 -5.384684 -5.197574 -7.977177 -8.190617 -7.873080
43.520000 -3.648788 -4.213769 -4.194727 -4.005017 -3.801136 -3.900375 -3.801252 -5.276923 -5.391652 -5.202843 -7.990141 -8.208873 -7.876708
43.560000 -3.643467 -4.204905 -4.183523 -3.999572 -3.796758 -3.893699 -3.795017 -5.284725 -5.397881 -5.207486 -8.002321 -8.226239 -7.879688
43.600000 -3.638211 -4.195572 -4.172794 -3.993816 -3.792656 -3.888746 -3.788477 -5.293433 -5.403281 -5.213100 -8.015350 -8.244304 -7.883628
43.640000 -3.633545 -4.187927 -4.166288 -3.990904 -3.788736 -3.882314 -3.782543 -5.302801 -5.408644 -5.218533 -8.028958 -8.262847 -7.889147
43.680000 -3.628929 -4.180924 -4.161091 -3.990828 -3.784665 -3.875655 -3.777441 -5.311763 -5.414142 -5.222989 -8.042089 -8.280746 -7.897004
43.720000 -3.624761 -4.174791 -4.157036 -3.992690 -3.780857 -3.869942 -3.771356 -5.322312 -5.421372 -5.229963 -8.056717 -8.300039 -7.907055
43.760000 -3.621030 -4.170045 -4.151471 -3.988944 -3.777160 -3.862472 -3.764399 -5.331803 -5.428451 -5.238993 -8.070202 -8.318014 -7.916859
43.800000 -3.617330 -4.166131 -4.150234 -3.990809 -3.773133 -3.856311 -3.759931 -5.343188 -5.438224 -5.247378 -8.085487 -8.337683 -7.931306
43.840000 -3.614723 -4.163298 -4.148786 -3.989594 -3.770270 -3.849052 -3.753407 -5.353633 -5.447076 -5.254858 -8.099733 -8.356130 -7.943248
43.880000 -3.612132 -4.161917 -4.149378 -3.992273 -3.766803 -3.842415 -3.750588 -5.366191 -5.458036 -5.264507 -8.115997 -8.376489 -7.953888
43.920000 -3.610197 -4.161402 -4.145124 -3.994216 -3.763959 -3.836894 -3.747510 -5.377902 -5.471098 -5.273368 -8.131306 -8.395700 -7.961570
43.960000 -3.608909 -4.162090 -4.147321 -3.997676 -3.761541 -3.833761 -3.744656 -5.390859 -5.485744 -5.282035 -8.147764 -8.415955 -7.969914
44.000000 -3.607626 -4.163264 -4.155743 -4.004224 -3.758963 -3.829625 -3.743908 -5.403532 -5.497955 -5.290432 -8.163829 -8.435626 -7.978764
44.040000 -3.607830 -4.166656 -4.160532 -4.011702 -3.757616 -3.825477 -3.742237 -5.417206 -5.509826 -5.299882 -8.180793 -8.456088 -7.991150
44.080000 -3.608034 -4.170735 -4.162488 -4.021198 -3.756013 -3.819614 -3.740096 -5.431604 -5.522421 -5.310123 -8.198380 -8.476984 -8.005011
44.120000 -3.609194 -4.175653 -4.166390 -4.027627 -3.755479 -3.816534 -3.739892 -5.445099 -5.534074 -5.319496 -8.214954 -8.496757 -8.018275
44.160000 -3.611316 -4.183245 -4.175516 -4.038019 -3.755260 -3.816916 -3.740271 -5.461230 -5.548405 -5.331608 -8.234086 -8.518900 -8.035187
44.200000 -3.613448 -4.189483 -4.182217 -4.046488 -3.755650 -3.814770 -3.740565 -5.474670 -5.559944 -5.341519 -8.250397 -8.538115 -8.050295
44.240000 -3.617658 -4.200062 -4.194575 -4.063286 -3.757292 -3.817640 -3.747696 -5.491983 -5.575485 -5.356177 -8.270555 -8.560996 -8.069338
44.280000 -3.621908 -4.209708 -4.203744 -4.078752 -3.759411 -3.819318 -3.751149 -5.507292 -5.588844 -5.368644 -8.288576 -8.581626 -8.086347
44.320000 -3.627331 -4.221782 -4.218278 -4.095925 -3.762299 -3.822424 -3.757689 -5.524113 -5.603865 -5.382898 -8.308096 -8.603589 -8.104942
44.360000 -3.633970 -4.234566 -4.235614 -4.109974 -3.766651 -3.825452 -3.762228 -5.540977 -5.618823 -5.397040 -8.327615 -8.625434 -8.122450
44.400000 -3.640712 -4.248718 -4.258586 -4.125230 -3.770730 -3.829701 -3.768158 -5.557891 -5.634136 -5.411165 -8.347067 -8.647054 -8.138329
44.440000 -3.649496 -4.264866 -4.278100 -4.147372 -3.776938 -3.837279 -3.772962 -5.576233 -5.653545 -5.427137 -8.368058 -8.670108 -8.155838
44.480000 -3.658460 -4.280879 -4.300498 -4.167275 -3.783510 -3.845124 -3.777903 -5.593142 -5.671437 -5.441271 -8.387405 -8.691350 -8.171772
44.520000 -3.668491 -4.299260 -4.327466 -4.188026 -3.790791 -3.852631 -3.785709 -5.611447 -5.691104 -5.457626 -8.408441 -8.714201 -8.189446
44.560000 -3.679658 -4.317309 -4.353605 -4.208089 -3.799757 -3.861778 -3.790462 -5.628570 -5.703694 -5.471842 -8.427936 -8.735332 -8.204744
44.600000 -3.691120 -4.337455 -4.377335 -4.229879 -3.808526 -3.871100 -3.802551 -5.646186 -5.718836 -5.487936 -8.448490 -8.757447 -8.217084
44.640000 -3.704765 -4.358568 -4.400284 -4.249871 -3.819923 -3.883118 -3.813159 -5.664187 -5.738089 -5.503387 -8.469106 -8.779489 -8.230139
44.680000 -3.718853 -4.381395 -4.424296 -4.271336 -3.831460 -3.894728 -3.824220 -5.682158 -5.757853 -5.518239 -8.490057 -8.801740 -8.242131
44.720000 -3.734143 -4.404367 -4.446389 -4.293720 -3.844581 -3.907588 -3.835019 -5.699379 -5.777124 -5.535087 -8.510548 -8.823472 -8.252951
44.760000 -3.750750 -4.430269 -4.471852 -4.323664 -3.858627 -3.923525 -3.850970 -5.718473 -5.794320 -5.551216 -8.532373 -8.846299 -8.266287
44.800000 -3.768017 -4.455715 -4.496411 -4.353211 -3.873731 -3.937911 -3.864852 -5.735434 -5.808790 -5.566196 -8.553063 -8.868101 -8.276881
44.840000 -3.786994 -4.483210 -4.523701 -4.384382 -3.890509 -3.955819 -3.882798 -5.754142 -5.821606 -5.582168 -8.574505 -8.890173 -8.289810
44.880000 -3.806837 -4.511641 -4.556148 -4.416185 -3.908223 -3.973734 -3.900553 -5.771216 -5.837175 -5.595732 -8.595662 -8.912361 -8.300553
44.920000 -3.827799 -4.540671 -4.589098 -4.443983 -3.927235 -3.992998 -3.917690 -5.789373 -5.849370 -5.611782 -8.616519 -8.933501 -8.315247
44.960000 -3.850000 -4.571785 -4.621531 -4.470867 -3.947367 -4.013522 -3.937986 -5.806210 -5.865564 -5.627401 -8.637750 -8.955247 -8.334739
45.000000 -3.873398 -4.603139 -4.657058 -4.504182 -3.968979 -4.033486 -3.958937 -5.823692 -5.878686 -5.644529 -8.658636 -8.976539 -8.353343
45.040000 -3.898034 -4.636747 -4.692432 -4.541630 -3.991655 -4.055193 -3.981720 -5.841460 -5.895206 -5.659566 -8.680027 -8.997835 -8.373113
45.080000 -3.924151 -4.670601 -4.726205 -4.576431 -4.016179 -4.079938 -4.005477 -5.857763 -5.909995 -5.669118 -8.700882 -9.019071 -8.393087
45.120000 -3.951152 -4.706941 -4.761189 -4.611474 -4.041239 -4.106919 -4.031658 -5.877761 -5.925075 -5.682780 -8.722828 -9.040117 -8.413278
45.160000 -3.979102 -4.742599 -4.796536 -4.646817 -4.067725 -4.133658 -4.057595 -5.893333 -5.943261 -5.697437 -8.742557 -9.060247 -8.432592
45.200000 -4.008976 -4.781062 -4.833673 -4.684747 -4.095939 -4.162976 -4.086234 -5.914276 -5.959679 -5.714978 -8.764688 -9.080587 -8.452699
45.240000 -4.038389 -4.818536 -4.870501 -4.722277 -4.123919 -4.191060 -4.115750 -5.929866 -5.978916 -5.729045 -8.783279 -9.099459 -8.471552
45.280000 -4.069940 -4.858195 -4.908908 -4.761802 -4.154022 -4.222184 -4.147499 -5.950484 -5.996471 -5.748180 -8.804026 -9.118054 -8.490661
45.320000 -4.102127 -4.899168 -4.948850 -4.801784 -4.184728 -4.252824 -4.177358 -5.968217 -6.017971 -5.762022 -8.823550 -9.135536 -8.509630
45.360000 -4.134910 -4.939723 -4.990734 -4.842617 -4.216261 -4.284531 -4.208054 -5.987006 -6.037164 -5.780049 -8.842279 -9.153931 -8.528261
45.400000 -4.170371 -4.984136 -5.035006 -4.888838 -4.250277 -4.318512 -4.239967 -6.009260 -6.060897 -5.797301 -8.863648 -9.171865 -8.549170
45.440000 -4.203951 -5.025511 -5.080728 -4.931877 -4.282733 -4.350039 -4.271697 -6.025987 -6.078147 -5.815794 -8.880277 -9.188383 -8.567686
45.480000 -4.240347 -5.071166 -5.129921 -4.978863 -4.317680 -4.385110 -4.306625 -6.051181 -6.094914 -5.836524 -8.901428 -9.205033 -8.589148
45.520000 -4.277156 -5.116305 -5.178699 -5.024576 -4.353356 -4.419286 -4.341938 -6.070974 -6.117320 -5.858377 -8.918979 -9.222476 -8.606283
45.560000 -4.314199 -5.162460 -5.229038 -5.071557 -4.389069 -4.455333 -4.378139 -6.096465 -6.137967 -5.884878 -8.939117 -9.237920 -8.622867
45.600000 -4.354697 -5.212338 -5.281936 -5.120862 -4.428320 -4.493130 -4.417426 -6.121246 -6.166822 -5.907130 -8.959365 -9.257389 -8.643490
45.640000 -4.391844 -5.258940 -5.331838 -5.167223 -4.464184 -4.528059 -4.452931 -6.146145 -6.193503 -5.930692 -8.977199 -9.272023 -8.659333
45.680000 -4.432467 -5.310473 -5.385211 -5.216810 -4.503377 -4.566078 -4.491296 -6.172801 -6.223674 -5.955708 -8.998080 -9.288001 -8.681524
45.720000 -4.473174 -5.361376 -5.439705 -5.266384 -4.542809 -4.606079 -4.529682 -6.199969 -6.252193 -5.985476 -9.017503 -9.308682 -8.702139
45.760000 -4.513582 -5.413676 -5.493862 -5.315533 -4.581689 -4.644816 -4.567866 -6.229197 -6.284269 -6.008992 -9.039074 -9.324873 -8.723810
45.800000 -4.558138 -5.469949 -5.553833 -5.369785 -4.624866 -4.688178 -4.609824 -6.259739 -6.318073 -6.040969 -9.061738 -9.348783 -8.749822
45.840000 -4.598050 -5.523172 -5.609164 -5.419929 -4.663114 -4.724642 -4.647369 -6.290906 -6.347493 -6.066012 -9.083436 -9.365655 -8.771602
45.880000 -4.642005 -5.581096 -5.670476 -5.473928 -4.705472 -4.764383 -4.688354 -6.322459 -6.380449 -6.097780 -9.106078 -9.388988 -8.798021
45.920000 -4.685836 -5.639862 -5.731472 -5.529531 -4.747554 -4.803474 -4.728974 -6.358026 -6.416988 -6.128735 -9.131800 -9.411689 -8.824262
45.960000 -4.728979 -5.699543 -5.793616 -5.584692 -4.788876 -4.841983 -4.770460 -6.390952 -6.452197 -6.160687 -9.155420 -9.434632 -8.851545
46.000000 -4.776886 -5.764720 -5.861292 -5.645897 -4.834913 -4.887318 -4.817330 -6.430699 -6.492277 -6.199206 -9.184585 -9.463672 -8.883170
46.040000 -4.818966 -5.826458 -5.924815 -5.703813 -4.874953 -4.926204 -4.857838 -6.464467 -6.526944 -6.231147 -9.209784 -9.484807 -8.910432
46.080000 -4.865565 -5.893142 -5.994565 -5.768861 -4.919574 -4.971976 -4.901437 -6.502907 -6.565566 -6.270539 -9.237941 -9.516444 -8.942520
46.120000 -4.911845 -5.961850 -6.067605 -5.834665 -4.963705 -5.016486 -4.942496 -6.542819 -6.605157 -6.308491 -9.269531 -9.544581 -8.973013
46.160000 -4.957070 -6.030715 -6.142503 -5.902271 -5.006829 -5.060375 -4.982514 -6.580381 -6.642901 -6.346728 -9.297811 -9.575342 -9.005269
46.200000 -5.007558 -6.107109 -6.225368 -5.975858 -5.055079 -5.108847 -5.027351 -6.625801 -6.684941 -6.390592 -9.335010 -9.610338 -9.041931
46.240000 -5.051320 -6.178612 -6.302150 -6.045176 -5.096640 -5.148635 -5.067805 -6.663040 -6.719900 -6.427117 -9.363928 -9.640467 -9.072847
46.280000 -5.099991 -6.256806 -6.382523 -6.121475 -5.143085 -5.190866 -5.113354 -6.706911 -6.759241 -6.470194 -9.400091 -9.675368 -9.109656
46.320000 -5.148226 -6.336943 -6.464564 -6.199461 -5.189110 -5.236423 -5.157996 -6.749662 -6.798290 -6.511750 -9.435877 -9.707692 -9.144699
46.360000 -5.195153 -6.417546 -6.547527 -6.278164 -5.233874 -5.280204 -5.199677 -6.791658 -6.835469 -6.553545 -9.470509 -9.740266 -9.180979
46.400000 -5.247771 -6.506819 -6.637829 -6.362251 -5.284331 -5.330361 -5.247733 -6.839415 -6.878398 -6.600668 -9.512947 -9.778299 -9.221650
46.440000 -5.293041 -6.590046 -6.724131 -6.443875 -5.327573 -5.372797 -5.287576 -6.879526 -6.913302 -6.635832 -9.546714 -9.811045 -9.256901
46.480000 -5.343586 -6.681591 -6.819113 -6.532927 -5.376113 -5.420893 -5.333936 -6.925554 -6.956873 -6.681622 -9.588483 -9.854665 -9.296928
46.520000 -5.393688 -6.774367 -6.915348 -6.622118 -5.424361 -5.468088 -5.379464 -6.970253 -6.999883 -6.724067 -9.628224 -9.897271 -9.337084
46.560000 -5.442373 -6.869029 -7.027639 -6.711742 -5.471234 -5.514524 -5.423644 -7.014305 -7.041406 -6.764522 -9.668747 -9.935061 -9.375192
46.600000 -5.497212 -6.971621 -7.138313 -6.809525 -5.524432 -5.566434 -5.473805 -7.063453 -7.088366 -6.811324 -9.714323 -9.977420 -9.418344
46.640000 -5.544283 -7.069253 -7.238422 -6.901984 -5.569954 -5.610750 -5.516359 -7.105272 -7.127460 -6.851151 -9.753267 -10.012766 -9.454145
46.680000 -5.597084 -7.174761 -7.344124 -7.002549 -5.621367 -5.662013 -5.562842 -7.151904 -7.171584 -6.895330 -9.797651 -10.053025 -9.495061
46.720000 -5.649519 -7.282611 -7.459993 -7.105220 -5.672538 -5.712429 -5.609993 -7.197995 -7.214717 -6.940684 -9.841460 -10.093162 -9.535887
46.760000 -5.700513 -7.391894 -7.579268 -7.208428 -5.722401 -5.761756 -5.655544 -7.242130 -7.256114 -6.984889 -9.884478 -10.131571 -9.574762
46.800000 -5.758301 -7.509685 -7.708288 -7.322615 -5.779226 -5.817800 -5.708744 -7.292216 -7.303119 -7.034999 -9.933138 -10.176177 -9.620135
46.840000 -5.807784 -7.622382 -7.831728 -7.437830 -5.827857 -5.866387 -5.753962 -7.333946 -7.341785 -7.076778 -9.974408 -10.214291 -9.657080
46.880000 -5.863640 -7.743003 -7.963423 -7.560296 -5.883041 -5.921200 -5.807089 -7.380502 -7.385373 -7.123413 -10.020467 -10.257862 -9.699305
46.920000 -5.919259 -7.867290 -8.094048 -7.687946 -5.938073 -5.977936 -5.861831 -7.427163 -7.428659 -7.170099 -10.067015 -10.301480 -9.741445
46.960000 -5.973428 -7.991301 -8.221238 -7.810320 -5.991842 -6.032525 -5.914989 -7.470417 -7.469874 -7.213530 -10.110560 -10.341994 -9.780658
47.000000 -6.035328 -8.126448 -8.365760 -7.940635 -6.053422 -6.096293 -5.977433 -7.521783 -7.520671 -7.265153 -10.162031 -10.390793 -9.827633
47.040000 -6.088013 -8.253680 -8.493619 -8.052627 -6.105963 -6.149296 -6.030731 -7.561895 -7.561529 -7.302726 -10.202949 -10.429260 -9.863836
47.080000 -6.147983 -8.391715 -8.645341 -8.182687 -6.165871 -6.210065 -6.090144 -7.609323 -7.608704 -7.347541 -10.250612 -10.474324 -9.906858
47.120000 -6.207830 -8.531518 -8.788637 -8.317317 -6.225803 -6.270627 -6.148952 -7.655014 -7.652954 -7.390687 -10.297264 -10.518439 -9.948478
47.160000 -6.266090 -8.672079 -8.927277 -8.455797 -6.284257 -6.329731 -6.205644 -7.698391 -7.692047 -7.432472 -10.341088 -10.559602 -9.987354
47.200000 -6.333396 -8.823743 -9.094549 -8.605802 -6.351862 -6.398490 -6.274067 -7.750119 -7.741999 -7.481798 -10.393316 -10.609172 -10.034366
47.240000 -6.390228 -8.967096 -9.257214 -8.743699 -6.409138 -6.456257 -6.332650 -7.789609 -7.779215 -7.520840 -10.433348 -10.646505 -10.068328
47.280000 -6.455633 -9.122026 -9.429256 -8.891223 -6.475041 -6.523542 -6.399759 -7.838067 -7.826485 -7.567637 -10.481344 -10.693930 -10.110532
47.320000 -6.521093 -9.278417 -9.597153 -9.044090 -6.541180 -6.590198 -6.466061 -7.884077 -7.873025 -7.614290 -10.527456 -10.740491 -10.150270
47.360000 -6.584776 -9.435625 -9.764178 -9.202513 -6.605567 -6.656224 -6.533914 -7.929322 -7.918000 -7.656628 -10.571176 -10.784452 -10.189052
47.400000 -6.659428 -9.604795 -9.944826 -9.373152 -6.681125 -6.732429 -6.609885 -7.982830 -7.973586 -7.709352 -10.623697 -10.837515 -10.237066
47.440000 -6.721506 -9.765012 -10.113112 -9.526800 -6.744129 -6.797795 -6.673033 -8.024807 -8.016062 -7.750860 -10.662937 -10.877868 -10.274121
47.480000 -6.793962 -9.936456 -10.294953 -9.696792 -6.817706 -6.872826 -6.745506 -8.074933 -8.069326 -7.800820 -10.710503 -10.928370 -10.320740
47.520000 -6.866633 -10.111013 -10.477549 -9.871427 -6.891558 -6.948730 -6.818728 -8.125661 -8.119591 -7.849372 -10.757315 -10.976274 -10.366610
47.560000 -6.937043 -10.283388 -10.660911 -10.032555 -6.963288 -7.023024 -6.894174 -8.173215 -8.168490 -7.895880 -10.800095 -11.014854 -10.408832
47.600000 -7.021118 -10.473067 -10.857933 -10.208513 -7.048824 -7.112465 -6.980140 -8.233630 -8.232372 -7.957270 -10.855250 -11.067136 -10.462840
47.640000 -7.089453 -10.647893 -11.042468 -10.367789 -7.118673 -7.186552 -7.049863 -8.278986 -8.279178 -8.001984 -10.893315 -11.101172 -10.500804
47.680000 -7.170584 -10.838270 -11.244710 -10.543738 -7.201555 -7.272883 -7.132627 -8.335242 -8.339873 -8.060796 -10.942335 -11.148020 -10.548862
47.720000 -7.252029 -11.029211 -11.455482 -10.719660 -7.284725 -7.359950 -7.215628 -8.393662 -8.400359 -8.116750 -10.991299 -11.192260 -10.597891
47.760000 -7.330222 -11.218872 -11.663714 -10.894023 -7.364959 -7.443749 -7.295714 -8.446323 -8.457975 -8.169104 -11.034364 -11.232617 -10.642253
47.800000 -7.425654 -11.428400 -11.898685 -11.085655 -7.462364 -7.545450 -7.393811 -8.518562 -8.533249 -8.238147 -11.095091 -11.288300 -10.705539
47.840000 -7.500985 -11.618631 -12.107490 -11.259409 -7.540021 -7.629892 -7.470879 -8.568243 -8.588709 -8.286862 -11.132964 -11.322747 -10.740242
47.880000 -7.592183 -11.827178 -12.339526 -11.451023 -7.633500 -7.726587 -7.565935 -8.635830 -8.662619 -8.352551 -11.187183 -11.373679 -10.789427
47.920000 -7.683875 -12.034887 -12.572409 -11.643356 -7.727767 -7.827654 -7.661871 -8.702495 -8.735345 -8.417229 -11.239801 -11.422505 -10.840272
47.960000 -7.770879 -12.242979 -12.805704 -11.832219 -7.817413 -7.928028 -7.755275 -8.765402 -8.805967 -8.479951 -11.287599 -11.469284 -10.885520
48.000000 -7.879795 -12.471837 -13.058599 -12.041505 -7.929116 -8.045194 -7.870818 -8.850429 -8.893689 -8.562880 -11.356485 -11.535225 -10.953150
48.040000 -7.962643 -12.678946 -13.290659 -12.230328 -8.015019 -8.138621 -7.963361 -8.908696 -8.957800 -8.624390 -11.397691 -11.577578 -10.992315
48.080000 -8.065111 -12.902881 -13.545060 -12.436521 -8.120457 -8.244855 -8.069151 -8.988704 -9.038968 -8.708138 -11.459966 -11.636620 -11.054831
48.120000 -8.168312 -13.131628 -13.800293 -12.647026 -8.227159 -8.356708 -8.181029 -9.067032 -9.125567 -8.792047 -11.519440 -11.696482 -11.114231
48.160000 -8.264681 -13.354321 -14.052796 -12.846912 -8.326704 -8.464922 -8.281889 -9.142184 -9.203933 -8.867502 -11.575264 -11.749874 -11.170429
48.200000 -8.388720 -13.606718 -14.329659 -13.079774 -8.454688 -8.601517 -8.409285 -9.241433 -9.311605 -8.966915 -11.654513 -11.828916 -11.249817
48.240000 -8.479371 -13.826145 -14.584597 -13.284651 -8.548804 -8.706213 -8.507716 -9.311613 -9.386013 -9.033643 -11.703779 -11.879438 -11.298018
48.280000 -8.594074 -14.068484 -14.856389 -13.516571 -8.667801 -8.836831 -8.634080 -9.402427 -9.483148 -9.125435 -11.773779 -11.948742 -11.364788
48.320000 -8.709982 -14.317611 -15.137023 -13.750756 -8.787579 -8.968961 -8.755513 -9.498089 -9.583996 -9.217826 -11.847027 -12.026360 -11.436827
48.360000 -8.816247 -14.555064 -15.399865 -13.979161 -8.898342 -9.087884 -8.863911 -9.582159 -9.673372 -9.303033 -11.909646 -12.087681 -11.495056
48.400000 -8.957240 -14.832216 -15.709463 -14.235254 -9.043815 -9.237604 -9.007962 -9.702356 -9.801794 -9.421225 -12.005930 -12.190563 -11.592140
48.440000 -9.056007 -15.061553 -15.973878 -14.457851 -9.147073 -9.350208 -9.120246 -9.781440 -9.884436 -9.507862 -12.063101 -12.247170 -11.644926
48.480000 -9.184059 -15.327019 -16.273538 -14.705774 -9.280391 -9.490934 -9.258014 -9.887748 -10.000849 -9.612457 -12.144398 -12.335651 -11.729117
48.520000 -9.314143 -15.592962 -16.572261 -14.964752 -9.414885 -9.637043 -9.397463 -10.000644 -10.116291 -9.718346 -12.234478 -12.427851 -11.817437
48.560000 -9.430914 -15.849851 -16.857893 -15.204713 -9.537765 -9.767855 -9.525236 -10.094927 -10.222488 -9.813925 -12.303534 -12.502849 -11.885318
48.600000 -9.591117 -16.146782 -17.196789 -15.483177 -9.702379 -9.944274 -9.689223 -10.239829 -10.373222 -9.953975 -12.424226 -12.621109 -12.008570
48.640000 -9.697860 -16.391546 -17.484871 -15.713556 -9.815878 -10.065331 -9.796764 -10.324366 -10.475405 -10.040800 -12.483964 -12.684388 -12.069052
48.680000 -9.839698 -16.675876 -17.815512 -15.990994 -9.962385 -10.222101 -9.943088 -10.451766 -10.617665 -10.165176 -12.585464 -12.782897 -12.170863
48.720000 -9.984665 -16.962323 -18.129517 -16.257692 -10.114375 -10.379263 -10.087354 -10.576080 -10.754596 -10.293238 -12.685750 -12.886193 -12.273440
48.760000 -10.111480 -17.234178 -18.429735 -16.507403 -10.246691 -10.529213 -10.218993 -10.687687 -10.866394 -10.402543 -12.769649 -12.969956 -12.353314
48.800000 -10.291349 -17.552091 -18.786036 -16.815287 -10.433194 -10.725168 -10.400289 -10.850090 -11.032762 -10.567923 -12.908860 -13.110304 -12.491992
48.840000 -10.405706 -17.814001 -19.073947 -17.054304 -10.554488 -10.854477 -10.517273 -10.947245 -11.125330 -10.662173 -12.976942 -13.183514 -12.562937
48.880000 -10.561377 -18.113411 -19.416927 -17.347128 -10.716003 -11.032606 -10.676323 -11.089158 -11.269941 -10.807188 -13.095754 -13.309371 -12.678379
48.920000 -10.721867 -18.424454 -19.749039 -17.628157 -10.885188 -11.208538 -10.846046 -11.230267 -11.424939 -10.947448 -13.207569 -13.434769 -12.793653
48.960000 -10.858723 -18.703056 -20.074884 -17.897747 -11.026997 -11.366994 -10.990196 -11.356724 -11.561851 -11.076961 -13.309881 -13.545536 -12.891181
49.000000 -11.059679 -19.052216 -20.448171 -18.200965 -11.238165 -11.587560 -11.199870 -11.537182 -11.753822 -11.262918 -13.462071 -13.709349 -13.047170
49.040000 -11.181662 -19.323297 -20.763053 -18.449019 -11.364627 -11.739524 -11.332410 -11.650804 -11.880031 -11.384466 -13.549438 -13.807747 -13.134561
49.080000 -11.351903 -19.645482 -21.122251 -18.749134 -11.545866 -11.931893 -11.511271 -11.801133 -12.049236 -11.536241 -13.673499 -13.940583 -13.260342
49.120000 -11.529448 -19.973509 -21.492180 -19.049479 -11.728635 -12.140555 -11.703907 -11.969951 -12.226501 -11.696179 -13.813228 -14.094249 -13.394429
49.160000 -11.676819 -20.266265 -21.844073 -19.329762 -11.886294 -12.312214 -11.860716 -12.100539 -12.370956 -11.832057 -13.920067 -14.206955 -13.501081
49.200000 -11.901581 -20.646726 -22.257824 -19.671762 -12.118557 -12.568629 -12.099162 -12.313956 -12.598017 -12.041641 -14.101724 -14.400285 -13.699826
49.240000 -12.031247 -20.927625 -22.584866 -19.909309 -12.256599 -12.725210 -12.234695 -12.431366 -12.722983 -12.164661 -14.197288 -14.497246 -13.796514
49.280000 -12.216950 -21.272543 -22.965568 -20.213905 -12.453156 -12.941754 -12.436673 -12.602167 -12.909949 -12.332164 -14.334999 -14.649121 -13.948392
49.320000 -12.413333 -21.613619 -23.365591 -20.522808 -12.655224 -13.167703 -12.641919 -12.791207 -13.116475 -12.526287 -14.502427 -14.819450 -14.105124
49.360000 -12.571263 -21.930140 -23.704099 -20.796091 -12.827425 -13.357571 -12.807881 -12.931339 -13.281000 -12.669062 -14.610237 -14.942323 -14.220561
49.400000 -12.821967 -22.333992 -24.153359 -21.159717 -13.081389 -13.642777 -13.067745 -13.178515 -13.539382 -12.913321 -14.833959 -15.174465 -14.428302
49.440000 -12.959040 -22.634157 -24.477549 -21.417276 -13.235153 -13.808590 -13.204736 -13.296656 -13.674087 -13.035691 -14.922778 -15.286570 -14.518706
49.480000 -13.160466 -22.987120 -24.882170 -21.754002 -13.439384 -14.047733 -13.407676 -13.495592 -13.875634 -13.230335 -15.094616 -15.463726 -14.675139
49.520000 -13.376999 -23.357361 -25.294071 -22.105054 -13.672218 -14.291794 -13.625038 -13.695335 -14.092024 -13.441268 -15.269903 -15.656866 -14.850328
49.560000 -13.545277 -23.685642 -25.653346 -22.405790 -13.845850 -14.506259 -13.794530 -13.859023 -14.253952 -13.590327 -15.402257 -15.808879 -14.981078
49.600000 -13.823676 -24.122825 -26.132679 -22.824148 -14.137369 -14.811949 -14.073983 -14.125199 -14.547476 -13.841772 -15.649476 -16.083466 -15.237640
