#Quasar bolometric luminosity function in different peak halo mass bins from TRINITY PaperIII (Fig. 6, Zhang+2024, MNRAS, 529, 2777)
#z: 0.10
#log10(Lbol [erg/s])(0) log10(QLF_total [Mpc^-3 dex^-1])(1) log10(QLF(11<logMpeak<12) [Mpc^-3 dex^-1])(2) log10(QLF(11<logMpeak<12)_16th [Mpc^-3 dex^-1])(3) log10(QLF(11<logMpeak<12)_84th [Mpc^-3 dex^-1])(4)
#log10(QLF(12<logMpeak<13) [Mpc^-3 dex^-1])(5) log10(QLF(12<logMpeak<13)_16th [Mpc^-3 dex^-1])(6) log10(QLF(12<logMpeak<13)_84th [Mpc^-3 dex^-1])(7)
#log10(QLF(13<logMpeak<14) [Mpc^-3 dex^-1])(8) log10(QLF(13<logMpeak<14)_16th [Mpc^-3 dex^-1])(9) log10(QLF(13<logMpeak<14)_84th [Mpc^-3 dex^-1])(10)
#log10(QLF(14<logMpeak<15) [Mpc^-3 dex^-1])(11) log10(QLF(14<logMpeak<15)_16th [Mpc^-3 dex^-1])(12) log10(QLF(14<logMpeak<15)_84th [Mpc^-3 dex^-1])(13)
40.000000 -2.767491 -2.915158 -3.105098 -2.777799 -3.381617 -3.509918 -3.365471 -4.144007 -4.331557 -4.171299 -5.280607 -5.554205 -5.254568
40.040000 -2.771796 -2.919463 -3.106655 -2.783945 -3.385922 -3.509702 -3.371432 -4.148310 -4.331110 -4.177240 -5.284909 -5.552828 -5.262988
40.080000 -2.776144 -2.923811 -3.108252 -2.790134 -3.390269 -3.512704 -3.376412 -4.152656 -4.330706 -4.182978 -5.289253 -5.551495 -5.269964
40.120000 -2.781087 -2.928754 -3.110451 -2.796178 -3.395212 -3.516111 -3.383947 -4.157598 -4.332797 -4.187857 -5.294193 -5.550757 -5.275959
40.160000 -2.786647 -2.934315 -3.113258 -2.804320 -3.400772 -3.519036 -3.392014 -4.163156 -4.338734 -4.189308 -5.299750 -5.551885 -5.282571
40.200000 -2.792278 -2.939946 -3.116279 -2.811792 -3.406403 -3.524808 -3.399116 -4.168786 -4.343195 -4.193883 -5.305378 -5.552051 -5.289253
40.240000 -2.798607 -2.946275 -3.124041 -2.819961 -3.412731 -3.529007 -3.407411 -4.175112 -4.350231 -4.203342 -5.311702 -5.552813 -5.296632
40.280000 -2.805029 -2.952696 -3.131902 -2.828225 -3.419155 -3.531909 -3.416181 -4.181533 -4.357183 -4.213061 -5.318120 -5.553510 -5.304106
40.320000 -2.811586 -2.959253 -3.139878 -2.836943 -3.425713 -3.537367 -3.426296 -4.188088 -4.364415 -4.221013 -5.324673 -5.554532 -5.311714
40.360000 -2.818283 -2.965949 -3.146173 -2.845113 -3.432413 -3.546164 -3.433247 -4.194786 -4.371931 -4.228687 -5.331368 -5.556312 -5.320944
40.400000 -2.825084 -2.972748 -3.150008 -2.853809 -3.439219 -3.555170 -3.438135 -4.201589 -4.380801 -4.236038 -5.338168 -5.558266 -5.330959
40.440000 -2.832308 -2.979970 -3.152774 -2.862877 -3.446449 -3.565130 -3.441465 -4.208816 -4.389373 -4.243115 -5.345391 -5.560517 -5.341314
40.480000 -2.839654 -2.987311 -3.162536 -2.872074 -3.453808 -3.572131 -3.449168 -4.216170 -4.397603 -4.250084 -5.352742 -5.564680 -5.352639
40.520000 -2.847290 -2.994944 -3.168179 -2.881556 -3.461454 -3.582214 -3.454765 -4.223812 -4.408158 -4.257107 -5.360379 -5.569614 -5.364946
40.560000 -2.855229 -3.002872 -3.174338 -2.891357 -3.469420 -3.592851 -3.463714 -4.231774 -4.419060 -4.265618 -5.368336 -5.574814 -5.377103
40.600000 -2.863315 -3.010953 -3.180605 -2.901290 -3.477520 -3.602503 -3.474498 -4.239868 -4.429443 -4.275478 -5.376425 -5.579564 -5.387237
40.640000 -2.871707 -3.019322 -3.187643 -2.911571 -3.485968 -3.608236 -3.485630 -4.248311 -4.432006 -4.286608 -5.384862 -5.584662 -5.397721
40.680000 -2.880263 -3.027862 -3.194873 -2.921993 -3.494567 -3.611643 -3.495527 -4.256903 -4.440522 -4.297221 -5.393447 -5.589908 -5.408351
40.720000 -2.888884 -3.036450 -3.204479 -2.932524 -3.503269 -3.617052 -3.506947 -4.265598 -4.449444 -4.306157 -5.402135 -5.595257 -5.420543
40.760000 -2.897569 -3.045091 -3.214657 -2.944330 -3.512064 -3.625022 -3.518450 -4.274386 -4.459014 -4.312464 -5.410914 -5.602526 -5.432090
40.800000 -2.906432 -3.053915 -3.225008 -2.958064 -3.521026 -3.634825 -3.528095 -4.283338 -4.468753 -4.316217 -5.419858 -5.612814 -5.441576
40.840000 -2.915109 -3.062512 -3.235046 -2.971621 -3.529901 -3.644541 -3.536155 -4.292203 -4.478662 -4.320345 -5.428713 -5.623689 -5.454891
40.880000 -2.923963 -3.071314 -3.244478 -2.982917 -3.538888 -3.654882 -3.543052 -4.301180 -4.491031 -4.323847 -5.437678 -5.631829 -5.466740
40.920000 -2.932840 -3.080054 -3.254031 -2.993562 -3.548103 -3.666123 -3.552190 -4.310383 -4.501482 -4.327582 -5.446869 -5.636202 -5.478501
40.960000 -2.941738 -3.088885 -3.263110 -3.003992 -3.557170 -3.674301 -3.561721 -4.319436 -4.509341 -4.331174 -5.455908 -5.640424 -5.488473
41.000000 -2.950822 -3.097751 -3.272722 -3.014903 -3.566800 -3.685419 -3.567617 -4.329052 -4.518853 -4.340849 -5.465509 -5.645208 -5.499072
41.040000 -2.959796 -3.106562 -3.278670 -3.025181 -3.576180 -3.696536 -3.575284 -4.338416 -4.529067 -4.345785 -5.474856 -5.649738 -5.509123
41.080000 -2.968958 -3.115474 -3.284940 -3.035576 -3.585969 -3.708238 -3.581090 -4.348186 -4.539419 -4.353888 -5.484608 -5.657432 -5.517497
41.120000 -2.978138 -3.124317 -3.295522 -3.045932 -3.595991 -3.720428 -3.586764 -4.358188 -4.550405 -4.364575 -5.494589 -5.668705 -5.528337
41.160000 -2.987330 -3.133275 -3.308626 -3.055398 -3.605774 -3.734473 -3.592211 -4.367948 -4.561157 -4.373775 -5.504326 -5.680072 -5.538476
41.200000 -2.996721 -3.142182 -3.322788 -3.066097 -3.616383 -3.749699 -3.598501 -4.378532 -4.572741 -4.386266 -5.514884 -5.688395 -5.545446
41.240000 -3.005976 -3.151162 -3.335318 -3.075896 -3.626335 -3.760900 -3.604493 -4.388456 -4.583676 -4.397170 -5.524780 -5.697568 -5.548137
41.280000 -3.015433 -3.159963 -3.349242 -3.086293 -3.637452 -3.766161 -3.612547 -4.399543 -4.597223 -4.408419 -5.535834 -5.709695 -5.561398
41.320000 -3.024875 -3.169092 -3.359843 -3.095271 -3.647696 -3.778110 -3.621563 -4.409753 -4.609997 -4.416473 -5.546009 -5.719752 -5.575806
41.360000 -3.034296 -3.177676 -3.371364 -3.105160 -3.659255 -3.791371 -3.632441 -4.421275 -4.624083 -4.424818 -5.557492 -5.728246 -5.590181
41.400000 -3.043926 -3.186690 -3.382085 -3.114399 -3.670472 -3.805069 -3.640887 -4.432450 -4.637962 -4.434454 -5.568624 -5.737614 -5.605606
41.440000 -3.053388 -3.195407 -3.389629 -3.118495 -3.681862 -3.820563 -3.651104 -4.443793 -4.652139 -4.445285 -5.579919 -5.752514 -5.619910
41.480000 -3.063061 -3.204057 -3.398156 -3.122665 -3.694197 -3.835193 -3.661904 -4.456078 -4.666897 -4.456671 -5.592150 -5.768354 -5.630830
41.520000 -3.072737 -3.213207 -3.403224 -3.123158 -3.705256 -3.848621 -3.673407 -4.467079 -4.679375 -4.466937 -5.603093 -5.782907 -5.644601
41.560000 -3.082410 -3.221713 -3.411003 -3.130027 -3.718013 -3.863737 -3.686036 -4.479774 -4.693461 -4.476639 -5.615722 -5.795252 -5.657398
41.600000 -3.092304 -3.231064 -3.416996 -3.138404 -3.729355 -3.878694 -3.696994 -4.491046 -4.706122 -4.484019 -5.626921 -5.801169 -5.668767
41.640000 -3.101881 -3.239407 -3.423418 -3.148905 -3.742243 -3.895864 -3.706036 -4.503856 -4.720445 -4.492956 -5.639651 -5.810197 -5.677693
41.680000 -3.111674 -3.248639 -3.430333 -3.157799 -3.753558 -3.911450 -3.713152 -4.515086 -4.733423 -4.500338 -5.650791 -5.821277 -5.683873
41.720000 -3.121443 -3.257188 -3.436749 -3.170551 -3.766652 -3.928655 -3.721609 -4.528085 -4.748030 -4.509513 -5.663691 -5.834837 -5.693099
41.760000 -3.131182 -3.266009 -3.443934 -3.180750 -3.778919 -3.944831 -3.729245 -4.540247 -4.761798 -4.517851 -5.675744 -5.845061 -5.700954
41.800000 -3.141144 -3.275186 -3.447994 -3.193626 -3.791065 -3.960868 -3.736764 -4.552278 -4.775429 -4.525442 -5.687652 -5.858770 -5.709051
41.840000 -3.150813 -3.283611 -3.455691 -3.202082 -3.804214 -3.977889 -3.745292 -4.565298 -4.790832 -4.534061 -5.700537 -5.873976 -5.720692
41.880000 -3.160701 -3.293168 -3.463876 -3.211875 -3.815053 -3.992580 -3.751649 -4.575995 -4.805608 -4.540398 -5.711085 -5.885598 -5.726081
41.920000 -3.170590 -3.301944 -3.472904 -3.225823 -3.828103 -4.009460 -3.760452 -4.588888 -4.820421 -4.548081 -5.723813 -5.900518 -5.737528
41.960000 -3.180475 -3.311485 -3.479021 -3.234763 -3.838994 -4.024156 -3.767098 -4.599606 -4.833935 -4.552313 -5.734347 -5.913417 -5.748768
42.000000 -3.190591 -3.320784 -3.482179 -3.248243 -3.851471 -4.040264 -3.775335 -4.611892 -4.849371 -4.558184 -5.746430 -5.929058 -5.761778
42.040000 -3.200658 -3.330501 -3.494631 -3.260769 -3.862575 -4.053937 -3.782204 -4.622785 -4.863375 -4.566320 -5.757098 -5.939458 -5.774322
42.080000 -3.210965 -3.340319 -3.503115 -3.279059 -3.874330 -4.066907 -3.789729 -4.634307 -4.877723 -4.575467 -5.768372 -5.952089 -5.784743
42.120000 -3.221327 -3.350190 -3.513183 -3.296959 -3.886152 -4.079831 -3.797330 -4.645873 -4.892123 -4.584667 -5.779663 -5.965219 -5.796165
42.160000 -3.231741 -3.360617 -3.522031 -3.307253 -3.896576 -4.091249 -3.803541 -4.656014 -4.905108 -4.591284 -5.789500 -5.977568 -5.805893
42.200000 -3.242412 -3.370773 -3.534846 -3.321257 -3.908795 -4.104439 -3.811557 -4.667923 -4.919870 -4.599480 -5.801073 -5.992068 -5.812873
42.240000 -3.252789 -3.381507 -3.544726 -3.329414 -3.918192 -4.114782 -3.816761 -4.676978 -4.931788 -4.605364 -5.809757 -6.003677 -5.815886
42.280000 -3.263421 -3.391954 -3.563952 -3.340246 -3.929427 -4.126933 -3.823815 -4.687838 -4.945519 -4.613095 -5.820207 -6.016493 -5.822363
42.320000 -3.274116 -3.402887 -3.573505 -3.348279 -3.939500 -4.137891 -3.829722 -4.697498 -4.958062 -4.619625 -5.829415 -6.024608 -5.829696
42.360000 -3.284873 -3.413995 -3.584953 -3.359518 -3.949320 -4.148562 -3.835476 -4.706866 -4.970321 -4.625860 -5.838284 -6.034863 -5.833710
42.400000 -3.295904 -3.425266 -3.595219 -3.368504 -3.959742 -4.159796 -3.842085 -4.716791 -4.983149 -4.632649 -5.847660 -6.046072 -5.839725
42.440000 -3.306862 -3.436954 -3.606372 -3.379467 -3.968694 -4.169519 -3.847273 -4.725200 -4.994470 -4.637918 -5.855463 -6.055740 -5.844398
42.480000 -3.318103 -3.448597 -3.616844 -3.390874 -3.978890 -4.180439 -3.853636 -4.734801 -5.006991 -4.644372 -5.864397 -6.066886 -5.850338
42.520000 -3.329604 -3.461119 -3.626863 -3.403551 -3.987602 -4.189827 -3.858290 -4.742864 -5.017984 -4.649285 -5.871726 -6.076299 -5.855878
42.560000 -3.341377 -3.473548 -3.637489 -3.418993 -3.997646 -4.200491 -3.864312 -4.752199 -5.030257 -4.655463 -5.880254 -6.086948 -5.866121
42.600000 -3.353479 -3.486812 -3.647114 -3.434234 -4.006629 -4.210035 -3.869313 -4.760409 -5.041413 -4.660510 -5.887578 -6.096869 -5.875294
42.640000 -3.365528 -3.499951 -3.658640 -3.451622 -4.015806 -4.219710 -3.874553 -4.768746 -5.052700 -4.665676 -5.894942 -6.106825 -5.880354
42.680000 -3.377921 -3.513385 -3.669186 -3.467205 -4.025501 -4.229831 -3.881482 -4.777526 -5.064337 -4.671638 -5.902656 -6.117129 -5.884394
42.720000 -3.390455 -3.527571 -3.683264 -3.477057 -4.033725 -4.239481 -3.888916 -4.784756 -5.073479 -4.676730 -5.908718 -6.125777 -5.886751
42.760000 -3.403133 -3.541425 -3.697330 -3.485709 -4.043439 -4.251300 -3.897980 -4.793393 -5.083311 -4.683418 -5.916076 -6.135718 -5.888307
42.800000 -3.416192 -3.556323 -3.706120 -3.490802 -4.051832 -4.261527 -3.905867 -4.800619 -5.091558 -4.688895 -5.921904 -6.143754 -5.887767
42.840000 -3.429329 -3.571118 -3.720340 -3.501780 -4.060868 -4.272212 -3.914543 -4.808393 -5.101039 -4.695124 -5.928151 -6.151888 -5.889423
42.880000 -3.442876 -3.586611 -3.730248 -3.517831 -4.069654 -4.282455 -3.923127 -4.815818 -5.110614 -4.701219 -5.933909 -6.159014 -5.892212
42.920000 -3.456546 -3.602382 -3.747384 -3.537825 -4.078270 -4.292316 -3.931701 -4.822967 -5.118074 -4.707259 -5.939243 -6.167011 -5.894825
42.960000 -3.470337 -3.618243 -3.763078 -3.548436 -4.087199 -4.302269 -3.940751 -4.830317 -5.125489 -4.713728 -5.944617 -6.175092 -5.897477
43.000000 -3.484581 -3.634994 -3.780458 -3.564515 -4.095624 -4.311477 -3.949471 -4.837047 -5.132047 -4.719812 -5.949200 -6.182659 -5.898960
43.040000 -3.498838 -3.651398 -3.800832 -3.582230 -4.105063 -4.321447 -3.959373 -4.844665 -5.139374 -4.727025 -5.954486 -6.190784 -5.900733
43.080000 -3.513579 -3.668980 -3.817803 -3.597472 -4.113480 -4.330127 -3.968923 -4.851136 -5.145828 -4.733336 -5.958431 -6.197509 -5.901102
43.120000 -3.528590 -3.686429 -3.838444 -3.613213 -4.123253 -4.339880 -3.980851 -4.858827 -5.155175 -4.741117 -5.963387 -6.205465 -5.902596
43.160000 -3.543882 -3.704535 -3.854069 -3.628417 -4.132593 -4.348894 -3.992578 -4.865948 -5.164310 -4.748581 -5.967551 -6.212612 -5.903994
43.200000 -3.559732 -3.723461 -3.866362 -3.644638 -4.142083 -4.357748 -4.004686 -4.873077 -5.173286 -4.756310 -5.971488 -6.219512 -5.907245
43.240000 -3.575621 -3.742314 -3.880178 -3.661890 -4.152031 -4.366706 -4.015144 -4.880513 -5.182393 -4.763812 -5.975484 -6.226449 -5.908391
43.280000 -3.592113 -3.762297 -3.892349 -3.678990 -4.161650 -4.374957 -4.024086 -4.887475 -5.190839 -4.770943 -5.978744 -6.232626 -5.908825
43.320000 -3.608957 -3.782403 -3.909622 -3.698898 -4.172302 -4.383888 -4.034134 -4.895304 -5.202241 -4.778194 -5.982596 -6.239225 -5.909876
43.360000 -3.626168 -3.803304 -3.929594 -3.713786 -4.182651 -4.392067 -4.042778 -4.902692 -5.213400 -4.783988 -5.985718 -6.244935 -5.910228
43.400000 -3.644090 -3.824836 -3.950511 -3.729219 -4.194092 -4.400965 -4.052153 -4.910982 -5.225714 -4.790746 -5.989441 -6.251219 -5.911209
43.440000 -3.662152 -3.846687 -3.969566 -3.750192 -4.205535 -4.409415 -4.061462 -4.919158 -5.238424 -4.798161 -5.992735 -6.257048 -5.911793
43.480000 -3.680998 -3.869348 -3.992939 -3.766760 -4.217939 -4.416970 -4.073722 -4.928107 -5.251964 -4.807405 -5.996471 -6.263287 -5.912854
43.520000 -3.700387 -3.892717 -4.018362 -3.782559 -4.230800 -4.424617 -4.090124 -4.937365 -5.265866 -4.817074 -6.000176 -6.269462 -5.913921
43.560000 -3.720354 -3.916958 -4.041582 -3.799619 -4.243943 -4.431104 -4.102737 -4.946778 -5.279966 -4.827016 -6.003683 -6.275400 -5.915005
43.600000 -3.741285 -3.942306 -4.066535 -3.824871 -4.258062 -4.439135 -4.116571 -4.956937 -5.294844 -4.841024 -6.007570 -6.281679 -5.917558
43.640000 -3.762136 -3.967722 -4.083105 -3.846629 -4.272085 -4.445253 -4.130184 -4.966943 -5.309594 -4.857295 -6.010928 -6.287384 -5.919830
43.680000 -3.784039 -3.994500 -4.103073 -3.864235 -4.286936 -4.452729 -4.144986 -4.977512 -5.324924 -4.875256 -6.014464 -6.294616 -5.922541
43.720000 -3.806354 -4.021406 -4.132029 -3.883672 -4.302883 -4.463444 -4.160724 -4.989190 -5.338699 -4.894602 -6.018715 -6.302182 -5.926234
43.760000 -3.829084 -4.049604 -4.158125 -3.900496 -4.318191 -4.475433 -4.175715 -4.999899 -5.351132 -4.913227 -6.021593 -6.307414 -5.928838
43.800000 -3.853070 -4.078425 -4.188784 -3.919380 -4.335928 -4.491086 -4.193656 -5.013207 -5.366043 -4.932286 -6.026660 -6.314755 -5.933920
43.840000 -3.876648 -4.107478 -4.218018 -3.939757 -4.352612 -4.506260 -4.209594 -5.025187 -5.378364 -4.949074 -6.029981 -6.320263 -5.937383
43.880000 -3.901579 -4.138072 -4.253719 -3.967962 -4.370670 -4.522612 -4.227421 -5.038428 -5.391768 -4.965309 -6.034146 -6.326522 -5.941819
43.920000 -3.926997 -4.169358 -4.289112 -3.996064 -4.389174 -4.539954 -4.245555 -5.052272 -5.405597 -4.982271 -6.038485 -6.332852 -5.946705
43.960000 -3.952898 -4.201680 -4.323947 -4.017371 -4.407840 -4.549014 -4.263854 -5.065650 -5.416319 -4.992500 -6.041941 -6.338192 -5.950990
44.000000 -3.980443 -4.235517 -4.357526 -4.045685 -4.428526 -4.559171 -4.276547 -5.081509 -5.429091 -5.004951 -6.047451 -6.345463 -5.957617
44.040000 -4.007274 -4.269528 -4.390906 -4.068256 -4.447837 -4.564196 -4.287578 -5.095350 -5.439549 -5.015028 -6.050517 -6.350165 -5.959893
44.080000 -4.035872 -4.304436 -4.430573 -4.098563 -4.470172 -4.579472 -4.302720 -5.112720 -5.453255 -5.028696 -6.056703 -6.357846 -5.965268
44.120000 -4.064959 -4.341993 -4.465889 -4.123567 -4.490964 -4.600493 -4.312720 -5.127859 -5.464157 -5.039743 -6.060224 -6.362714 -5.969238
44.160000 -4.094500 -4.378769 -4.505924 -4.154322 -4.513800 -4.622112 -4.326797 -5.145846 -5.479263 -5.059530 -6.066212 -6.369559 -5.974365
44.200000 -4.126197 -4.419385 -4.546262 -4.184631 -4.537448 -4.646617 -4.339790 -5.164128 -5.501485 -5.083581 -6.072060 -6.375211 -5.979936
44.240000 -4.156763 -4.458609 -4.584732 -4.223208 -4.560732 -4.670836 -4.361685 -5.181647 -5.522931 -5.106777 -6.076815 -6.379449 -5.987419
44.280000 -4.189644 -4.501324 -4.628350 -4.249096 -4.585413 -4.690741 -4.388545 -5.201376 -5.541572 -5.132444 -6.083328 -6.386470 -6.002186
44.320000 -4.223134 -4.544644 -4.667302 -4.280809 -4.611570 -4.720279 -4.414044 -5.220677 -5.557156 -5.158715 -6.089153 -6.392804 -6.016717
44.360000 -4.257166 -4.589149 -4.711643 -4.319345 -4.637858 -4.744824 -4.441696 -5.241396 -5.574066 -5.182482 -6.096026 -6.400076 -6.032759
44.400000 -4.294093 -4.637594 -4.760844 -4.355910 -4.666937 -4.767067 -4.465425 -5.263524 -5.591649 -5.204659 -6.103933 -6.408044 -6.050260
44.440000 -4.328671 -4.682707 -4.806174 -4.396588 -4.694806 -4.779989 -4.489497 -5.285105 -5.608993 -5.226240 -6.111108 -6.415183 -6.062976
44.480000 -4.366242 -4.734317 -4.855271 -4.440073 -4.723668 -4.796731 -4.513016 -5.306693 -5.626359 -5.247887 -6.117794 -6.421438 -6.075332
44.520000 -4.404067 -4.784551 -4.905172 -4.479587 -4.754413 -4.812173 -4.541849 -5.330912 -5.645485 -5.272018 -6.127111 -6.430923 -6.090493
44.560000 -4.441894 -4.837614 -4.954729 -4.520841 -4.783975 -4.829852 -4.570749 -5.352991 -5.662261 -5.294091 -6.133729 -6.438316 -6.103297
44.600000 -4.483334 -4.893202 -5.007434 -4.560720 -4.818829 -4.859301 -4.602521 -5.378977 -5.682563 -5.319975 -6.144462 -6.447460 -6.114199
44.640000 -4.521648 -4.948064 -5.059670 -4.603082 -4.849414 -4.887104 -4.627103 -5.401801 -5.699718 -5.342396 -6.151316 -6.452135 -6.121499
44.680000 -4.563672 -5.005906 -5.115383 -4.652563 -4.885636 -4.919707 -4.656854 -5.426867 -5.718239 -5.360080 -6.160771 -6.458795 -6.131650
44.720000 -4.605957 -5.065399 -5.179120 -4.706710 -4.921723 -4.945541 -4.695678 -5.452843 -5.743318 -5.378771 -6.170923 -6.466683 -6.142386
44.760000 -4.648128 -5.125989 -5.237375 -4.760051 -4.958095 -4.979558 -4.726293 -5.477877 -5.761313 -5.396411 -6.179455 -6.474004 -6.151906
44.800000 -4.694838 -5.190220 -5.303269 -4.817964 -5.000345 -5.025119 -4.760192 -5.507859 -5.789465 -5.419941 -6.193630 -6.488148 -6.167828
44.840000 -4.736673 -5.253543 -5.360524 -4.873044 -5.036685 -5.061589 -4.792062 -5.531821 -5.803417 -5.440119 -6.200404 -6.491673 -6.177914
44.880000 -4.782972 -5.319812 -5.427631 -4.924473 -5.079155 -5.109157 -4.827637 -5.560862 -5.830730 -5.466586 -6.213466 -6.507331 -6.193534
44.920000 -4.829311 -5.388909 -5.494598 -4.979553 -5.121637 -5.141724 -4.863610 -5.588990 -5.852353 -5.492489 -6.224098 -6.520572 -6.209891
44.960000 -4.875088 -5.456467 -5.565250 -5.038602 -5.165305 -5.183458 -4.904378 -5.616064 -5.875346 -5.519047 -6.235204 -6.531965 -6.220519
45.000000 -4.926264 -5.531436 -5.637713 -5.105181 -5.214382 -5.234574 -4.947394 -5.649137 -5.899184 -5.556103 -6.250423 -6.548117 -6.245350
45.040000 -4.971301 -5.600091 -5.705262 -5.165672 -5.259095 -5.276187 -4.985879 -5.674773 -5.919157 -5.589310 -6.259385 -6.557760 -6.263400
45.080000 -5.021554 -5.675114 -5.779796 -5.233302 -5.309824 -5.322392 -5.029112 -5.705431 -5.945783 -5.629332 -6.273559 -6.578650 -6.282629
45.120000 -5.071724 -5.751155 -5.854883 -5.297216 -5.360686 -5.374062 -5.072343 -5.737767 -5.982535 -5.654516 -6.286720 -6.587804 -6.287156
45.160000 -5.120977 -5.826010 -5.926110 -5.365276 -5.412736 -5.420222 -5.117028 -5.767304 -6.009188 -5.680363 -6.300046 -6.598950 -6.299121
45.200000 -5.176539 -5.909803 -6.006671 -5.440788 -5.470778 -5.475287 -5.170964 -5.805399 -6.042181 -5.712124 -6.317607 -6.616542 -6.328525
45.240000 -5.224818 -5.985717 -6.080116 -5.511071 -5.523551 -5.523453 -5.217591 -5.834863 -6.076149 -5.740654 -6.330052 -6.628537 -6.346501
45.280000 -5.279142 -6.069320 -6.159224 -5.585759 -5.583175 -5.581625 -5.272126 -5.871539 -6.119108 -5.772842 -6.346134 -6.657559 -6.360798
45.320000 -5.333174 -6.152438 -6.239574 -5.661592 -5.643988 -5.643883 -5.327633 -5.907478 -6.159612 -5.803959 -6.364567 -6.670178 -6.374528
45.360000 -5.385772 -6.234744 -6.317956 -5.734773 -5.704514 -5.706565 -5.382945 -5.943327 -6.201705 -5.838877 -6.379671 -6.676535 -6.386858
45.400000 -5.445630 -6.324975 -6.408604 -5.816283 -5.773373 -5.774684 -5.447537 -5.986873 -6.243174 -5.878837 -6.403351 -6.695807 -6.410987
45.440000 -5.496345 -6.406825 -6.491191 -5.889612 -5.835291 -5.833985 -5.503814 -6.020240 -6.276261 -5.915609 -6.418574 -6.706018 -6.419370
45.480000 -5.553774 -6.495388 -6.581537 -5.971006 -5.903169 -5.902505 -5.568221 -6.065169 -6.314298 -5.955856 -6.438943 -6.726574 -6.440408
45.520000 -5.610728 -6.584102 -6.671611 -6.053181 -5.973600 -5.970418 -5.635444 -6.106520 -6.355318 -6.003613 -6.462336 -6.754618 -6.458601
45.560000 -5.665784 -6.671610 -6.758463 -6.133292 -6.041645 -6.038350 -5.700404 -6.150755 -6.394057 -6.044899 -6.480782 -6.781285 -6.477960
45.600000 -5.728847 -6.767056 -6.852087 -6.217172 -6.120031 -6.117616 -5.776325 -6.201140 -6.442100 -6.099062 -6.511125 -6.815560 -6.507466
45.640000 -5.781963 -6.853341 -6.934819 -6.291271 -6.189107 -6.191284 -5.840499 -6.244299 -6.484140 -6.141981 -6.529919 -6.839840 -6.533990
45.680000 -5.842494 -6.946557 -7.024545 -6.372821 -6.266629 -6.265257 -5.910846 -6.294960 -6.531043 -6.188828 -6.559383 -6.863895 -6.573608
45.720000 -5.902558 -7.039240 -7.113134 -6.453889 -6.344892 -6.344353 -5.984550 -6.346862 -6.584910 -6.239204 -6.587910 -6.884635 -6.607642
45.760000 -5.960502 -7.129986 -7.200078 -6.532969 -6.421312 -6.422022 -6.057295 -6.398520 -6.637903 -6.286731 -6.615163 -6.910374 -6.636971
45.800000 -6.027386 -7.230232 -7.294861 -6.621865 -6.508931 -6.510174 -6.137690 -6.457702 -6.702476 -6.346340 -6.654299 -6.958288 -6.670118
45.840000 -6.082982 -7.317984 -7.377228 -6.698216 -6.583850 -6.584770 -6.207874 -6.511470 -6.755847 -6.394449 -6.679240 -6.992539 -6.696755
45.880000 -6.146755 -7.414322 -7.467658 -6.783548 -6.669220 -6.669186 -6.290000 -6.570066 -6.818362 -6.453099 -6.717960 -7.036223 -6.731426
45.920000 -6.210196 -7.510191 -7.557766 -6.868044 -6.753608 -6.752752 -6.372754 -6.633487 -6.882452 -6.514594 -6.753200 -7.068619 -6.770537
45.960000 -6.271439 -7.603187 -7.644885 -6.950597 -6.837275 -6.835669 -6.452582 -6.693011 -6.944168 -6.574913 -6.790210 -7.093056 -6.807439
46.000000 -6.342759 -7.706515 -7.741812 -7.042602 -6.930570 -6.926105 -6.543061 -6.765010 -7.018224 -6.646404 -6.837388 -7.134450 -6.856512
46.040000 -6.401747 -7.796246 -7.827020 -7.122074 -7.012015 -7.002282 -6.619343 -6.825097 -7.079059 -6.705824 -6.873997 -7.173703 -6.896887
46.080000 -6.470025 -7.894996 -7.921516 -7.210133 -7.102517 -7.086755 -6.705403 -6.895277 -7.151735 -6.775470 -6.921373 -7.222845 -6.942940
46.120000 -6.537961 -7.992796 -8.015850 -7.297745 -7.192758 -7.171552 -6.790719 -6.967400 -7.223143 -6.845769 -6.968023 -7.273654 -6.986962
46.160000 -6.603246 -8.088138 -8.108103 -7.383489 -7.280617 -7.259337 -6.873911 -7.034912 -7.294851 -6.913999 -7.015595 -7.324110 -7.032868
46.200000 -6.680111 -8.193658 -8.204490 -7.479740 -7.379218 -7.357213 -6.966288 -7.118936 -7.377719 -6.995217 -7.072280 -7.391200 -7.088568
46.240000 -6.742564 -8.284578 -8.292218 -7.561971 -7.463306 -7.440851 -7.041759 -7.185353 -7.446539 -7.063261 -7.118986 -7.439510 -7.132801
46.280000 -6.815532 -8.385802 -8.393392 -7.658499 -7.557398 -7.535799 -7.127546 -7.265946 -7.526513 -7.142374 -7.174617 -7.493903 -7.188469
46.320000 -6.888223 -8.485786 -8.493411 -7.754075 -7.651273 -7.631225 -7.213850 -7.345025 -7.604982 -7.221493 -7.232244 -7.554486 -7.244671
46.360000 -6.957842 -8.582868 -8.588177 -7.846678 -7.740503 -7.722458 -7.301880 -7.421734 -7.678845 -7.297348 -7.287876 -7.611248 -7.299574
46.400000 -7.040791 -8.691868 -8.694842 -7.952576 -7.843222 -7.826863 -7.403139 -7.512438 -7.766436 -7.384451 -7.357291 -7.683640 -7.365554
46.440000 -7.107119 -8.784772 -8.784266 -8.041014 -7.927651 -7.912223 -7.486343 -7.585888 -7.839339 -7.457619 -7.411854 -7.739125 -7.411514
46.480000 -7.185436 -8.888454 -8.887175 -8.144435 -8.024240 -8.008335 -7.575605 -7.673099 -7.925434 -7.539327 -7.477949 -7.806316 -7.474973
46.520000 -7.263429 -8.993154 -8.987055 -8.244677 -8.119109 -8.102943 -7.661275 -7.757999 -8.009052 -7.620337 -7.545972 -7.874928 -7.540580
46.560000 -7.337578 -9.092226 -9.088559 -8.341541 -8.209918 -8.195966 -7.749193 -7.841669 -8.089109 -7.698371 -7.609246 -7.939906 -7.602469
46.600000 -7.427048 -9.207951 -9.207962 -8.453199 -8.314601 -8.302619 -7.852259 -7.938482 -8.183609 -7.790964 -7.689955 -8.021269 -7.681747
46.640000 -7.497273 -9.303869 -9.310377 -8.547697 -8.399652 -8.389064 -7.929662 -8.017362 -8.261501 -7.866036 -7.751222 -8.086273 -7.745036
46.680000 -7.581084 -9.413589 -9.421473 -8.656067 -8.497720 -8.488128 -8.011717 -8.109164 -8.351157 -7.951379 -7.826962 -8.161707 -7.816725
46.720000 -7.664419 -9.523908 -9.530873 -8.766208 -8.593724 -8.585562 -8.092385 -8.199876 -8.439617 -8.033327 -7.903194 -8.236921 -7.893739
46.760000 -7.742823 -9.628239 -9.645765 -8.870396 -8.684942 -8.679194 -8.172069 -8.286015 -8.515411 -8.118031 -7.974605 -8.309067 -7.961910
46.800000 -7.838570 -9.752665 -9.766095 -8.994532 -8.791839 -8.788721 -8.276029 -8.388398 -8.606343 -8.220316 -8.064417 -8.398259 -8.046945
46.840000 -7.912075 -9.852960 -9.864441 -9.095891 -8.876875 -8.876310 -8.357307 -8.469068 -8.674157 -8.299115 -8.131929 -8.465597 -8.110392
46.880000 -8.000607 -9.972779 -9.979946 -9.214770 -8.975526 -8.977939 -8.453986 -8.563559 -8.755028 -8.379121 -8.215394 -8.547385 -8.184005
46.920000 -8.088602 -10.089033 -10.105388 -9.333146 -9.074130 -9.078518 -8.549462 -8.657928 -8.839665 -8.458187 -8.298282 -8.628514 -8.256004
46.960000 -8.170727 -10.204359 -10.228118 -9.447314 -9.165450 -9.172331 -8.639510 -8.745432 -8.921405 -8.537999 -8.376051 -8.702861 -8.322898
47.000000 -8.272091 -10.337377 -10.371164 -9.583406 -9.276652 -9.286011 -8.748540 -8.851992 -9.029311 -8.640571 -8.473197 -8.796914 -8.408399
47.040000 -8.348312 -10.448139 -10.490502 -9.693910 -9.362045 -9.373971 -8.833048 -8.933073 -9.113544 -8.718099 -8.545533 -8.865355 -8.474462
47.080000 -8.440820 -10.576730 -10.629871 -9.824178 -9.463697 -9.478830 -8.933777 -9.029596 -9.210660 -8.815157 -8.634604 -8.950918 -8.564108
47.120000 -8.532660 -10.705268 -10.756432 -9.953358 -9.565002 -9.582726 -9.035034 -9.125391 -9.298021 -8.912508 -8.723081 -9.038341 -8.654251
47.160000 -8.617620 -10.830915 -10.889851 -10.080892 -9.659011 -9.680826 -9.127343 -9.213618 -9.377511 -8.992939 -8.805069 -9.118625 -8.731313
47.200000 -8.723346 -10.975933 -11.050879 -10.235854 -9.774925 -9.799456 -9.238483 -9.322309 -9.478369 -9.091789 -8.907889 -9.220034 -8.827772
47.240000 -8.801780 -11.100783 -11.178837 -10.361188 -9.862738 -9.891854 -9.323367 -9.403406 -9.551870 -9.165787 -8.983671 -9.294443 -8.898358
47.280000 -8.897571 -11.238908 -11.320741 -10.508685 -9.970153 -10.002230 -9.424159 -9.501442 -9.649878 -9.260393 -9.076796 -9.386199 -8.986891
47.320000 -8.992621 -11.384944 -11.469152 -10.648186 -10.075223 -10.112181 -9.524382 -9.598538 -9.747503 -9.352302 -9.169486 -9.477397 -9.073706
47.360000 -9.079951 -11.519927 -11.610025 -10.788685 -10.175797 -10.216216 -9.617755 -9.687529 -9.834973 -9.439604 -9.254312 -9.560759 -9.158432
47.400000 -9.189377 -11.683771 -11.775062 -10.956680 -10.297075 -10.345658 -9.735358 -9.798658 -9.945334 -9.549487 -9.361438 -9.660869 -9.259364
47.440000 -9.269587 -11.817973 -11.918132 -11.094198 -10.391920 -10.441147 -9.825153 -9.880100 -10.024232 -9.622971 -9.439295 -9.727996 -9.328904
47.480000 -9.368045 -11.975167 -12.078818 -11.246908 -10.504888 -10.557869 -9.934843 -9.979874 -10.121842 -9.712969 -9.535461 -9.828294 -9.417510
47.520000 -9.465809 -12.133222 -12.246471 -11.416005 -10.618813 -10.677382 -10.046543 -10.078966 -10.222728 -9.803667 -9.630848 -9.916290 -9.507761
47.560000 -9.555300 -12.284776 -12.416145 -11.589592 -10.725973 -10.787480 -10.150696 -10.169524 -10.317591 -9.886415 -9.718004 -9.994985 -9.589516
47.600000 -9.668148 -12.466185 -12.603807 -11.771551 -10.856369 -10.924213 -10.281737 -10.283969 -10.432441 -9.994950 -9.828435 -10.097453 -9.694889
47.640000 -9.750032 -12.613279 -12.774852 -11.934303 -10.960005 -11.030247 -10.382354 -10.367396 -10.513163 -10.072490 -9.907658 -10.168451 -9.769528
47.680000 -9.851028 -12.789751 -12.962497 -12.107644 -11.080150 -11.162361 -10.505986 -10.470296 -10.613700 -10.169867 -10.006205 -10.258745 -9.863962
47.720000 -9.951361 -12.960592 -13.140110 -12.297035 -11.206106 -11.293043 -10.629348 -10.572967 -10.714656 -10.271700 -10.103542 -10.352280 -9.958045
47.760000 -10.042835 -13.132840 -13.314588 -12.461737 -11.319712 -11.414867 -10.747562 -10.667126 -10.811436 -10.364922 -10.192310 -10.440469 -10.043361
47.800000 -10.158861 -13.325242 -13.528769 -12.669947 -11.464248 -11.564362 -10.890378 -10.786446 -10.933014 -10.484596 -10.305109 -10.553511 -10.153503
47.840000 -10.242597 -13.496077 -13.714640 -12.837883 -11.574120 -11.688033 -10.999081 -10.873805 -11.025002 -10.571297 -10.385832 -10.632355 -10.231369
47.880000 -10.346430 -13.682059 -13.910938 -13.014359 -11.708784 -11.831222 -11.126920 -10.982341 -11.137138 -10.676319 -10.486171 -10.734082 -10.330039
47.920000 -10.449800 -13.875916 -14.114141 -13.199444 -11.843099 -11.973216 -11.252174 -11.090794 -11.251302 -10.777641 -10.586101 -10.833300 -10.424223
47.960000 -10.543897 -14.061309 -14.316503 -13.386916 -11.969187 -12.106882 -11.373028 -11.190838 -11.356779 -10.872904 -10.676617 -10.914811 -10.512554
48.000000 -10.664188 -14.273928 -14.541001 -13.606228 -12.126215 -12.271155 -11.523791 -11.318318 -11.493299 -10.995946 -10.792914 -11.032904 -10.630930
48.040000 -10.750437 -14.459653 -14.752072 -13.772571 -12.245295 -12.399117 -11.639622 -11.411670 -11.595811 -11.088827 -10.875579 -11.112255 -10.713214
48.080000 -10.858169 -14.663109 -14.960977 -13.963617 -12.395024 -12.559019 -11.782408 -11.528672 -11.716178 -11.205234 -10.978933 -11.212334 -10.818064
48.120000 -10.965803 -14.876623 -15.184306 -14.170029 -12.537743 -12.718538 -11.921463 -11.645060 -11.841716 -11.320513 -11.082827 -11.311115 -10.919135
48.160000 -11.063678 -15.072870 -15.389783 -14.365850 -12.681126 -12.871154 -12.057966 -11.754083 -11.958731 -11.432435 -11.176180 -11.402046 -11.011878
48.200000 -11.190231 -15.313860 -15.637704 -14.604094 -12.846234 -13.054437 -12.218403 -11.891276 -12.103488 -11.569705 -11.298806 -11.521693 -11.132259
48.240000 -11.280123 -15.504534 -15.841056 -14.786728 -12.983705 -13.200776 -12.349688 -11.994060 -12.210793 -11.677583 -11.384189 -11.611382 -11.216984
48.280000 -11.393611 -15.736061 -16.079284 -15.016113 -13.140617 -13.377078 -12.500758 -12.120906 -12.336574 -11.805857 -11.493421 -11.724861 -11.322428
48.320000 -11.507513 -15.958228 -16.334959 -15.230449 -13.301777 -13.547635 -12.656998 -12.248592 -12.467563 -11.942548 -11.603130 -11.837518 -11.427295
48.360000 -11.610743 -16.179768 -16.589451 -15.454169 -13.454821 -13.717602 -12.802725 -12.368225 -12.595240 -12.065603 -11.701795 -11.942567 -11.521715
48.400000 -11.746423 -16.431704 -16.869213 -15.695871 -13.636397 -13.915218 -12.981917 -12.518525 -12.755036 -12.225858 -11.833621 -12.075284 -11.645305
48.440000 -11.841317 -16.645996 -17.117209 -15.907348 -13.787346 -14.082513 -13.129303 -12.632252 -12.875090 -12.343640 -11.923901 -12.172213 -11.730305
48.480000 -11.962916 -16.890629 -17.385722 -16.115796 -13.954710 -14.268080 -13.297082 -12.769909 -13.016561 -12.490036 -12.041833 -12.288831 -11.843292
48.520000 -12.085543 -17.130406 -17.674176 -16.359949 -14.137601 -14.467184 -13.476265 -12.913329 -13.168282 -12.633727 -12.159997 -12.409340 -11.967001
48.560000 -12.195667 -17.375118 -17.934329 -16.573571 -14.294758 -14.661067 -13.623647 -13.041194 -13.311002 -12.759433 -12.266597 -12.514613 -12.076278
48.600000 -12.343563 -17.637306 -18.257807 -16.848467 -14.505027 -14.891982 -13.839063 -13.211186 -13.495980 -12.928247 -12.410348 -12.660912 -12.229161
48.640000 -12.444130 -17.877785 -18.510577 -17.065234 -14.656083 -15.076353 -13.996038 -13.332433 -13.634905 -13.047505 -12.507351 -12.757362 -12.330772
48.680000 -12.575234 -18.126941 -18.816703 -17.307629 -14.848129 -15.277613 -14.178972 -13.485311 -13.795284 -13.196977 -12.634888 -12.886654 -12.465262
48.720000 -12.708207 -18.399928 -19.113018 -17.557086 -15.037824 -15.491040 -14.374896 -13.642465 -13.955094 -13.350789 -12.764231 -13.019500 -12.593907
48.760000 -12.826151 -18.642065 -19.404814 -17.783281 -15.212905 -15.680266 -14.552902 -13.781772 -14.100599 -13.490563 -12.879141 -13.137045 -12.710599
48.800000 -12.988583 -18.944994 -19.729795 -18.085472 -15.439563 -15.936115 -14.773995 -13.970925 -14.298634 -13.675971 -13.038068 -13.305062 -12.870263
48.840000 -13.095674 -19.182387 -20.018291 -18.328121 -15.600339 -16.129469 -14.926236 -14.099673 -14.441540 -13.792297 -13.142500 -13.413737 -12.974625
48.880000 -13.238131 -19.458464 -20.317944 -18.613335 -15.813139 -16.366852 -15.125444 -14.271152 -14.610529 -13.946780 -13.281645 -13.567931 -13.115320
48.920000 -13.383737 -19.749147 -20.640860 -18.888168 -16.009939 -16.580708 -15.324331 -14.438632 -14.789767 -14.096413 -13.424930 -13.720049 -13.259693
48.960000 -13.510873 -20.001322 -20.927851 -19.135069 -16.211285 -16.782703 -15.504591 -14.596334 -14.953611 -14.235162 -13.549040 -13.857183 -13.384437
49.000000 -13.691393 -20.335636 -21.297659 -19.446002 -16.443155 -17.036506 -15.744806 -14.800605 -15.167595 -14.421331 -13.727387 -14.036267 -13.565872
49.040000 -13.806319 -20.574173 -21.579785 -19.667100 -16.631578 -17.229874 -15.906934 -14.944770 -15.333759 -14.550891 -13.839801 -14.153506 -13.690382
49.080000 -13.963053 -20.886629 -21.916248 -19.941239 -16.844338 -17.479054 -16.120312 -15.129026 -15.537601 -14.727853 -13.994361 -14.311536 -13.855031
49.120000 -14.124963 -21.173938 -22.264162 -20.211735 -17.074311 -17.717988 -16.327070 -15.318078 -15.725832 -14.917518 -14.154257 -14.475528 -14.020956
49.160000 -14.263223 -21.470580 -22.565474 -20.471566 -17.277020 -17.953149 -16.506879 -15.486777 -15.889782 -15.078408 -14.290434 -14.622040 -14.160788
49.200000 -14.467248 -21.802960 -22.962859 -20.803959 -17.541734 -18.234460 -16.752870 -15.716117 -16.139589 -15.308696 -14.492839 -14.834356 -14.366844
49.240000 -14.591095 -22.075148 -23.281717 -21.043144 -17.738900 -18.457846 -16.923798 -15.873848 -16.318639 -15.459787 -14.614681 -14.969930 -14.495365
49.280000 -14.765011 -22.393371 -23.631999 -21.347187 -17.965216 -18.711744 -17.133686 -16.070031 -16.537051 -15.667341 -14.787367 -15.155519 -14.666863
49.320000 -14.948062 -22.710446 -23.995771 -21.636775 -18.228840 -19.005294 -17.360289 -16.290275 -16.782609 -15.873396 -14.968514 -15.366429 -14.853258
49.360000 -15.101587 -23.019639 -24.372554 -21.912638 -18.428154 -19.237367 -17.553442 -16.464530 -16.976377 -16.054791 -15.121051 -15.540953 -15.009871
49.400000 -15.341199 -23.383625 -24.803706 -22.267869 -18.749377 -19.597791 -17.842248 -16.739206 -17.282253 -16.313869 -15.359102 -15.817619 -15.259446
49.440000 -15.479838 -23.678676 -25.137755 -22.516549 -18.930625 -19.803942 -18.022708 -16.899619 -17.462347 -16.471071 -15.496840 -15.982547 -15.405267
49.480000 -15.684698 -23.997806 -25.491599 -22.847592 -19.209294 -20.129447 -18.285340 -17.134577 -17.732549 -16.723636 -15.700526 -16.224575 -15.605297
49.520000 -15.908704 -24.379678 -25.920209 -23.176463 -19.479102 -20.417259 -18.557146 -17.381353 -18.004374 -16.960900 -15.923703 -16.482981 -15.822742
49.560000 -16.089411 -24.663411 -26.240135 -23.496299 -19.718146 -20.706690 -18.803254 -17.585006 -18.243346 -17.159303 -16.103617 -16.699107 -16.051102
49.600000 -16.404590 -25.117788 -26.739362 -23.904338 -20.086638 -21.086354 -19.164524 -17.927143 -18.620743 -17.516528 -16.417921 -17.044739 -16.381709
