#Quasar bolometric luminosity function in different peak halo mass bins from TRINITY PaperIII (Fig. 6, Zhang+2024, MNRAS, 529, 2777)
#z: 1.00
#log10(Lbol [erg/s])(0) log10(QLF_total [Mpc^-3 dex^-1])(1) log10(QLF(11<logMpeak<12) [Mpc^-3 dex^-1])(2) log10(QLF(11<logMpeak<12)_16th [Mpc^-3 dex^-1])(3) log10(QLF(11<logMpeak<12)_84th [Mpc^-3 dex^-1])(4)
#log10(QLF(12<logMpeak<13) [Mpc^-3 dex^-1])(5) log10(QLF(12<logMpeak<13)_16th [Mpc^-3 dex^-1])(6) log10(QLF(12<logMpeak<13)_84th [Mpc^-3 dex^-1])(7)
#log10(QLF(13<logMpeak<14) [Mpc^-3 dex^-1])(8) log10(QLF(13<logMpeak<14)_16th [Mpc^-3 dex^-1])(9) log10(QLF(13<logMpeak<14)_84th [Mpc^-3 dex^-1])(10)
#log10(QLF(14<logMpeak<15) [Mpc^-3 dex^-1])(11) log10(QLF(14<logMpeak<15)_16th [Mpc^-3 dex^-1])(12) log10(QLF(14<logMpeak<15)_84th [Mpc^-3 dex^-1])(13)
40.000000 -3.847886 -4.678574 -4.863405 -4.497722 -3.993477 -4.221461 -4.001513 -4.716213 -4.948936 -4.755296 -6.608008 -6.868779 -6.592813
40.040000 -3.841991 -4.672354 -4.855710 -4.492178 -3.987486 -4.212528 -3.995578 -4.711186 -4.939868 -4.750052 -6.601929 -6.857714 -6.589155
40.080000 -3.836175 -4.666198 -4.848023 -4.486684 -3.981567 -4.203725 -3.989714 -4.706291 -4.931175 -4.744897 -6.595916 -6.846721 -6.584205
40.120000 -3.830348 -4.659989 -4.840333 -4.481131 -3.975634 -4.194909 -3.983834 -4.701445 -4.922530 -4.742241 -6.589883 -6.835718 -6.575521
40.160000 -3.824512 -4.653755 -4.832561 -4.475560 -3.969685 -4.186078 -3.978472 -4.696652 -4.913929 -4.740095 -6.583828 -6.824700 -6.566850
40.200000 -3.818754 -4.647557 -4.824841 -4.469973 -3.963811 -4.177324 -3.973739 -4.692005 -4.905470 -4.735900 -6.577841 -6.815209 -6.558284
40.240000 -3.812911 -4.641233 -4.817001 -4.464329 -3.957848 -4.168482 -3.968911 -4.687345 -4.898339 -4.731304 -6.571758 -6.806644 -6.549748
40.280000 -3.807146 -4.634966 -4.808090 -4.458927 -3.951954 -4.159709 -3.964145 -4.682831 -4.892188 -4.726654 -6.565735 -6.798135 -6.542825
40.320000 -3.801326 -4.628560 -4.798975 -4.453646 -3.946008 -4.150885 -3.959012 -4.678350 -4.886002 -4.721325 -6.559652 -6.789559 -6.538818
40.360000 -3.795453 -4.622115 -4.789738 -4.448119 -3.939994 -4.141668 -3.953880 -4.673888 -4.879770 -4.716202 -6.553494 -6.781237 -6.535521
40.400000 -3.789658 -4.615594 -4.780588 -4.441932 -3.934071 -4.130172 -3.949206 -4.669609 -4.873651 -4.711244 -6.547416 -6.776105 -6.532294
40.440000 -3.783588 -4.608854 -4.771025 -4.434638 -3.927850 -4.118390 -3.944225 -4.665128 -4.867256 -4.706070 -6.541031 -6.770659 -6.528749
40.480000 -3.777602 -4.601977 -4.761617 -4.427638 -3.921738 -4.106731 -3.939343 -4.660858 -4.860994 -4.701088 -6.534744 -6.765304 -6.525286
40.520000 -3.771494 -4.594998 -4.751855 -4.420185 -3.915484 -4.094944 -3.934361 -4.656551 -4.855718 -4.695140 -6.528305 -6.759791 -6.517688
40.560000 -3.765273 -4.587763 -4.742050 -4.412421 -3.909128 -4.083073 -3.929792 -4.652253 -4.850791 -4.690530 -6.521752 -6.754157 -6.512052
40.600000 -3.759138 -4.580451 -4.732139 -4.404931 -3.902871 -4.071317 -3.925307 -4.648171 -4.844546 -4.683485 -6.515287 -6.748602 -6.504882
40.640000 -3.752619 -4.572838 -4.721754 -4.396352 -3.896200 -4.059238 -3.920388 -4.643793 -4.838002 -4.676350 -6.508395 -6.742610 -6.497745
40.680000 -3.746196 -4.564919 -4.711464 -4.388462 -3.889678 -4.049132 -3.915600 -4.639693 -4.831735 -4.669879 -6.501639 -6.736748 -6.491062
40.720000 -3.739632 -4.557119 -4.700683 -4.380490 -3.882953 -4.039945 -3.910590 -4.635519 -4.825095 -4.664238 -6.494666 -6.730656 -6.484160
40.760000 -3.732933 -4.548548 -4.690031 -4.373511 -3.876189 -4.030962 -3.905518 -4.631444 -4.818249 -4.658263 -6.487639 -6.724501 -6.474400
40.800000 -3.726337 -4.540481 -4.678845 -4.365905 -3.869440 -4.021759 -3.898526 -4.627524 -4.811564 -4.650715 -6.480613 -6.718168 -6.462981
40.840000 -3.719691 -4.531607 -4.668104 -4.358376 -3.862758 -4.013013 -3.891444 -4.623822 -4.805105 -4.643465 -6.473638 -6.709942 -6.451409
40.880000 -3.713145 -4.523025 -4.656569 -4.349200 -3.856126 -4.005414 -3.884396 -4.620318 -4.798853 -4.640825 -6.466695 -6.701747 -6.439939
40.920000 -3.706945 -4.514512 -4.645767 -4.340937 -3.849871 -3.994633 -3.878612 -4.617352 -4.793417 -4.640031 -6.460113 -6.693910 -6.434931
40.960000 -3.701079 -4.505869 -4.634783 -4.334824 -3.844019 -3.984165 -3.870899 -4.614950 -4.788997 -4.635249 -6.453916 -6.686207 -6.432276
41.000000 -3.695291 -4.497818 -4.623634 -4.327178 -3.838133 -3.976814 -3.864055 -4.612685 -4.784718 -4.630593 -6.447667 -6.678258 -6.429587
41.040000 -3.690368 -4.489589 -4.613595 -4.321416 -3.833289 -3.969573 -3.858242 -4.611634 -4.781667 -4.629758 -6.442441 -6.671333 -6.427943
41.080000 -3.685501 -4.482264 -4.602691 -4.315182 -3.828325 -3.962198 -3.852295 -4.610642 -4.778676 -4.630771 -6.437074 -6.664266 -6.423965
41.120000 -3.680905 -4.473864 -4.592875 -4.309268 -3.823871 -3.955323 -3.847247 -4.610344 -4.776397 -4.630452 -6.432198 -6.657691 -6.419063
41.160000 -3.676571 -4.466699 -4.576334 -4.303798 -3.819477 -3.949428 -3.842411 -4.610296 -4.773445 -4.629965 -6.427359 -6.651154 -6.414198
41.200000 -3.672280 -4.458258 -4.559080 -4.297492 -3.815367 -3.944310 -3.837511 -4.610722 -4.770958 -4.629362 -6.422784 -6.644879 -6.409597
41.240000 -3.668189 -4.450460 -4.542425 -4.291760 -3.811356 -3.939294 -3.832566 -4.611450 -4.769389 -4.628712 -6.418286 -6.638414 -6.405073
41.280000 -3.664136 -4.442425 -4.526560 -4.283529 -3.807425 -3.934362 -3.827682 -4.612455 -4.767461 -4.624961 -6.413844 -6.631602 -6.400605
41.320000 -3.660189 -4.433815 -4.513994 -4.273420 -3.803726 -3.929666 -3.823011 -4.613903 -4.766699 -4.620596 -6.409613 -6.625003 -6.398665
41.360000 -3.656346 -4.426260 -4.502209 -4.262065 -3.799927 -3.924871 -3.818223 -4.615457 -4.766089 -4.617016 -6.405257 -6.617999 -6.396752
41.400000 -3.652536 -4.417300 -4.489139 -4.250444 -3.796447 -3.919987 -3.813733 -4.617547 -4.766020 -4.616082 -6.401196 -6.608970 -6.393993
41.440000 -3.648918 -4.409779 -4.477097 -4.242438 -3.792892 -3.914614 -3.809150 -4.619776 -4.766135 -4.617318 -6.397038 -6.599869 -6.388470
41.480000 -3.645329 -4.400651 -4.463772 -4.232398 -3.789703 -3.909091 -3.804913 -4.622594 -4.766844 -4.618585 -6.393221 -6.590897 -6.382988
41.520000 -3.641875 -4.392925 -4.450685 -4.220306 -3.786375 -3.901181 -3.800519 -4.625495 -4.766954 -4.616922 -6.389242 -6.581690 -6.377394
41.560000 -3.638552 -4.383774 -4.435266 -4.208644 -3.783511 -3.896611 -3.796568 -4.629085 -4.769211 -4.616786 -6.385702 -6.572950 -6.372520
41.600000 -3.635255 -4.375278 -4.420779 -4.195222 -3.780536 -3.890831 -3.791662 -4.632791 -4.770895 -4.616830 -6.382029 -6.564056 -6.367635
41.640000 -3.632229 -4.366695 -4.410983 -4.183374 -3.777915 -3.884826 -3.787118 -4.637078 -4.773175 -4.617366 -6.378685 -6.555485 -6.363275
41.680000 -3.629224 -4.357549 -4.400141 -4.171174 -3.775452 -3.879016 -3.784158 -4.641755 -4.774482 -4.617758 -6.375478 -6.551343 -6.360667
41.720000 -3.626357 -4.349427 -4.388777 -4.158441 -3.772929 -3.876029 -3.779481 -4.646600 -4.777903 -4.618159 -6.372189 -6.548124 -6.358902
41.760000 -3.623625 -4.340111 -4.377626 -4.151861 -3.770862 -3.873105 -3.777183 -4.652135 -4.781606 -4.619294 -6.369335 -6.545300 -6.358544
41.800000 -3.620910 -4.331934 -4.368626 -4.146234 -3.768558 -3.868400 -3.775592 -4.657660 -4.785927 -4.620482 -6.366223 -6.541705 -6.358889
41.840000 -3.618442 -4.322571 -4.359091 -4.136891 -3.766861 -3.865610 -3.773605 -4.664025 -4.790477 -4.620864 -6.363701 -6.535788 -6.360039
41.880000 -3.615987 -4.314298 -4.343365 -4.126055 -3.764930 -3.863808 -3.770570 -4.670384 -4.795460 -4.620217 -6.360927 -6.529876 -6.358458
41.920000 -3.613691 -4.304759 -4.331659 -4.117288 -3.763538 -3.862481 -3.767823 -4.677512 -4.800883 -4.620722 -6.358676 -6.524486 -6.354532
41.960000 -3.611550 -4.296009 -4.321783 -4.106663 -3.762166 -3.861111 -3.765086 -4.684884 -4.806477 -4.624954 -6.356433 -6.519102 -6.352123
42.000000 -3.609421 -4.286801 -4.311272 -4.097365 -3.760957 -3.859793 -3.762376 -4.692645 -4.812526 -4.627848 -6.354340 -6.513870 -6.351190
42.040000 -3.607643 -4.277738 -4.302214 -4.080705 -3.760189 -3.857185 -3.758293 -4.701065 -4.818926 -4.628957 -6.352678 -6.510319 -6.350757
42.080000 -3.605873 -4.269049 -4.290904 -4.065941 -3.759366 -3.852747 -3.754492 -4.709653 -4.825067 -4.630971 -6.350955 -6.510750 -6.350387
42.120000 -3.604277 -4.259941 -4.278049 -4.056289 -3.758921 -3.848741 -3.750837 -4.718831 -4.832412 -4.637332 -6.349607 -6.511673 -6.351137
42.160000 -3.602854 -4.251286 -4.264019 -4.047168 -3.758613 -3.844924 -3.747327 -4.728360 -4.840032 -4.645970 -6.348394 -6.512842 -6.351973
42.200000 -3.601435 -4.242151 -4.250387 -4.039756 -3.758498 -3.841358 -3.744506 -4.738284 -4.847843 -4.652855 -6.347377 -6.513797 -6.352223
42.240000 -3.600345 -4.233531 -4.236766 -4.031081 -3.758709 -3.838172 -3.742320 -4.748742 -4.856126 -4.658801 -6.346690 -6.514955 -6.350748
42.280000 -3.599258 -4.224267 -4.223523 -4.024697 -3.759179 -3.835308 -3.740436 -4.759651 -4.864826 -4.668547 -6.346274 -6.511976 -6.350940
42.320000 -3.598345 -4.215568 -4.211889 -4.017954 -3.759764 -3.832618 -3.738919 -4.770873 -4.873690 -4.673741 -6.345984 -6.507825 -6.350025
42.360000 -3.597605 -4.206447 -4.202533 -4.009781 -3.760780 -3.830895 -3.737916 -4.782707 -4.882967 -4.679567 -6.346144 -6.503810 -6.349582
42.400000 -3.596867 -4.197836 -4.192484 -4.000525 -3.761703 -3.831515 -3.737576 -4.794635 -4.891985 -4.685511 -6.346233 -6.500900 -6.349228
42.440000 -3.596483 -4.188957 -4.184028 -3.993969 -3.763265 -3.830641 -3.737965 -4.807371 -4.901444 -4.692296 -6.346987 -6.501400 -6.350595
42.480000 -3.596099 -4.180702 -4.174130 -3.985830 -3.764692 -3.830428 -3.738286 -4.820147 -4.910469 -4.699156 -6.347639 -6.501846 -6.354338
42.520000 -3.595886 -4.171702 -4.165345 -3.978275 -3.766697 -3.831619 -3.739248 -4.833656 -4.919470 -4.706793 -6.348903 -6.501248 -6.356519
42.560000 -3.595845 -4.163561 -4.156086 -3.969591 -3.768717 -3.833024 -3.740358 -4.847340 -4.928630 -4.714662 -6.350225 -6.502728 -6.357715
42.600000 -3.595803 -4.154711 -4.146612 -3.962346 -3.771094 -3.834725 -3.742055 -4.861526 -4.938289 -4.725674 -6.351950 -6.508308 -6.359579
42.640000 -3.596093 -4.146373 -4.137553 -3.952963 -3.773839 -3.836737 -3.744168 -4.876223 -4.949868 -4.738112 -6.354095 -6.510694 -6.362489
42.680000 -3.596384 -4.138118 -4.128631 -3.942976 -3.776657 -3.838766 -3.746405 -4.891126 -4.963523 -4.751733 -6.356372 -6.511585 -6.365251
42.720000 -3.596839 -4.129514 -4.119311 -3.934984 -3.779960 -3.841225 -3.749169 -4.906640 -4.976948 -4.765979 -6.359196 -6.513030 -6.368606
42.760000 -3.597458 -4.121956 -4.111007 -3.926704 -3.783175 -3.842485 -3.751892 -4.922187 -4.989167 -4.780272 -6.362003 -6.514398 -6.371947
42.800000 -3.598078 -4.113329 -4.104196 -3.920427 -3.786970 -3.844183 -3.754265 -4.938424 -5.002090 -4.795272 -6.365462 -6.517149 -6.373359
42.840000 -3.599099 -4.106413 -4.094126 -3.913306 -3.790713 -3.845822 -3.756311 -4.954716 -5.015401 -4.808495 -6.368954 -6.520565 -6.375704
42.880000 -3.600123 -4.098178 -4.087206 -3.907710 -3.795183 -3.848199 -3.758929 -4.971830 -5.030460 -4.819046 -6.373258 -6.527184 -6.377421
42.920000 -3.601335 -4.091416 -4.078717 -3.901916 -3.799375 -3.850183 -3.761092 -4.988757 -5.045467 -4.829141 -6.377378 -6.534275 -6.381457
42.960000 -3.602736 -4.083762 -4.068682 -3.896054 -3.804408 -3.852782 -3.764135 -5.006610 -5.061201 -4.842491 -6.382441 -6.542511 -6.386427
43.000000 -3.604142 -4.077038 -4.060967 -3.888606 -3.809132 -3.855926 -3.766926 -5.024232 -5.076692 -4.858206 -6.387301 -6.550624 -6.392719
43.040000 -3.605711 -4.069939 -4.053237 -3.883493 -3.814433 -3.860240 -3.770371 -5.042502 -5.092846 -4.874679 -6.392855 -6.555991 -6.402679
43.080000 -3.607285 -4.063041 -4.042751 -3.877391 -3.819787 -3.863248 -3.774653 -5.060898 -5.108881 -4.890988 -6.398586 -6.561632 -6.410558
43.120000 -3.608975 -4.056793 -4.035080 -3.873123 -3.825115 -3.869338 -3.779487 -5.079315 -5.123390 -4.907412 -6.404410 -6.565880 -6.414759
43.160000 -3.610783 -4.049910 -4.029511 -3.869162 -3.831130 -3.874922 -3.785069 -5.098501 -5.139102 -4.924683 -6.411079 -6.575296 -6.419778
43.200000 -3.612598 -4.044510 -4.024474 -3.864289 -3.836459 -3.879330 -3.790048 -5.117015 -5.157705 -4.938491 -6.417172 -6.577297 -6.424556
43.240000 -3.614656 -4.038104 -4.019365 -3.863566 -3.842910 -3.882994 -3.796124 -5.136768 -5.176570 -4.952746 -6.424604 -6.581297 -6.432158
43.280000 -3.616723 -4.033295 -4.014454 -3.857711 -3.848562 -3.885609 -3.801090 -5.155675 -5.192721 -4.966266 -6.431310 -6.586397 -6.439176
43.320000 -3.618910 -4.027355 -4.008109 -3.854952 -3.855251 -3.889235 -3.806958 -5.175819 -5.210063 -4.981128 -6.439373 -6.592849 -6.446615
43.360000 -3.621218 -4.023084 -4.002922 -3.849410 -3.861221 -3.892147 -3.812175 -5.195189 -5.226656 -4.996362 -6.446804 -6.598660 -6.452758
43.400000 -3.623538 -4.017725 -3.998723 -3.848103 -3.868066 -3.897841 -3.818463 -5.215583 -5.244282 -5.012886 -6.455401 -6.609216 -6.466046
43.440000 -3.626091 -4.013586 -3.994812 -3.845438 -3.874622 -3.903437 -3.823920 -5.235790 -5.261752 -5.029351 -6.463971 -6.620336 -6.472807
43.480000 -3.628659 -4.009451 -3.993225 -3.842344 -3.881342 -3.909204 -3.828593 -5.256092 -5.279414 -5.046015 -6.472794 -6.628638 -6.479648
43.520000 -3.631360 -4.005283 -3.992732 -3.840551 -3.888445 -3.915359 -3.833914 -5.277120 -5.298068 -5.063535 -6.482523 -6.639056 -6.486669
43.560000 -3.634198 -4.002596 -3.989933 -3.837598 -3.894842 -3.920686 -3.838644 -5.297176 -5.315762 -5.080502 -6.491455 -6.652636 -6.494847
43.600000 -3.637054 -3.999081 -3.990893 -3.839581 -3.901986 -3.926988 -3.844027 -5.318630 -5.334899 -5.099429 -6.501980 -6.667764 -6.500726
43.640000 -3.640228 -3.997340 -3.987787 -3.838565 -3.908471 -3.932247 -3.848852 -5.338832 -5.352636 -5.117199 -6.511444 -6.681630 -6.507112
43.680000 -3.643426 -3.994874 -3.990122 -3.842374 -3.915629 -3.939046 -3.855754 -5.360820 -5.372042 -5.137007 -6.522901 -6.689599 -6.515821
43.720000 -3.646932 -3.994285 -3.987249 -3.843152 -3.921950 -3.943892 -3.861197 -5.381527 -5.390183 -5.156044 -6.533281 -6.697824 -6.523745
43.760000 -3.650756 -3.993033 -3.988371 -3.848356 -3.929463 -3.950828 -3.865948 -5.403897 -5.410015 -5.174680 -6.545538 -6.713353 -6.533479
43.800000 -3.654613 -3.993367 -3.989280 -3.851680 -3.935773 -3.956621 -3.873643 -5.425696 -5.429842 -5.193805 -6.557446 -6.728494 -6.540880
43.840000 -3.658869 -3.993527 -3.989502 -3.856656 -3.943066 -3.962864 -3.879684 -5.447558 -5.450114 -5.213102 -6.569636 -6.743849 -6.548339
43.880000 -3.663167 -3.994576 -3.992475 -3.863501 -3.949685 -3.970414 -3.885969 -5.470422 -5.472257 -5.233924 -6.583060 -6.760386 -6.557085
43.920000 -3.667765 -3.996515 -3.993211 -3.867748 -3.956185 -3.974300 -3.889105 -5.491576 -5.492648 -5.253267 -6.595001 -6.775381 -6.566629
43.960000 -3.672672 -3.999158 -3.997524 -3.875013 -3.962612 -3.981266 -3.895971 -5.515034 -5.515075 -5.276023 -6.609487 -6.792867 -6.578667
44.000000 -3.677635 -4.002289 -3.999870 -3.880056 -3.968810 -3.985291 -3.903292 -5.535928 -5.534795 -5.296560 -6.621648 -6.807960 -6.588890
44.040000 -3.683332 -4.006873 -4.005360 -3.889799 -3.975034 -3.992677 -3.913204 -5.559875 -5.559495 -5.320247 -6.637102 -6.826139 -6.602768
44.080000 -3.689104 -4.012388 -4.010043 -3.897769 -3.980614 -3.997415 -3.919135 -5.581811 -5.582297 -5.339404 -6.650804 -6.842355 -6.614836
44.120000 -3.695452 -4.017957 -4.016717 -3.907966 -3.987255 -4.002981 -3.924884 -5.604986 -5.604113 -5.358562 -6.665977 -6.859981 -6.627914
44.160000 -3.702401 -4.026144 -4.026813 -3.917384 -3.992640 -4.010299 -3.929560 -5.628679 -5.626685 -5.379745 -6.681962 -6.878339 -6.641398
44.200000 -3.709463 -4.032844 -4.035921 -3.926014 -3.999688 -4.013300 -3.935488 -5.650491 -5.647206 -5.399746 -6.696312 -6.894174 -6.653363
44.240000 -3.717638 -4.042768 -4.048144 -3.939033 -4.005873 -4.022280 -3.944598 -5.674983 -5.670605 -5.422467 -6.713611 -6.911963 -6.668327
44.280000 -3.725971 -4.051948 -4.057108 -3.952058 -4.013142 -4.025550 -3.953361 -5.696460 -5.691134 -5.441797 -6.728189 -6.926960 -6.680772
44.320000 -3.735132 -4.063685 -4.073580 -3.967203 -4.019636 -4.032126 -3.963519 -5.720803 -5.714589 -5.460529 -6.745891 -6.944923 -6.696091
44.360000 -3.745174 -4.075342 -4.084096 -3.981659 -4.027983 -4.037363 -3.971229 -5.742667 -5.735328 -5.477153 -6.761465 -6.960674 -6.709127
44.400000 -3.755452 -4.088879 -4.098458 -3.998882 -4.035089 -4.044296 -3.979841 -5.766562 -5.758881 -5.497606 -6.779297 -6.978556 -6.725402
44.440000 -3.767396 -4.104225 -4.115079 -4.018101 -4.043830 -4.053519 -3.989572 -5.789980 -5.781814 -5.518956 -6.797114 -6.996270 -6.741623
44.480000 -3.779678 -4.119159 -4.133061 -4.036247 -4.053621 -4.064714 -4.000947 -5.812859 -5.802999 -5.539910 -6.814521 -7.013503 -6.757807
44.520000 -3.793008 -4.137397 -4.155480 -4.056344 -4.062580 -4.077660 -4.010260 -5.837036 -5.824688 -5.562925 -6.833839 -7.033657 -6.776032
44.560000 -3.807474 -4.154109 -4.175603 -4.077197 -4.075038 -4.089517 -4.023741 -5.858777 -5.843836 -5.582667 -6.851013 -7.052480 -6.791234
44.600000 -3.822439 -4.173770 -4.197064 -4.097009 -4.085981 -4.102859 -4.036552 -5.882409 -5.864887 -5.604814 -6.870260 -7.073249 -6.808569
44.640000 -3.839282 -4.193511 -4.216010 -4.119722 -4.100390 -4.116960 -4.049838 -5.904240 -5.887027 -5.624489 -6.888325 -7.093223 -6.824055
44.680000 -3.856805 -4.215635 -4.242805 -4.146186 -4.114138 -4.131290 -4.063762 -5.927782 -5.909895 -5.645407 -6.908124 -7.115715 -6.841597
44.720000 -3.875512 -4.237687 -4.267252 -4.167607 -4.130174 -4.145745 -4.079275 -5.949224 -5.929819 -5.665527 -6.926599 -7.136567 -6.857314
44.760000 -3.895528 -4.262069 -4.296134 -4.192297 -4.146766 -4.163675 -4.096497 -5.972333 -5.952165 -5.685644 -6.946568 -7.159106 -6.874209
44.800000 -3.916513 -4.287509 -4.326646 -4.217687 -4.164353 -4.183719 -4.114319 -5.994284 -5.973667 -5.706840 -6.966408 -7.181108 -6.891366
44.840000 -3.938846 -4.313130 -4.357744 -4.246092 -4.184240 -4.202200 -4.134440 -6.015961 -5.994283 -5.726923 -6.985340 -7.201744 -6.906323
44.880000 -3.962390 -4.341788 -4.390262 -4.278618 -4.204044 -4.226211 -4.155275 -6.038321 -6.016992 -5.749960 -7.006051 -7.224080 -6.921113
44.920000 -3.987022 -4.369150 -4.418293 -4.309892 -4.226777 -4.250132 -4.178569 -6.058334 -6.035802 -5.769276 -7.024703 -7.245037 -6.932274
44.960000 -4.012857 -4.399138 -4.450054 -4.341663 -4.249706 -4.277454 -4.201285 -6.080558 -6.058220 -5.790976 -7.044451 -7.267117 -6.947437
45.000000 -4.040328 -4.429531 -4.483541 -4.372943 -4.275233 -4.306351 -4.226437 -6.101078 -6.078092 -5.811769 -7.063928 -7.286859 -6.961982
45.040000 -4.068172 -4.460936 -4.517029 -4.405790 -4.300710 -4.331123 -4.252082 -6.122517 -6.099485 -5.830549 -7.082750 -7.308014 -6.977126
45.080000 -4.097924 -4.493717 -4.550161 -4.440357 -4.328532 -4.361718 -4.279626 -6.143346 -6.120274 -5.851846 -7.102346 -7.328921 -6.994185
45.120000 -4.128462 -4.527309 -4.584384 -4.476876 -4.357152 -4.393832 -4.308350 -6.164883 -6.141819 -5.871758 -7.120930 -7.350074 -7.012293
45.160000 -4.159802 -4.561936 -4.619058 -4.514386 -4.386475 -4.424606 -4.338353 -6.185518 -6.163277 -5.893223 -7.139887 -7.370826 -7.028734
45.200000 -4.193580 -4.598059 -4.655345 -4.550888 -4.418900 -4.458894 -4.369797 -6.208144 -6.185731 -5.915328 -7.158538 -7.392078 -7.049102
45.240000 -4.226306 -4.634036 -4.691217 -4.588400 -4.449713 -4.493735 -4.401454 -6.228861 -6.208570 -5.935806 -7.175894 -7.412064 -7.066233
45.280000 -4.261701 -4.671533 -4.728513 -4.627039 -4.483999 -4.529366 -4.434203 -6.250664 -6.230719 -5.960139 -7.194931 -7.432581 -7.085250
45.320000 -4.297641 -4.709845 -4.766918 -4.667341 -4.518646 -4.563934 -4.468809 -6.274765 -6.256959 -5.981921 -7.212590 -7.452861 -7.101110
45.360000 -4.334001 -4.748254 -4.805246 -4.708054 -4.553976 -4.598855 -4.502925 -6.297152 -6.280106 -6.007627 -7.231231 -7.472700 -7.115225
45.400000 -4.373686 -4.789925 -4.847492 -4.751478 -4.592671 -4.636393 -4.541759 -6.324188 -6.309005 -6.032344 -7.250899 -7.494286 -7.133823
45.440000 -4.410592 -4.828913 -4.888727 -4.792154 -4.628562 -4.672523 -4.576917 -6.347284 -6.333757 -6.054581 -7.268580 -7.511829 -7.147017
45.480000 -4.450929 -4.871044 -4.932615 -4.838079 -4.668077 -4.713182 -4.616651 -6.374480 -6.362400 -6.078398 -7.287707 -7.533051 -7.165985
45.520000 -4.491542 -4.913765 -4.977371 -4.882902 -4.707700 -4.754528 -4.656587 -6.401296 -6.391900 -6.108476 -7.307527 -7.554188 -7.183181
45.560000 -4.532110 -4.956021 -5.021512 -4.926338 -4.747538 -4.795373 -4.697463 -6.429159 -6.420577 -6.139048 -7.325983 -7.574492 -7.202588
45.600000 -4.576862 -5.002925 -5.070168 -4.974137 -4.791297 -4.840245 -4.741780 -6.460938 -6.454895 -6.170468 -7.348445 -7.599196 -7.224938
45.640000 -4.617227 -5.045170 -5.113915 -5.017282 -4.830847 -4.880377 -4.782624 -6.488484 -6.482760 -6.198811 -7.368403 -7.616088 -7.241842
45.680000 -4.661731 -5.091772 -5.162161 -5.063847 -4.874383 -4.924119 -4.827064 -6.522124 -6.517952 -6.234221 -7.390386 -7.638293 -7.265564
45.720000 -4.706161 -5.138272 -5.210250 -5.110249 -4.917888 -4.967798 -4.870838 -6.554944 -6.550968 -6.269363 -7.415202 -7.659951 -7.287199
45.760000 -4.749948 -5.184354 -5.258062 -5.156539 -4.960604 -5.009132 -4.914687 -6.588623 -6.585384 -6.304572 -7.437532 -7.681370 -7.312077
45.800000 -4.798650 -5.235742 -5.310804 -5.207590 -5.008021 -5.054170 -4.962575 -6.626996 -6.624190 -6.346265 -7.466865 -7.708072 -7.343522
45.840000 -4.841565 -5.281390 -5.357756 -5.253534 -5.049623 -5.095841 -5.003014 -6.660588 -6.657952 -6.379089 -7.489714 -7.730002 -7.369580
45.880000 -4.889192 -5.332424 -5.409984 -5.304198 -5.095569 -5.142282 -5.048074 -6.698720 -6.696720 -6.419024 -7.518234 -7.760924 -7.402456
45.920000 -4.936567 -5.383188 -5.462839 -5.355432 -5.141266 -5.185851 -5.093987 -6.738061 -6.735529 -6.458097 -7.546902 -7.793104 -7.433532
45.960000 -4.982931 -5.433862 -5.513354 -5.405937 -5.185463 -5.227656 -5.138750 -6.776182 -6.773901 -6.497287 -7.574846 -7.823944 -7.464580
46.000000 -5.034841 -5.490145 -5.570350 -5.462684 -5.235180 -5.274765 -5.189383 -6.820657 -6.817391 -6.542326 -7.611047 -7.856983 -7.496004
46.040000 -5.079875 -5.540611 -5.620426 -5.513261 -5.277471 -5.314032 -5.232337 -6.858964 -6.855672 -6.579495 -7.639001 -7.885169 -7.524074
46.080000 -5.130124 -5.596364 -5.676851 -5.569868 -5.324979 -5.358890 -5.280901 -6.902696 -6.901474 -6.624353 -7.675332 -7.920637 -7.556490
46.120000 -5.180027 -5.652730 -5.734101 -5.626814 -5.371690 -5.405179 -5.328058 -6.946471 -6.948218 -6.667227 -7.710136 -7.956466 -7.590862
46.160000 -5.228662 -5.708753 -5.791572 -5.679148 -5.416725 -5.450824 -5.372220 -6.989161 -6.993154 -6.710443 -7.745703 -7.991434 -7.625781
46.200000 -5.283438 -5.771434 -5.856690 -5.738593 -5.467737 -5.501457 -5.420389 -7.038210 -7.045632 -6.758341 -7.787152 -8.032608 -7.667914
46.240000 -5.330535 -5.827899 -5.916171 -5.793967 -5.510470 -5.543478 -5.460282 -7.079409 -7.089799 -6.799695 -7.821839 -8.064781 -7.703287
46.280000 -5.383368 -5.890403 -5.983187 -5.857298 -5.558926 -5.592098 -5.505632 -7.126884 -7.139828 -6.845045 -7.862716 -8.107182 -7.744475
46.320000 -5.435839 -5.954359 -6.050645 -5.917921 -5.606361 -5.639297 -5.549307 -7.173485 -7.186114 -6.889517 -7.903534 -8.148431 -7.785545
46.360000 -5.486871 -6.017293 -6.117872 -5.981791 -5.652358 -5.687387 -5.592126 -7.218929 -7.231389 -6.932921 -7.944288 -8.190196 -7.823304
46.400000 -5.544709 -6.088975 -6.192574 -6.054879 -5.704578 -5.738868 -5.641538 -7.270614 -7.282631 -6.982126 -7.990998 -8.237493 -7.867907
46.440000 -5.594096 -6.152722 -6.261077 -6.119601 -5.748384 -5.784371 -5.682299 -7.314038 -7.325666 -7.023146 -8.030865 -8.277778 -7.904479
46.480000 -5.649829 -6.224315 -6.337408 -6.190326 -5.798262 -5.834213 -5.730464 -7.362927 -7.374107 -7.068929 -8.076024 -8.323346 -7.948507
46.520000 -5.705241 -6.297395 -6.415255 -6.262492 -5.847464 -5.883741 -5.778204 -7.411590 -7.422296 -7.114140 -8.121849 -8.368589 -7.994701
46.560000 -5.759091 -6.369705 -6.490768 -6.331770 -5.895215 -5.931286 -5.825143 -7.457640 -7.467802 -7.157180 -8.165219 -8.413208 -8.039432
46.600000 -5.820577 -6.452034 -6.576847 -6.409993 -5.950202 -5.985959 -5.879455 -7.511071 -7.520700 -7.206663 -8.216589 -8.464691 -8.089585
46.640000 -5.872779 -6.525418 -6.654235 -6.480317 -5.996245 -6.031270 -5.924975 -7.554327 -7.563306 -7.246203 -8.257990 -8.506403 -8.127331
46.680000 -5.932123 -6.608740 -6.741518 -6.563882 -6.049068 -6.083245 -5.978241 -7.604134 -7.612482 -7.292765 -8.306484 -8.554779 -8.171575
46.720000 -5.991291 -6.692440 -6.829894 -6.650489 -6.102065 -6.135750 -6.031750 -7.652825 -7.660466 -7.338781 -8.354227 -8.602477 -8.214500
46.760000 -6.048846 -6.777312 -6.918633 -6.737296 -6.153262 -6.186514 -6.084194 -7.698940 -7.705848 -7.379723 -8.399666 -8.647776 -8.255265
46.800000 -6.115211 -6.871478 -7.018017 -6.835101 -6.213693 -6.247838 -6.146075 -7.753091 -7.759303 -7.429529 -8.453493 -8.701283 -8.306908
46.840000 -6.171149 -6.957341 -7.111388 -6.923829 -6.263786 -6.298750 -6.197545 -7.795572 -7.800949 -7.472250 -8.495848 -8.743276 -8.348110
46.880000 -6.235373 -7.053552 -7.216432 -7.019612 -6.322312 -6.358166 -6.257171 -7.845554 -7.850633 -7.520159 -8.545976 -8.792049 -8.396646
46.920000 -6.299536 -7.150917 -7.323260 -7.113534 -6.381145 -6.418000 -6.315588 -7.894047 -7.898459 -7.566058 -8.594590 -8.840309 -8.441138
46.960000 -6.361858 -7.249062 -7.429607 -7.212786 -6.438276 -6.476379 -6.374051 -7.939758 -7.943696 -7.608648 -8.640795 -8.886900 -8.483193
47.000000 -6.434646 -7.357830 -7.546706 -7.326565 -6.506441 -6.545288 -6.442079 -7.994622 -7.997012 -7.661001 -8.695819 -8.941332 -8.534097
47.040000 -6.495120 -7.457740 -7.651809 -7.429876 -6.562382 -6.602380 -6.497127 -8.036131 -8.037685 -7.699745 -8.737931 -8.982853 -8.572393
47.080000 -6.565398 -7.567755 -7.769593 -7.538615 -6.628682 -6.669262 -6.561386 -8.086146 -8.086901 -7.747239 -8.787952 -9.032114 -8.619561
47.120000 -6.635707 -7.681507 -7.885920 -7.647344 -6.695165 -6.736833 -6.627940 -8.135056 -8.136050 -7.794020 -8.837208 -9.080750 -8.666215
47.160000 -6.703715 -7.792253 -7.997697 -7.761002 -6.760002 -6.801896 -6.692558 -8.180339 -8.180685 -7.836802 -8.882157 -9.124971 -8.710129
47.200000 -6.784387 -7.918930 -8.122592 -7.890118 -6.837734 -6.881734 -6.768672 -8.237527 -8.236541 -7.893153 -8.938939 -9.176691 -8.766150
47.240000 -6.850211 -8.031862 -8.239605 -8.004459 -6.901103 -6.948412 -6.833241 -8.278253 -8.276763 -7.934233 -8.978799 -9.211364 -8.806190
47.280000 -6.927825 -8.159059 -8.377636 -8.132111 -6.976586 -7.027612 -6.910315 -8.330481 -8.328059 -7.987810 -9.029299 -9.265174 -8.856387
47.320000 -7.005538 -8.287754 -8.519926 -8.250138 -7.052651 -7.110755 -6.984978 -8.380964 -8.378681 -8.039467 -9.078058 -9.317951 -8.905829
47.360000 -7.080165 -8.414084 -8.662035 -8.381041 -7.126054 -7.187081 -7.057861 -8.428464 -8.425508 -8.086854 -9.122300 -9.361280 -8.949675
47.400000 -7.170332 -8.558934 -8.821977 -8.534209 -7.215389 -7.279610 -7.146600 -8.489879 -8.486883 -8.146873 -9.180679 -9.419281 -9.008743
47.440000 -7.242054 -8.685935 -8.965031 -8.666746 -7.286719 -7.353952 -7.219557 -8.532810 -8.529729 -8.188926 -9.218707 -9.456503 -9.044304
47.480000 -7.328010 -8.831285 -9.124815 -8.804291 -7.372624 -7.443610 -7.307370 -8.589104 -8.585862 -8.243727 -9.270149 -9.507720 -9.092673
47.520000 -7.414138 -8.974613 -9.283085 -8.940200 -7.459299 -7.533565 -7.393729 -8.644705 -8.642104 -8.299272 -9.319196 -9.556426 -9.139738
47.560000 -7.496015 -9.118240 -9.435490 -9.073122 -7.541977 -7.622723 -7.478441 -8.696624 -8.693781 -8.354482 -9.364018 -9.600924 -9.180844
47.600000 -7.597002 -9.280505 -9.607849 -9.233194 -7.644396 -7.726808 -7.579033 -8.765766 -8.764335 -8.428992 -9.425039 -9.662191 -9.240449
47.640000 -7.674877 -9.424304 -9.770657 -9.373733 -7.723885 -7.807658 -7.656359 -8.813757 -8.812099 -8.480570 -9.463357 -9.700257 -9.274730
47.680000 -7.769836 -9.583978 -9.941131 -9.533870 -7.821209 -7.906022 -7.751009 -8.876150 -8.876182 -8.549680 -9.516137 -9.753775 -9.325861
47.720000 -7.865125 -9.746712 -10.117218 -9.692910 -7.919041 -8.008697 -7.850092 -8.941548 -8.941819 -8.619086 -9.569566 -9.807202 -9.375525
47.760000 -7.954675 -9.904639 -10.290647 -9.846263 -8.011866 -8.105822 -7.944814 -8.998839 -9.000613 -8.683979 -9.615551 -9.854286 -9.421970
47.800000 -8.067620 -10.088415 -10.492506 -10.024464 -8.128372 -8.223435 -8.061521 -9.081545 -9.084395 -8.771263 -9.684411 -9.923564 -9.490998
47.840000 -8.152109 -10.246896 -10.671644 -10.179391 -8.217003 -8.312296 -8.150440 -9.135076 -9.139084 -8.831657 -9.724682 -9.965157 -9.531755
47.880000 -8.257106 -10.423435 -10.868950 -10.345543 -8.326788 -8.423430 -8.256218 -9.209192 -9.215277 -8.911239 -9.783534 -10.023970 -9.589434
47.920000 -8.362642 -10.605478 -11.071881 -10.520571 -8.437384 -8.544076 -8.367338 -9.285573 -9.292390 -8.991312 -9.844527 -10.082322 -9.651880
47.960000 -8.460328 -10.778236 -11.263164 -10.685268 -8.541187 -8.654760 -8.469834 -9.352093 -9.368330 -9.059975 -9.894856 -10.131258 -9.708514
48.000000 -8.586563 -10.986465 -11.489927 -10.885786 -8.673431 -8.790226 -8.604536 -9.451261 -9.474843 -9.162247 -9.976424 -10.210054 -9.794027
48.040000 -8.677473 -11.155205 -11.689981 -11.044890 -8.771896 -8.898905 -8.697191 -9.511330 -9.543722 -9.225138 -10.019705 -10.252381 -9.840730
48.080000 -8.792591 -11.353936 -11.915437 -11.235250 -8.894196 -9.030149 -8.817740 -9.601007 -9.642580 -9.317415 -10.090096 -10.320291 -9.912368
48.120000 -8.908450 -11.550943 -12.143231 -11.423332 -9.018978 -9.164506 -8.936583 -9.687632 -9.740566 -9.407462 -10.159123 -10.388175 -9.983328
48.160000 -9.013673 -11.743733 -12.357206 -11.606559 -9.132956 -9.285695 -9.045684 -9.768110 -9.824838 -9.490267 -10.219280 -10.447059 -10.041861
48.200000 -9.152831 -11.970460 -12.616597 -11.822764 -9.282220 -9.441846 -9.187015 -9.880932 -9.941282 -9.607842 -10.313360 -10.541971 -10.137947
48.240000 -9.249348 -12.154682 -12.824321 -11.996969 -9.389561 -9.553833 -9.288142 -9.952778 -10.022782 -9.680218 -10.364450 -10.593176 -10.187576
48.280000 -9.373632 -12.369407 -13.071283 -12.202116 -9.525064 -9.699024 -9.420867 -10.054180 -10.139988 -9.785395 -10.445702 -10.678368 -10.270117
48.320000 -9.499146 -12.585668 -13.313255 -12.400782 -9.663828 -9.841972 -9.552158 -10.155198 -10.245590 -9.888414 -10.526047 -10.759741 -10.349784
48.360000 -9.611441 -12.795781 -13.551978 -12.594988 -9.788399 -9.978180 -9.681010 -10.248317 -10.347772 -9.977701 -10.597475 -10.834306 -10.421242
48.400000 -9.763300 -13.040495 -13.824336 -12.827175 -9.956141 -10.149525 -9.847442 -10.376448 -10.484910 -10.104285 -10.705144 -10.949118 -10.530037
48.440000 -9.865695 -13.243235 -14.050352 -13.010514 -10.072183 -10.277289 -9.967804 -10.462673 -10.576308 -10.184173 -10.768661 -11.016938 -10.594456
48.480000 -9.999932 -13.472407 -14.297235 -13.229714 -10.224634 -10.435056 -10.130984 -10.575389 -10.704176 -10.300605 -10.860686 -11.122759 -10.690462
48.520000 -10.136213 -13.714942 -14.552447 -13.452801 -10.376786 -10.602597 -10.277536 -10.697163 -10.840554 -10.417844 -10.959447 -11.231554 -10.789552
48.560000 -10.256277 -13.936300 -14.804395 -13.669441 -10.516650 -10.752465 -10.414843 -10.799453 -10.958020 -10.521967 -11.040324 -11.325094 -10.871778
48.600000 -10.422781 -14.209923 -15.111018 -13.925086 -10.702315 -10.951822 -10.595696 -10.952093 -11.129815 -10.677400 -11.170228 -11.462762 -10.997498
48.640000 -10.531116 -14.421716 -15.372484 -14.133358 -10.831391 -11.089026 -10.726899 -11.047125 -11.235670 -10.774715 -11.242827 -11.539490 -11.069671
48.680000 -10.675792 -14.676754 -15.665079 -14.376361 -10.999366 -11.281765 -10.887100 -11.178325 -11.380571 -10.902500 -11.351911 -11.653277 -11.174511
48.720000 -10.823378 -14.936526 -15.963498 -14.625708 -11.168068 -11.468136 -11.056568 -11.317249 -11.527040 -11.044704 -11.467308 -11.771873 -11.280448
48.760000 -10.950695 -15.176163 -16.232958 -14.850195 -11.323233 -11.639002 -11.197464 -11.431992 -11.653718 -11.159456 -11.560286 -11.871382 -11.366939
48.800000 -11.131582 -15.472445 -16.570607 -15.133727 -11.525737 -11.863014 -11.398984 -11.607977 -11.834146 -11.340585 -11.712352 -12.036637 -11.508834
48.840000 -11.244961 -15.697720 -16.823365 -15.345886 -11.670835 -12.019217 -11.527247 -11.711057 -11.950116 -11.454541 -11.793207 -12.132238 -11.586325
48.880000 -11.398817 -15.975898 -17.134988 -15.609931 -11.848094 -12.220237 -11.702142 -11.862195 -12.107576 -11.599751 -11.920946 -12.259301 -11.709609
48.920000 -11.556713 -16.250419 -17.466310 -15.868553 -12.039754 -12.423093 -11.878706 -12.013577 -12.271490 -11.749936 -12.048978 -12.400624 -11.833877
48.960000 -11.690642 -16.511509 -17.760730 -16.115773 -12.200861 -12.606116 -12.039943 -12.145621 -12.412950 -11.878173 -12.158725 -12.517765 -11.934094
49.000000 -11.885293 -16.821450 -18.151184 -16.410379 -12.429412 -12.851662 -12.261029 -12.338235 -12.616072 -12.065666 -12.326717 -12.699555 -12.095536
49.040000 -12.004152 -17.072359 -18.440180 -16.643145 -12.581088 -13.022349 -12.413052 -12.455503 -12.746692 -12.183590 -12.422782 -12.799556 -12.184992
49.080000 -12.168333 -17.359710 -18.785591 -16.916018 -12.777616 -13.238500 -12.604409 -12.622029 -12.922083 -12.346208 -12.563771 -12.943935 -12.325581
49.120000 -12.338463 -17.664952 -19.119909 -17.200432 -12.987327 -13.464356 -12.800478 -12.791383 -13.118863 -12.513955 -12.712019 -13.118275 -12.482438
49.160000 -12.480747 -17.932176 -19.446971 -17.452955 -13.159696 -13.662117 -12.974113 -12.939192 -13.273194 -12.656172 -12.834755 -13.243671 -12.606787
49.200000 -12.693757 -18.276953 -19.823863 -17.776881 -13.418510 -13.932737 -13.213382 -13.153649 -13.516138 -12.870307 -13.026582 -13.437264 -12.788275
49.240000 -12.819241 -18.539028 -20.137814 -18.023588 -13.573032 -14.120108 -13.366958 -13.286011 -13.656211 -12.999677 -13.135886 -13.549984 -12.873567
49.280000 -12.996425 -18.850276 -20.492588 -18.311182 -13.799491 -14.353949 -13.576764 -13.468316 -13.861471 -13.180478 -13.292917 -13.721783 -13.035300
49.320000 -13.182088 -19.177501 -20.868770 -18.621935 -14.016066 -14.605933 -13.787267 -13.660665 -14.067034 -13.371482 -13.465068 -13.916377 -13.199863
49.360000 -13.333491 -19.455177 -21.200851 -18.880564 -14.216686 -14.815264 -13.977465 -13.821415 -14.240387 -13.527211 -13.597895 -14.063729 -13.334585
49.400000 -13.567904 -19.839471 -21.618327 -19.244250 -14.487350 -15.118315 -14.236764 -14.061798 -14.506748 -13.766501 -13.820559 -14.300185 -13.551012
49.440000 -13.700025 -20.101976 -21.948653 -19.487240 -14.665062 -15.311717 -14.409924 -14.206840 -14.652784 -13.906207 -13.936363 -14.418212 -13.665386
49.480000 -13.890847 -20.448604 -22.324860 -19.809268 -14.900251 -15.569223 -14.627120 -14.403918 -14.888101 -14.102563 -14.116119 -14.616265 -13.847903
49.520000 -14.093691 -20.778266 -22.721261 -20.122322 -15.142187 -15.840664 -14.869404 -14.621122 -15.103881 -14.312173 -14.305739 -14.806053 -14.028028
49.560000 -14.255093 -21.090151 -23.069530 -20.409668 -15.356876 -16.069599 -15.061759 -14.791197 -15.321317 -14.474335 -14.455828 -14.995840 -14.187493
49.600000 -14.514821 -21.488080 -23.528248 -20.790445 -15.648574 -16.401837 -15.355780 -15.063877 -15.606285 -14.732334 -14.705898 -15.262356 -14.425411
