#Quasar bolometric luminosity function in different peak halo mass bins from TRINITY PaperIII (Fig. 6, Zhang+2024, MNRAS, 529, 2777)
#z: 10.00
#log10(Lbol [erg/s])(0) log10(QLF_total [Mpc^-3 dex^-1])(1) log10(QLF(11<logMpeak<12) [Mpc^-3 dex^-1])(2) log10(QLF(11<logMpeak<12)_16th [Mpc^-3 dex^-1])(3) log10(QLF(11<logMpeak<12)_84th [Mpc^-3 dex^-1])(4)
#log10(QLF(12<logMpeak<13) [Mpc^-3 dex^-1])(5) log10(QLF(12<logMpeak<13)_16th [Mpc^-3 dex^-1])(6) log10(QLF(12<logMpeak<13)_84th [Mpc^-3 dex^-1])(7)
#log10(QLF(13<logMpeak<14) [Mpc^-3 dex^-1])(8) log10(QLF(13<logMpeak<14)_16th [Mpc^-3 dex^-1])(9) log10(QLF(13<logMpeak<14)_84th [Mpc^-3 dex^-1])(10)
#log10(QLF(14<logMpeak<15) [Mpc^-3 dex^-1])(11) log10(QLF(14<logMpeak<15)_16th [Mpc^-3 dex^-1])(12) log10(QLF(14<logMpeak<15)_84th [Mpc^-3 dex^-1])(13)
40.000000 -10.388153 -10.388277 -11.916737 -10.300742 -13.933555 -15.576023 -13.911127 -inf nan nan -inf nan nan
40.040000 -10.369312 -10.369444 -11.868206 -10.280787 -13.886769 -15.454307 -13.854877 -inf nan nan -inf nan nan
40.080000 -10.351254 -10.351403 -11.840050 -10.263364 -13.815079 -15.378684 -13.793326 -inf nan nan -inf nan nan
40.120000 -10.333249 -10.333413 -11.794408 -10.243759 -13.756676 -15.290439 -13.734788 -inf nan nan -inf nan nan
40.160000 -10.315319 -10.315497 -11.765392 -10.225678 -13.703168 -15.196094 -13.682227 -inf nan nan -inf nan nan
40.200000 -10.298100 -10.298299 -11.725569 -10.205049 -13.637230 -15.145637 -13.615664 -inf nan nan -inf nan nan
40.240000 -10.278455 -10.278664 -11.691920 -10.184801 -13.596482 -15.050553 -13.576318 -inf nan nan -inf nan nan
40.280000 -10.259662 -10.259894 -11.656832 -10.162541 -13.532445 -14.992396 -13.511622 -inf nan nan -inf nan nan
40.320000 -10.240715 -10.240957 -11.619727 -10.141775 -13.494697 -14.914410 -13.474469 -inf nan nan -inf nan nan
40.360000 -10.221670 -10.221937 -11.590575 -10.121293 -13.433772 -14.845205 -13.438571 -inf nan nan -inf nan nan
40.400000 -10.203424 -10.203703 -11.550841 -10.100120 -13.395285 -14.765251 -13.406008 -inf nan nan -inf nan nan
40.440000 -10.183813 -10.184116 -11.515393 -10.080195 -13.340210 -14.703270 -13.376652 -inf nan nan -inf nan nan
40.480000 -10.165050 -10.165373 -11.474674 -10.056591 -13.294059 -14.617865 -13.335106 -inf nan nan -inf nan nan
40.520000 -10.145579 -10.145919 -11.441084 -10.025457 -13.251558 -14.529744 -13.299756 -inf nan nan -inf nan nan
40.560000 -10.125524 -10.125890 -11.406970 -9.994549 -13.199974 -14.478909 -13.261311 -inf nan nan -inf nan nan
40.600000 -10.106355 -10.106733 -11.378036 -9.970298 -13.167363 -14.393576 -13.234319 -inf nan nan -inf nan nan
40.640000 -10.083635 -10.084038 -11.343322 -9.941245 -13.116686 -14.338914 -13.181192 -inf nan nan -inf nan nan
40.680000 -10.062045 -10.062459 -11.308370 -9.912723 -13.083179 -14.268849 -13.140056 -inf nan nan -inf nan nan
40.720000 -10.037844 -10.038282 -11.276001 -9.885048 -13.034233 -14.222933 -13.093734 -inf nan nan -inf nan nan
40.760000 -10.011500 -10.011951 -11.234334 -9.854463 -12.995595 -14.166804 -13.057536 -inf nan nan -inf nan nan
40.800000 -9.986664 -9.987136 -11.202623 -9.826145 -12.950786 -14.126459 -13.015498 -inf nan nan -inf nan nan
40.840000 -9.949682 -9.950171 -11.149971 -9.739746 -12.898392 -14.061608 -12.955125 -inf nan nan -inf nan nan
40.880000 -9.915604 -9.916107 -11.106991 -9.689664 -12.852019 -13.977552 -12.871721 -inf nan nan -inf nan nan
40.920000 -9.869217 -9.869740 -11.045530 -9.620452 -12.788953 -13.896648 -12.807690 -inf nan nan -inf nan nan
40.960000 -9.814305 -9.814836 -10.970791 -9.563185 -12.727489 -13.822128 -12.717606 -inf nan nan -inf nan nan
41.000000 -9.765563 -9.766111 -10.887884 -9.510008 -12.665072 -13.754957 -12.662265 -inf nan nan -inf nan nan
41.040000 -9.659601 -9.660155 -10.729538 -9.401385 -12.553811 -13.639035 -12.544517 -inf nan nan -inf nan nan
41.080000 -9.574488 -9.575057 -10.629157 -9.315409 -12.457677 -13.541853 -12.456273 -inf nan nan -inf nan nan
41.120000 -9.428266 -9.428841 -10.463451 -9.166966 -12.306699 -13.387565 -12.301079 -inf nan nan -inf nan nan
41.160000 -9.268506 -9.269091 -10.278489 -8.963545 -12.139375 -13.217334 -12.140406 -inf nan nan -inf nan nan
41.200000 -9.151968 -9.152560 -10.128718 -8.843137 -12.017915 -13.093279 -12.023117 -inf nan nan -inf nan nan
41.240000 -8.874921 -8.875516 -9.803417 -8.544398 -11.738165 -12.809041 -11.746296 -inf nan nan -inf nan nan
41.280000 -8.707127 -8.707730 -9.621668 -8.369994 -11.564940 -12.633170 -11.578100 -inf nan nan -inf nan nan
41.320000 -8.643449 -8.644051 -9.552361 -8.294971 -11.501731 -12.564465 -11.514717 -inf nan nan -inf nan nan
41.360000 -8.645192 -8.645798 -9.545887 -8.291225 -11.500548 -12.559580 -11.514882 -inf nan nan -inf nan nan
41.400000 -8.646942 -8.647546 -9.540555 -8.288092 -11.503790 -12.557526 -11.514150 -inf nan nan -inf nan nan
41.440000 -8.647260 -8.647864 -9.534659 -8.244153 -11.504115 -12.553613 -11.514323 -inf nan nan -inf nan nan
41.480000 -8.647579 -8.648181 -9.525754 -8.275488 -11.506169 -12.550503 -11.511832 -inf nan nan -inf nan nan
41.520000 -8.659332 -8.659928 -9.537026 -8.224876 -11.522057 -12.561475 -11.528822 -inf nan nan -inf nan nan
41.560000 -8.683493 -8.684087 -9.556610 -8.256230 -11.547661 -12.582026 -11.554683 -inf nan nan -inf nan nan
41.600000 -8.709077 -8.709659 -9.584142 -8.217274 -11.581984 -12.610687 -11.589263 -inf nan nan -inf nan nan
41.640000 -8.734441 -8.735021 -9.604241 -8.240881 -11.608836 -12.632308 -11.617406 -inf nan nan -inf nan nan
41.680000 -8.761377 -8.761943 -9.632815 -8.244885 -11.646422 -12.663746 -11.654534 -inf nan nan -inf nan nan
41.720000 -8.785489 -8.786048 -9.654344 -8.240310 -11.675873 -12.687526 -11.685164 -inf nan nan -inf nan nan
41.760000 -8.806186 -8.806733 -9.674412 -8.230240 -11.706573 -12.712043 -11.715573 -inf nan nan -inf nan nan
41.800000 -8.827919 -8.828451 -9.698454 -8.246522 -11.740115 -12.739683 -11.750088 -inf nan nan -inf nan nan
41.840000 -8.841041 -8.841565 -9.706455 -8.233683 -11.760123 -12.753450 -11.768824 -inf nan nan -inf nan nan
41.880000 -8.854573 -8.855071 -9.729393 -8.250706 -11.795284 -12.782479 -11.802281 -inf nan nan -inf nan nan
41.920000 -8.863356 -8.863850 -9.731064 -8.255413 -11.807270 -12.788197 -11.812121 -inf nan nan -inf nan nan
41.960000 -8.867093 -8.867555 -9.759529 -8.274802 -11.840517 -12.815057 -11.843221 -inf nan nan -inf nan nan
42.000000 -8.870863 -8.871324 -9.760367 -8.270193 -11.845225 -12.813402 -11.845768 -inf nan nan -inf nan nan
42.040000 -8.866184 -8.866617 -9.777720 -8.257442 -11.867675 -12.829308 -11.865796 -inf nan nan -inf nan nan
42.080000 -8.861555 -8.861978 -9.778707 -8.281389 -11.873052 -12.828208 -11.868876 -inf nan nan -inf nan nan
42.120000 -8.859655 -8.860060 -9.790427 -8.287997 -11.889775 -12.838345 -11.884659 -inf nan nan -inf nan nan
42.160000 -8.860449 -8.860832 -9.811058 -8.300563 -11.915321 -12.857352 -11.910153 -inf nan nan -inf nan nan
42.200000 -8.861244 -8.861623 -9.806170 -8.333306 -11.921093 -12.856506 -11.915526 -inf nan nan -inf nan nan
42.240000 -8.859242 -8.859584 -9.826243 -8.349340 -11.963658 -12.892491 -11.958160 -inf nan nan -inf nan nan
42.280000 -8.857249 -8.857596 -9.809739 -8.361893 -11.955353 -12.877552 -11.950143 -inf nan nan -inf nan nan
42.320000 -8.854222 -8.854528 -9.785739 -8.384796 -12.006468 -12.922023 -12.002025 -inf nan nan -inf nan nan
42.360000 -8.850185 -8.850499 -9.723211 -8.346898 -11.991232 -12.900132 -11.987476 -inf nan nan -inf nan nan
42.400000 -8.846184 -8.846470 -9.715137 -8.371169 -12.028269 -12.930499 -12.025247 -inf nan nan -inf nan nan
42.440000 -8.840116 -8.840397 -9.707639 -8.356219 -12.029155 -12.924714 -12.026907 -inf nan nan -inf nan nan
42.480000 -8.834131 -8.834400 -9.717039 -8.335295 -12.042384 -12.931254 -12.040909 -inf nan nan -inf nan nan
42.520000 -8.824576 -8.824826 -9.734545 -8.396900 -12.064608 -12.946798 -12.063997 -inf nan nan -inf nan nan
42.560000 -8.811684 -8.811938 -9.709818 -8.323219 -12.044377 -12.919878 -12.044559 -inf nan nan -inf nan nan
42.600000 -8.799163 -8.799384 -9.751964 -8.403603 -12.092132 -12.960952 -12.093191 -inf nan nan -inf nan nan
42.640000 -8.775703 -8.775937 -9.699337 -8.303850 -12.044690 -12.906813 -12.046598 -inf nan nan -inf nan nan
42.680000 -8.753446 -8.753646 -9.737679 -8.369545 -12.089850 -12.945280 -12.092657 -inf nan nan -inf nan nan
42.720000 -8.729488 -8.729701 -9.679941 -8.277702 -12.038457 -12.887836 -12.042149 -inf nan nan -inf nan nan
42.760000 -8.704155 -8.704348 -9.689423 -8.279975 -12.056069 -12.900335 -12.060638 -inf nan nan -inf nan nan
42.800000 -8.680218 -8.680411 -9.657574 -8.223265 -12.032313 -12.871464 -12.037787 -inf nan nan -inf nan nan
42.840000 -8.652763 -8.652951 -9.624014 -8.188116 -12.015894 -12.849932 -12.022275 -inf nan nan -inf nan nan
42.880000 -8.626940 -8.627115 -9.613859 -8.196682 -12.022363 -12.851274 -12.029663 -inf nan nan -inf nan nan
42.920000 -8.606156 -8.606340 -9.549177 -8.133217 -11.979545 -12.803327 -11.987759 -inf nan nan -inf nan nan
42.960000 -8.589778 -8.589937 -9.575002 -8.183430 -12.026736 -12.845382 -12.036367 -inf nan nan -inf nan nan
43.000000 -8.573996 -8.574169 -9.500275 -8.120418 -11.973569 -12.787070 -11.984627 -inf nan nan -inf nan nan
43.040000 -8.561875 -8.562024 -9.520510 -8.170318 -12.026837 -12.835195 -12.039323 -inf nan nan -inf nan nan
43.080000 -8.550083 -8.550244 -9.456675 -8.127796 -11.980027 -12.783198 -11.993412 -inf nan nan -inf nan nan
43.120000 -8.537595 -8.537744 -9.435829 -8.128909 -12.001838 -12.799852 -12.014014 -inf nan nan -inf nan nan
43.160000 -8.524476 -8.524626 -9.405692 -8.128456 -11.987197 -12.779961 -11.999794 -inf nan nan -inf nan nan
43.200000 -8.511742 -8.511892 -9.365963 -8.086412 -11.974927 -12.762091 -11.987857 -inf nan nan -inf nan nan
43.240000 -8.497266 -8.497405 -9.365727 -8.117552 -11.992017 -12.772912 -12.005311 -inf nan nan -inf nan nan
43.280000 -8.483257 -8.483406 -9.323341 -8.051449 -11.948542 -12.723166 -11.959982 -inf nan nan -inf nan nan
43.320000 -8.468139 -8.468270 -9.349795 -8.086201 -11.990080 -12.758400 -11.992532 -inf nan nan -inf nan nan
43.360000 -8.452040 -8.452182 -9.288710 -8.030184 -11.936387 -12.698396 -11.933554 -inf nan nan -inf nan nan
43.400000 -8.436516 -8.436643 -9.320540 -8.047631 -11.971975 -12.727635 -11.964718 -inf nan nan -inf nan nan
43.440000 -8.417861 -8.417996 -9.260308 -8.000986 -11.925668 -12.674959 -11.913950 -inf nan nan -inf nan nan
43.480000 -8.399974 -8.400103 -9.218163 -7.989225 -11.927526 -12.670414 -11.911096 -inf nan nan -inf nan nan
43.520000 -8.379611 -8.379738 -9.215142 -7.968567 -11.912361 -12.648749 -11.893595 -inf nan nan -inf nan nan
43.560000 -8.357136 -8.357266 -9.108009 -7.917709 -11.882059 -12.611938 -11.859590 -inf nan nan -inf nan nan
43.600000 -8.335767 -8.335888 -9.134706 -7.912189 -11.892169 -12.615431 -11.866600 -inf nan nan -inf nan nan
43.640000 -8.312828 -8.312957 -9.032570 -7.872710 -11.841501 -12.558128 -11.812237 -inf nan nan -inf nan nan
43.680000 -8.291040 -8.291156 -9.050971 -7.907047 -11.862619 -12.572437 -11.830835 -inf nan nan -inf nan nan
43.720000 -8.268434 -8.268558 -8.981380 -7.850392 -11.812503 -12.515552 -11.783069 -inf nan nan -inf nan nan
43.760000 -8.245186 -8.245302 -8.944515 -7.854792 -11.820007 -12.515953 -11.793242 -inf nan nan -inf nan nan
43.800000 -8.223118 -8.223237 -8.888515 -7.834618 -11.784893 -12.473760 -11.749274 -inf nan nan -inf nan nan
43.840000 -8.203754 -8.203872 -8.869986 -7.801871 -11.769903 -12.451404 -11.717558 -inf nan nan -inf nan nan
43.880000 -8.185217 -8.185332 -8.862487 -7.809628 -11.763761 -12.437641 -11.715975 -inf nan nan -inf nan nan
43.920000 -8.168003 -8.168121 -8.798392 -7.762988 -11.733236 -12.396835 -11.689679 -inf nan nan -inf nan nan
43.960000 -8.151989 -8.152100 -8.791956 -7.775431 -11.744405 -12.393182 -11.705783 -inf nan nan -inf nan nan
44.000000 -8.136545 -8.136662 -8.749749 -7.745142 -11.705486 -12.341904 -11.671300 -inf nan nan -inf nan nan
44.040000 -8.123906 -8.124016 -8.735282 -7.738331 -11.718519 -12.350506 -11.686538 -inf nan nan -inf nan nan
44.080000 -8.111625 -8.111740 -8.712764 -7.741210 -11.687306 -12.317917 -11.658209 -inf nan nan -inf nan nan
44.120000 -8.099521 -8.099633 -8.689102 -7.719760 -11.686335 -12.313878 -11.659631 -inf nan nan -inf nan nan
44.160000 -8.087589 -8.087703 -8.680024 -7.741547 -11.668835 -12.290059 -11.645053 -inf nan nan -inf nan nan
44.200000 -8.075976 -8.076092 -8.654357 -7.704412 -11.649013 -12.261562 -11.620667 -inf nan nan -inf nan nan
44.240000 -8.064823 -8.064937 -8.637812 -7.730315 -11.647315 -12.254003 -11.603877 -inf nan nan -inf nan nan
44.280000 -8.053950 -8.054068 -8.606112 -7.695086 -11.619280 -12.223246 -11.561112 -inf nan nan -inf nan nan
44.320000 -8.043414 -8.043529 -8.597771 -7.713915 -11.621936 -12.224975 -11.552973 -inf nan nan -inf nan nan
44.360000 -8.033198 -8.033319 -8.540414 -7.709122 -11.589870 -12.191803 -11.506922 -inf nan nan -inf nan nan
44.400000 -8.023217 -8.023336 -8.524993 -7.725197 -11.585328 -12.189169 -11.493662 -inf nan nan -inf nan nan
44.440000 -8.014407 -8.014531 -8.512055 -7.742694 -11.558525 -12.164850 -11.453674 -inf nan nan -inf nan nan
44.480000 -8.005773 -8.005899 -8.473914 -7.724776 -11.543091 -12.150291 -11.431138 -inf nan nan -inf nan nan
44.520000 -7.998031 -7.998160 -8.472537 -7.718474 -11.525249 -12.136266 -11.400053 -inf nan nan -inf nan nan
44.560000 -7.991138 -7.991273 -8.465240 -7.687295 -11.499216 -12.092297 -11.355983 -inf nan nan -inf nan nan
44.600000 -7.984353 -7.984490 -8.459925 -7.703364 -11.487036 -12.077571 -11.331490 -inf nan nan -inf nan nan
44.640000 -7.977976 -7.978120 -8.442406 -7.673915 -11.458840 -12.047170 -11.287650 -inf nan nan -inf nan nan
44.680000 -7.971692 -7.971839 -8.452031 -7.692305 -11.442687 -12.031553 -11.262676 -inf nan nan -inf nan nan
44.720000 -7.966978 -7.967133 -8.429829 -7.673279 -11.413368 -12.002919 -11.219992 -inf nan nan -inf nan nan
44.760000 -7.963784 -7.963946 -8.443327 -7.659556 -11.392534 -11.979392 -11.190911 -inf nan nan -inf nan nan
44.800000 -7.960613 -7.960784 -8.433747 -7.652450 -11.365200 -11.952968 -11.154090 -inf nan nan -inf nan nan
44.840000 -7.960747 -7.960928 -8.436950 -7.658521 -11.340461 -11.923147 -11.120421 -inf nan nan -inf nan nan
44.880000 -7.960882 -7.961073 -8.457351 -7.672167 -11.318017 -11.900218 -11.091133 -inf nan nan -inf nan nan
44.920000 -7.962532 -7.962737 -8.450633 -7.673995 -11.288519 -11.866653 -11.053679 -inf nan nan -inf nan nan
44.960000 -7.965716 -7.965933 -8.445650 -7.695129 -11.266317 -11.845737 -11.029455 -inf nan nan -inf nan nan
45.000000 -7.968923 -7.969156 -8.433877 -7.685303 -11.239901 -11.811246 -10.997214 -inf nan nan -inf nan nan
45.040000 -7.974451 -7.974703 -8.453070 -7.699490 -11.211446 -11.779338 -10.973910 -inf nan nan -inf nan nan
45.080000 -7.980050 -7.980321 -8.483981 -7.692578 -11.185733 -11.751985 -10.955653 -inf nan nan -inf nan nan
45.120000 -7.987489 -7.987785 -8.501705 -7.682558 -11.154194 -11.713125 -10.927351 -inf nan nan -inf nan nan
45.160000 -7.996863 -7.997183 -8.540226 -7.696363 -11.130285 -11.688312 -10.913507 -inf nan nan -inf nan nan
45.200000 -8.006444 -8.006796 -8.545363 -7.710708 -11.098315 -11.648200 -10.882806 -inf nan nan -inf nan nan
45.240000 -8.018969 -8.019351 -8.564406 -7.732129 -11.075155 -11.621401 -10.868025 -inf nan nan -inf nan nan
45.280000 -8.031866 -8.032288 -8.578974 -7.729081 -11.044523 -11.583533 -10.838817 -inf nan nan -inf nan nan
45.320000 -8.046372 -8.046837 -8.601445 -7.740883 -11.016983 -11.548702 -10.808197 -inf nan nan -inf nan nan
45.360000 -8.062639 -8.063148 -8.573723 -7.732364 -10.993799 -11.518645 -10.778656 -inf nan nan -inf nan nan
45.400000 -8.079539 -8.080112 -8.585039 -7.747404 -10.959072 -11.475464 -10.742464 -inf nan nan -inf nan nan
45.440000 -8.099826 -8.100454 -8.597359 -7.767515 -10.939851 -11.450156 -10.719098 -inf nan nan -inf nan nan
45.480000 -8.121107 -8.121819 -8.605348 -7.780901 -10.906644 -11.406391 -10.683655 -inf nan nan -inf nan nan
45.520000 -8.143360 -8.144144 -8.602581 -7.802506 -10.887032 -11.379999 -10.662226 -inf nan nan -inf nan nan
45.560000 -8.166685 -8.167574 -8.636340 -7.811188 -10.855779 -11.337633 -10.628121 -inf nan nan -inf nan nan
45.600000 -8.191333 -8.192322 -8.676785 -7.836266 -10.834527 -11.306918 -10.606541 -inf nan nan -inf nan nan
45.640000 -8.217122 -8.218242 -8.703092 -7.828035 -10.806151 -11.268190 -10.576754 -inf nan nan -inf nan nan
45.680000 -8.244539 -8.245805 -8.734072 -7.848003 -10.780562 -11.233988 -10.560477 -inf nan nan -inf nan nan
45.720000 -8.272667 -8.274084 -8.755607 -7.882638 -10.759841 -11.200679 -10.549729 -inf nan nan -inf nan nan
45.760000 -8.301528 -8.303162 -8.793598 -7.898261 -10.726805 -11.155573 -10.520664 -inf nan nan -inf nan nan
45.800000 -8.332444 -8.334267 -8.850532 -7.917645 -10.710437 -11.131369 -10.503668 -inf nan nan -inf nan nan
45.840000 -8.361986 -8.364097 -8.882196 -7.922555 -10.676433 -11.090449 -10.476185 -inf nan nan -inf nan nan
45.880000 -8.393686 -8.396048 -8.934492 -7.959869 -10.659350 -11.064209 -10.470137 -inf nan nan -inf nan nan
45.920000 -8.426166 -8.428894 -8.966746 -7.982697 -10.629398 -11.022612 -10.450746 -inf nan nan -inf nan nan
45.960000 -8.459419 -8.462500 -9.001066 -8.017382 -10.610034 -10.992724 -10.436648 -inf nan nan -inf nan nan
46.000000 -8.495430 -8.498974 -9.018790 -8.040532 -10.585437 -10.957222 -10.424656 -inf nan nan -inf nan nan
46.040000 -8.530419 -8.534474 -9.064211 -8.060840 -10.562194 -10.922351 -10.416070 -inf nan nan -inf nan nan
46.080000 -8.568476 -8.573079 -9.112351 -8.097381 -10.545480 -10.896666 -10.418908 -inf nan nan -inf nan nan
46.120000 -8.607005 -8.612353 -9.148305 -8.112444 -10.519242 -10.866889 -10.405351 -inf nan nan -inf nan nan
46.160000 -8.645804 -8.651837 -9.201766 -8.154756 -10.506096 -10.851703 -10.404141 -inf nan nan -inf nan nan
46.200000 -8.688412 -8.695424 -9.226120 -8.175437 -10.483844 -10.824113 -10.393184 -inf nan nan -inf nan nan
46.240000 -8.727059 -8.734967 -9.273003 -8.216584 -10.470742 -10.808692 -10.387239 -inf nan nan -inf nan nan
46.280000 -8.769484 -8.778631 -9.305252 -8.243055 -10.450576 -10.782623 -10.371893 -inf nan nan -inf nan nan
46.320000 -8.812045 -8.822412 -9.348959 -8.307066 -10.439365 -10.767649 -10.374430 -inf nan nan -inf nan nan
46.360000 -8.854316 -8.866229 -9.393745 -8.353449 -10.422020 -10.744013 -10.370017 -inf nan nan -inf nan nan
46.400000 -8.901149 -8.914735 -9.432983 -8.392425 -10.412620 -10.723515 -10.375036 -inf nan nan -inf nan nan
46.440000 -8.941624 -8.957030 -9.485445 -8.438839 -10.399405 -10.697775 -10.369720 -inf nan nan -inf nan nan
46.480000 -8.986264 -9.003962 -9.518466 -8.486171 -10.384933 -10.669492 -10.359409 -inf nan nan -inf nan nan
46.520000 -9.030467 -9.050386 -9.581409 -8.544975 -10.378914 -10.650063 -10.359817 -inf nan nan -inf nan nan
46.560000 -9.073545 -9.096351 -9.617837 -8.587307 -10.364633 -10.620486 -10.349913 -inf nan nan -inf nan nan
46.600000 -9.121372 -9.146935 -9.683019 -8.637783 -10.364258 -10.613716 -10.364562 -inf nan nan -inf nan nan
46.640000 -9.162324 -9.191402 -9.736415 -8.676277 -10.350997 -10.587481 -10.354007 -inf nan nan -inf nan nan
46.680000 -9.207545 -9.240154 -9.794097 -8.723965 -10.348189 -10.584622 -10.351339 -inf nan nan -inf nan nan
46.720000 -9.252128 -9.288949 -9.855166 -8.758589 -10.342093 -10.568843 -10.340282 -inf nan nan -inf nan nan
46.760000 -9.295296 -9.336597 -9.901500 -8.798172 -10.337612 -10.551795 -10.330763 -inf nan nan -inf nan nan
46.800000 -9.343232 -9.389336 -9.958043 -8.847857 -10.340121 -10.551620 -10.333194 -inf nan nan -inf nan nan
46.840000 -9.384816 -9.436580 -10.004590 -8.886182 -10.334197 -10.550832 -10.326167 -inf nan nan -inf nan nan
46.880000 -9.430807 -9.488247 -10.070770 -8.935253 -10.337784 -10.548225 -10.329479 -inf nan nan -inf nan nan
46.920000 -9.476407 -9.540592 -10.131815 -8.989665 -10.338453 -10.550593 -10.325328 -inf nan nan -inf nan nan
46.960000 -9.520881 -9.591722 -10.197938 -9.042067 -10.343321 -10.552219 -10.329502 -inf nan nan -inf nan nan
47.000000 -9.570435 -9.649133 -10.266119 -9.103587 -10.351008 -10.565070 -10.335068 -inf nan nan -inf nan nan
47.040000 -9.613629 -9.700374 -10.330969 -9.155442 -10.355820 -10.582469 -10.335521 -inf nan nan -inf nan nan
47.080000 -9.661598 -9.757379 -10.402339 -9.213911 -10.365115 -10.600126 -10.344984 -inf nan nan -inf nan nan
47.120000 -9.709191 -9.814595 -10.471082 -9.283733 -10.375757 -10.623921 -10.355022 -inf nan nan -inf nan nan
47.160000 -9.755590 -9.870986 -10.545107 -9.338343 -10.387604 -10.649619 -10.367337 -inf nan nan -inf nan nan
47.200000 -9.807546 -9.934332 -10.619702 -9.391692 -10.404110 -10.677018 -10.380703 -inf nan nan -inf nan nan
47.240000 -9.852844 -9.991200 -10.695035 -9.448872 -10.416972 -10.707706 -10.390861 -inf nan nan -inf nan nan
47.280000 -9.903423 -10.054832 -10.770182 -9.504669 -10.434562 -10.739625 -10.404941 -inf nan nan -inf nan nan
47.320000 -9.953675 -10.118099 -10.851769 -9.566715 -10.455116 -10.776417 -10.423786 -inf nan nan -inf nan nan
47.360000 -10.002665 -10.181761 -10.936916 -9.640982 -10.473838 -10.802495 -10.431871 -inf nan nan -inf nan nan
47.400000 -10.057892 -10.252138 -11.027766 -9.741251 -10.500833 -10.830492 -10.469817 -inf nan nan -inf nan nan
47.440000 -10.105575 -10.316135 -11.120030 -9.806923 -10.521017 -10.848967 -10.477016 -inf nan nan -inf nan nan
47.480000 -10.159145 -10.387206 -11.197180 -9.871334 -10.547930 -10.884466 -10.489148 -inf nan nan -inf nan nan
47.520000 -10.212274 -10.457824 -11.295556 -9.938780 -10.576924 -10.924400 -10.516336 -inf nan nan -inf nan nan
47.560000 -10.263811 -10.529078 -11.376138 -10.005520 -10.603815 -10.957121 -10.536453 -inf nan nan -inf nan nan
47.600000 -10.322298 -10.607408 -11.486616 -10.088029 -10.639854 -11.019105 -10.572064 -inf nan nan -inf nan nan
47.640000 -10.372337 -10.679362 -11.604411 -10.181717 -10.667454 -11.066391 -10.592146 -inf nan nan -inf nan nan
47.680000 -10.428901 -10.757436 -11.734695 -10.298613 -10.704064 -11.115642 -10.627821 -inf nan nan -inf nan nan
47.720000 -10.485149 -10.837371 -11.838455 -10.398705 -10.740390 -11.164050 -10.655972 -inf nan nan -inf nan nan
47.760000 -10.539785 -10.916241 -11.955579 -10.481544 -10.776570 -11.210747 -10.678758 -inf nan nan -inf nan nan
47.800000 -10.602297 -11.004162 -12.055985 -10.571847 -10.821548 -11.267867 -10.708821 -inf nan nan -inf nan nan
47.840000 -10.655401 -11.084483 -12.147231 -10.643837 -10.857664 -11.313122 -10.738363 -inf nan nan -inf nan nan
47.880000 -10.715915 -11.171196 -12.249705 -10.740635 -10.903353 -11.369880 -10.782343 -inf nan nan -inf nan nan
47.920000 -10.776336 -11.260959 -12.347627 -10.822867 -10.948724 -11.423787 -10.823787 -inf nan nan -inf nan nan
47.960000 -10.835174 -11.348711 -12.450064 -10.924534 -10.994142 -11.478104 -10.867562 -inf nan nan -inf nan nan
48.000000 -10.903251 -11.448513 -12.553628 -11.017677 -11.048902 -11.535119 -10.917936 -inf nan nan -inf nan nan
48.040000 -10.960523 -11.536003 -12.672135 -11.118029 -11.094696 -11.595155 -10.963540 -inf nan nan -inf nan nan
48.080000 -11.026512 -11.634862 -12.813807 -11.219090 -11.149374 -11.658754 -11.017149 -inf nan nan -inf nan nan
48.120000 -11.092464 -11.733874 -12.939843 -11.324875 -11.205041 -11.740027 -11.069213 -inf nan nan -inf nan nan
48.160000 -11.156447 -11.831935 -13.086516 -11.434739 -11.259431 -11.820805 -11.122261 -inf nan nan -inf nan nan
48.200000 -11.231512 -11.943303 -13.239659 -11.547983 -11.325275 -11.922102 -11.185465 -inf nan nan -inf nan nan
48.240000 -11.293480 -12.039085 -13.349598 -11.655300 -11.379474 -12.006585 -11.235812 -inf nan nan -inf nan nan
48.280000 -11.365785 -12.149162 -13.469692 -11.765099 -11.443928 -12.096405 -11.292001 -inf nan nan -inf nan nan
48.320000 -11.438107 -12.257829 -13.592912 -11.880042 -11.509431 -12.179618 -11.347987 -inf nan nan -inf nan nan
48.360000 -11.507879 -12.367671 -13.710874 -11.990498 -11.572424 -12.254129 -11.411537 -inf nan nan -inf nan nan
48.400000 -11.591048 -12.487733 -13.860968 -12.118068 -11.649963 -12.348889 -11.481631 -inf nan nan -inf nan nan
48.440000 -11.658146 -12.594811 -14.004466 -12.228659 -11.711547 -12.423126 -11.545210 -inf nan nan -inf nan nan
48.480000 -11.737539 -12.713764 -14.164014 -12.352843 -11.786020 -12.511003 -11.612362 -inf nan nan -inf nan nan
48.520000 -11.817011 -12.833596 -14.342760 -12.479435 -11.860964 -12.595357 -11.679638 -inf nan nan -inf nan nan
48.560000 -11.893114 -12.952536 -14.492603 -12.601311 -11.932744 -12.674472 -11.743298 -inf nan nan -inf nan nan
48.600000 -11.985447 -13.083549 -14.672918 -12.740714 -12.021556 -12.771591 -11.823337 -inf nan nan -inf nan nan
48.640000 -12.059061 -13.200533 -14.836184 -12.858335 -12.091606 -12.847519 -11.882805 -inf nan nan -inf nan nan
48.680000 -12.147753 -13.329811 -15.028188 -12.995619 -12.177293 -12.956456 -11.960843 -inf nan nan -inf nan nan
48.720000 -12.237128 -13.464504 -15.208575 -13.132589 -12.263650 -13.067262 -12.038034 -inf nan nan -inf nan nan
48.760000 -12.322608 -13.589987 -15.399750 -13.266926 -12.346730 -13.177391 -12.115087 -inf nan nan -inf nan nan
48.800000 -12.429140 -13.739855 -15.599476 -13.421890 -12.450913 -13.310957 -12.209875 -inf nan nan -inf nan nan
48.840000 -12.513053 -13.865747 -15.781663 -13.553248 -12.532773 -13.422679 -12.284369 -inf nan nan -inf nan nan
48.880000 -12.617158 -14.012055 -15.986960 -13.708184 -12.635014 -13.552108 -12.375394 -inf nan nan -inf nan nan
48.920000 -12.724356 -14.163868 -16.188107 -13.864028 -12.740436 -13.675817 -12.472117 -inf nan nan -inf nan nan
48.960000 -12.828494 -14.306182 -16.392450 -14.016520 -12.843198 -13.774655 -12.590557 -inf nan nan -inf nan nan
49.000000 -12.965753 -14.487033 -16.618130 -14.197773 -12.979031 -13.902498 -12.727380 -inf nan nan -inf nan nan
49.040000 -13.073808 -14.633616 -16.824443 -14.352059 -13.085943 -14.002023 -12.841267 -inf nan nan -inf nan nan
49.080000 -13.217981 -14.822846 -17.050756 -14.541547 -13.228905 -14.160402 -12.970418 -inf nan nan -inf nan nan
49.120000 -13.372370 -15.012387 -17.293432 -14.739172 -13.382434 -14.345555 -13.106006 -inf nan nan -inf nan nan
49.160000 -13.522329 -15.201937 -17.500667 -14.907853 -13.531507 -14.513261 -13.245542 -inf nan nan -inf nan nan
49.200000 -13.753248 -15.466211 -17.784398 -15.149966 -13.761741 -14.763172 -13.472012 -inf nan nan -inf nan nan
49.240000 -13.898936 -15.643972 -17.990635 -15.329959 -13.906819 -14.924222 -13.616894 -inf nan nan -inf nan nan
49.280000 -14.119758 -15.892389 -18.236999 -15.587846 -14.127151 -15.141561 -13.815902 -inf nan nan -inf nan nan
49.320000 -14.369403 -16.165265 -18.575112 -15.926901 -14.376408 -15.385608 -14.075549 -inf nan nan -inf nan nan
49.360000 -14.574283 -16.387230 -18.810797 -16.217564 -14.581016 -15.590879 -14.244591 -inf nan nan -inf nan nan
49.400000 -14.975278 -16.804428 -19.228510 -16.710923 -14.981762 -15.992310 -14.639381 -inf nan nan -inf nan nan
49.440000 -15.157899 -17.004216 -19.391448 -16.909488 -15.164130 -16.205385 -14.874921 -inf nan nan -inf nan nan
49.480000 -15.479129 -17.326340 -19.682095 -17.346280 -15.485347 -16.646521 -15.174757 -inf nan nan -inf nan nan
49.520000 -15.911290 -17.779346 -20.076402 -17.780786 -15.917215 -17.203070 -15.623036 -inf nan nan -inf nan nan
49.560000 -16.168869 -18.024826 -20.590421 -18.142343 -16.174963 -17.485099 -15.846111 -inf nan nan -inf nan nan
49.600000 -16.889169 -18.806202 -21.350076 -18.888711 -16.894458 -18.135149 -16.473324 -inf nan nan -inf nan nan
