#Quasar bolometric luminosity function in different peak halo mass bins from TRINITY PaperIII (Fig. 6, Zhang+2024, MNRAS, 529, 2777)
#z: 8.00
#log10(Lbol [erg/s])(0) log10(QLF_total [Mpc^-3 dex^-1])(1) log10(QLF(11<logMpeak<12) [Mpc^-3 dex^-1])(2) log10(QLF(11<logMpeak<12)_16th [Mpc^-3 dex^-1])(3) log10(QLF(11<logMpeak<12)_84th [Mpc^-3 dex^-1])(4)
#log10(QLF(12<logMpeak<13) [Mpc^-3 dex^-1])(5) log10(QLF(12<logMpeak<13)_16th [Mpc^-3 dex^-1])(6) log10(QLF(12<logMpeak<13)_84th [Mpc^-3 dex^-1])(7)
#log10(QLF(13<logMpeak<14) [Mpc^-3 dex^-1])(8) log10(QLF(13<logMpeak<14)_16th [Mpc^-3 dex^-1])(9) log10(QLF(13<logMpeak<14)_84th [Mpc^-3 dex^-1])(10)
#log10(QLF(14<logMpeak<15) [Mpc^-3 dex^-1])(11) log10(QLF(14<logMpeak<15)_16th [Mpc^-3 dex^-1])(12) log10(QLF(14<logMpeak<15)_84th [Mpc^-3 dex^-1])(13)
40.000000 -8.582155 -8.594724 -9.514436 -8.540523 -10.126912 -11.193532 -10.163525 -16.188069 -19.138783 -16.962870 -inf nan nan
40.040000 -8.565330 -8.578029 -9.492459 -8.522595 -10.105684 -11.166721 -10.143053 -16.170455 -19.004277 -16.939703 -inf nan nan
40.080000 -8.549132 -8.561976 -9.468815 -8.503892 -10.084616 -11.142022 -10.116812 -16.152101 -18.908806 -16.910290 -inf nan nan
40.120000 -8.532935 -8.545933 -9.448703 -8.486374 -10.063312 -11.117398 -10.097012 -16.136575 -18.776240 -16.887709 -inf nan nan
40.160000 -8.516760 -8.529812 -9.425086 -8.468117 -10.045369 -11.092802 -10.074684 -16.119147 -18.695879 -16.859404 -inf nan nan
40.200000 -8.501166 -8.514350 -9.405291 -8.450592 -10.025488 -11.069921 -10.054298 -16.104164 -18.569587 -16.823909 -inf nan nan
40.240000 -8.484885 -8.498097 -9.382437 -8.432640 -10.008299 -11.045740 -10.035328 -16.087688 -18.501619 -16.792470 -inf nan nan
40.280000 -8.469192 -8.482514 -9.361133 -8.414389 -9.989042 -11.023253 -10.014675 -16.072237 -18.395995 -16.761518 -inf nan nan
40.320000 -8.453324 -8.466659 -9.339848 -8.397001 -9.972765 -11.000330 -9.998104 -16.056930 -18.314192 -16.728252 -inf nan nan
40.360000 -8.437319 -8.450742 -9.316960 -8.381802 -9.953962 -10.977563 -9.978321 -16.040883 -18.257380 -16.695288 -inf nan nan
40.400000 -8.421884 -8.435335 -9.296862 -8.367644 -9.937626 -10.955537 -9.962940 -16.026344 -18.189564 -16.667423 -inf nan nan
40.440000 -8.405188 -8.418678 -9.272833 -8.352631 -9.919689 -10.932231 -9.945195 -16.009694 -18.122892 -16.635970 -inf nan nan
40.480000 -8.389111 -8.402635 -9.252325 -8.338109 -9.902535 -10.909922 -9.929039 -15.994711 -18.072468 -16.603526 -inf nan nan
40.520000 -8.372421 -8.385946 -9.228596 -8.320750 -9.885828 -10.886901 -9.912378 -15.978501 -18.001953 -16.574648 -inf nan nan
40.560000 -8.355209 -8.368760 -9.206127 -8.304220 -9.867764 -10.863542 -9.894963 -15.962103 -17.950728 -16.545847 -inf nan nan
40.600000 -8.338654 -8.352194 -9.183301 -8.286453 -9.851582 -10.840955 -9.879087 -15.946423 -17.869107 -16.521534 -inf nan nan
40.640000 -8.319350 -8.332909 -9.157590 -8.266993 -9.831659 -10.815537 -9.859707 -15.927714 -17.819778 -16.494825 -inf nan nan
40.680000 -8.300869 -8.314408 -9.133667 -8.246365 -9.813817 -10.791351 -9.842328 -15.910381 -17.742325 -16.468064 -inf nan nan
40.720000 -8.280322 -8.293870 -9.105786 -8.221844 -9.793000 -10.764774 -9.822146 -15.890411 -17.682385 -16.443164 -inf nan nan
40.760000 -8.258025 -8.271556 -9.078384 -8.196282 -9.771243 -10.736859 -9.800989 -15.869373 -17.614446 -16.389892 -inf nan nan
40.800000 -8.236817 -8.250338 -9.049569 -8.171192 -9.750334 -10.709797 -9.780513 -15.849006 -17.542304 -16.351618 -inf nan nan
40.840000 -8.206196 -8.219700 -9.013449 -8.137082 -9.720255 -10.673616 -9.751045 -15.819575 -17.481272 -16.306109 -inf nan nan
40.880000 -8.177592 -8.191072 -8.977169 -8.104770 -9.692413 -10.639380 -9.723557 -15.792006 -17.404113 -16.275281 -inf nan nan
40.920000 -8.139188 -8.152649 -8.931830 -8.062514 -9.654605 -10.595375 -9.686244 -15.754645 -17.342044 -16.234662 -inf nan nan
40.960000 -8.093507 -8.106936 -8.878284 -8.013290 -9.609944 -10.544287 -9.641981 -15.710201 -17.250072 -16.186960 -inf nan nan
41.000000 -8.052177 -8.065584 -8.827717 -7.967787 -9.569316 -10.497384 -9.601797 -15.669882 -17.182345 -16.143381 -inf nan nan
41.040000 -7.962671 -7.976037 -8.728517 -7.874836 -9.481130 -10.402768 -9.514010 -15.581878 -17.069484 -16.052113 -inf nan nan
41.080000 -7.888497 -7.901834 -8.647478 -7.796258 -9.407872 -10.323165 -9.441700 -15.508829 -16.972433 -15.971989 -inf nan nan
41.120000 -7.759246 -7.772536 -8.515283 -7.663593 -9.280117 -10.188989 -9.315096 -15.381228 -16.822418 -15.835428 -inf nan nan
41.160000 -7.613666 -7.626919 -8.366270 -7.517082 -9.135742 -10.038182 -9.171880 -15.236969 -16.649867 -15.681139 -inf nan nan
41.200000 -7.504826 -7.518025 -8.248979 -7.385871 -9.028662 -9.924673 -9.065987 -15.130019 -16.503661 -15.569898 -inf nan nan
41.240000 -7.349680 -7.362832 -8.086660 -7.227860 -8.875035 -9.764782 -8.913505 -14.976453 -16.338214 -15.408391 -inf nan nan
41.280000 -7.235605 -7.248697 -7.949309 -7.103386 -8.762903 -9.646434 -8.802555 -14.864402 -16.202638 -15.293564 -inf nan nan
41.320000 -7.192105 -7.205139 -7.900877 -7.054980 -8.721319 -9.598602 -8.762131 -14.822860 -16.146323 -15.246304 -inf nan nan
41.360000 -7.200155 -7.213123 -7.908842 -7.051146 -8.731538 -9.602590 -8.773529 -14.833133 -16.138437 -15.254472 -inf nan nan
41.400000 -7.208357 -7.221247 -7.917591 -7.041304 -8.742317 -9.607116 -8.784805 -14.843950 -16.112758 -15.261385 -inf nan nan
41.440000 -7.222119 -7.234938 -7.931286 -7.025055 -8.758450 -9.617002 -8.798403 -14.860118 -16.111745 -15.275308 -inf nan nan
41.480000 -7.236330 -7.249050 -7.946656 -7.023251 -8.775980 -9.628276 -8.813390 -14.877672 -16.123488 -15.291134 -inf nan nan
41.520000 -7.248489 -7.261131 -7.958855 -7.037070 -8.790750 -9.636787 -8.825795 -14.892459 -16.132058 -15.303837 -inf nan nan
41.560000 -7.258404 -7.270926 -7.970802 -7.049523 -8.804762 -9.644538 -8.839442 -14.906490 -16.140920 -15.317593 -inf nan nan
41.600000 -7.268551 -7.280980 -7.982407 -7.061586 -8.818087 -9.651595 -8.852584 -14.919828 -16.148563 -15.329711 -inf nan nan
41.640000 -7.275188 -7.287475 -7.992097 -7.065381 -8.829661 -9.656902 -8.864369 -14.931414 -16.155137 -15.341415 -inf nan nan
41.680000 -7.281928 -7.294093 -8.001300 -7.068646 -8.840658 -9.661631 -8.875576 -14.942415 -16.160851 -15.351958 -inf nan nan
41.720000 -7.286930 -7.298934 -8.009984 -7.068257 -8.851386 -9.666089 -8.886513 -14.953148 -16.166708 -15.363010 -inf nan nan
41.760000 -7.290133 -7.301974 -8.010078 -7.075852 -8.860444 -9.668875 -8.895783 -14.962213 -16.170792 -15.372144 -inf nan nan
41.800000 -7.293360 -7.305039 -8.001868 -7.083570 -8.869547 -9.671707 -8.905097 -14.971323 -16.175091 -15.381367 -inf nan nan
41.840000 -7.301842 -7.313307 -7.998619 -7.098485 -8.885990 -9.681878 -8.921748 -14.987769 -16.186860 -15.394669 -inf nan nan
41.880000 -7.310493 -7.321798 -7.977361 -7.111691 -8.900660 -9.690275 -8.936627 -15.002437 -16.196772 -15.406198 -inf nan nan
41.920000 -7.321017 -7.332065 -7.975022 -7.130425 -8.921017 -9.704359 -8.957194 -15.022796 -16.212744 -15.423417 -inf nan nan
41.960000 -7.333548 -7.344415 -7.974099 -7.147537 -8.940626 -9.717693 -8.977014 -15.042409 -16.227971 -15.439886 -inf nan nan
42.000000 -7.346451 -7.357027 -7.976232 -7.168993 -8.965197 -9.735991 -9.001794 -15.066984 -16.248159 -15.461315 -inf nan nan
42.040000 -7.351954 -7.362318 -7.971189 -7.153078 -8.979403 -9.743923 -9.016207 -15.081188 -16.257983 -15.472378 -inf nan nan
42.080000 -7.357527 -7.367571 -7.962544 -7.154583 -8.998425 -9.756671 -9.035440 -15.100209 -16.272623 -15.488258 -inf nan nan
42.120000 -7.361207 -7.370988 -7.949896 -7.139044 -9.013491 -9.765462 -9.050716 -15.115277 -16.283307 -15.500184 -inf nan nan
42.160000 -7.362945 -7.372454 -7.944685 -7.139360 -9.027325 -9.773023 -9.065052 -15.129115 -16.292760 -15.510879 -inf nan nan
42.200000 -7.364689 -7.373864 -7.956991 -7.123298 -9.044467 -9.783892 -9.082695 -15.146260 -16.305519 -15.524879 -inf nan nan
42.240000 -7.360826 -7.369779 -7.958379 -7.109529 -9.051100 -9.784251 -9.089832 -15.152892 -16.307771 -15.528372 -inf nan nan
42.280000 -7.356997 -7.365581 -7.967717 -7.115278 -9.065365 -9.792241 -9.104602 -15.167157 -16.317632 -15.539496 -inf nan nan
42.320000 -7.350262 -7.358631 -7.966381 -7.096856 -9.069576 -9.790182 -9.109317 -15.171374 -16.316867 -15.540570 -inf nan nan
42.360000 -7.340754 -7.348738 -7.971967 -7.086517 -9.080330 -9.794665 -9.120575 -15.182136 -16.322644 -15.548186 -inf nan nan
42.400000 -7.331450 -7.339219 -7.968655 -7.069272 -9.082762 -9.790830 -9.120630 -15.184577 -16.320104 -15.547485 -inf nan nan
42.440000 -7.314469 -7.321846 -7.969030 -7.057264 -9.088085 -9.789883 -9.124560 -15.189907 -16.320456 -15.549675 -inf nan nan
42.480000 -7.298128 -7.305259 -7.962838 -7.032412 -9.086304 -9.781836 -9.121545 -15.188136 -16.313706 -15.544764 -inf nan nan
42.520000 -7.279720 -7.286576 -7.955217 -7.008724 -9.084852 -9.774126 -9.118467 -15.186706 -16.307293 -15.540189 -inf nan nan
42.560000 -7.259523 -7.266072 -7.949294 -6.989858 -9.084410 -9.767420 -9.116954 -15.186285 -16.301887 -15.536624 -inf nan nan
42.600000 -7.240223 -7.246590 -7.935123 -6.957988 -9.077247 -9.754014 -9.110334 -15.179162 -16.289785 -15.526359 -inf nan nan
42.640000 -7.219341 -7.225391 -7.929805 -6.937329 -9.078422 -9.748922 -9.112035 -15.180356 -16.286001 -15.524754 -inf nan nan
42.680000 -7.199416 -7.205313 -7.913221 -6.908280 -9.069514 -9.733802 -9.103705 -15.171522 -16.272187 -15.513648 -inf nan nan
42.720000 -7.178811 -7.184394 -7.908029 -6.911362 -9.072512 -9.730559 -9.105941 -15.174579 -16.270260 -15.514430 -inf nan nan
42.760000 -7.157657 -7.163105 -7.889123 -6.887346 -9.061959 -9.713812 -9.094052 -15.164134 -16.254831 -15.501712 -inf nan nan
42.800000 -7.137487 -7.142627 -7.885252 -6.890741 -9.066887 -9.712550 -9.096969 -15.169185 -16.254904 -15.504492 -inf nan nan
42.840000 -7.116962 -7.121951 -7.864467 -6.872369 -9.059199 -9.698670 -9.087799 -15.161626 -16.242367 -15.494663 -inf nan nan
42.880000 -7.097364 -7.102161 -7.839659 -6.862632 -9.056608 -9.689964 -9.082622 -15.159260 -16.235019 -15.490023 -inf nan nan
42.920000 -7.075416 -7.080023 -7.825481 -6.840490 -9.052103 -9.679267 -9.076075 -15.154934 -16.225709 -15.483422 -inf nan nan
42.960000 -7.051499 -7.055986 -7.802208 -6.804866 -9.039588 -9.660950 -9.063787 -15.142804 -16.208597 -15.469019 -inf nan nan
43.000000 -7.028831 -7.033133 -7.785271 -6.760219 -9.035116 -9.653457 -9.060854 -15.138553 -16.199367 -15.461294 -inf nan nan
43.040000 -7.001766 -7.005972 -7.753330 -6.731643 -9.017781 -9.633487 -9.045601 -15.121846 -16.177682 -15.440609 -inf nan nan
43.080000 -6.976289 -6.980317 -7.715143 -6.696154 -9.011005 -9.623823 -9.041895 -15.115552 -16.166406 -15.430333 -inf nan nan
43.120000 -6.950439 -6.954382 -7.674558 -6.657666 -8.994418 -9.604688 -9.028672 -15.099758 -16.145627 -15.411944 -inf nan nan
43.160000 -6.924361 -6.928127 -7.637305 -6.639376 -8.988140 -9.595811 -9.025916 -15.094423 -16.135311 -15.407172 -inf nan nan
43.200000 -6.899761 -6.903441 -7.594211 -6.593793 -8.973514 -9.578605 -9.014754 -15.080690 -16.116600 -15.390806 -inf nan nan
43.240000 -6.873937 -6.877506 -7.552960 -6.583811 -8.960909 -9.563742 -9.001780 -15.069573 -16.100504 -15.376347 -inf nan nan
43.280000 -6.849562 -6.853040 -7.504568 -6.545271 -8.947769 -9.547986 -8.987799 -15.057539 -16.083487 -15.360968 -inf nan nan
43.320000 -6.824873 -6.828270 -7.465804 -6.542875 -8.933259 -9.531678 -8.979029 -15.045260 -16.066225 -15.345344 -inf nan nan
43.360000 -6.799992 -6.803318 -7.416683 -6.511622 -8.917475 -9.513136 -8.968095 -15.030821 -16.046799 -15.327563 -inf nan nan
43.400000 -6.776459 -6.779719 -7.374991 -6.495461 -8.902678 -9.496762 -8.959724 -15.019251 -16.029021 -15.312654 -inf nan nan
43.440000 -6.751833 -6.755037 -7.347604 -6.468631 -8.885558 -9.476433 -8.945030 -15.004627 -16.010000 -15.295232 -inf nan nan
43.480000 -6.728528 -6.731669 -7.311220 -6.447724 -8.870773 -9.459550 -8.930353 -14.993452 -15.995493 -15.281906 -inf nan nan
43.520000 -6.706044 -6.709129 -7.287700 -6.416946 -8.856067 -9.444585 -8.907965 -14.982986 -15.980698 -15.269291 -inf nan nan
43.560000 -6.684317 -6.687357 -7.257761 -6.389046 -8.840774 -9.428825 -8.882639 -14.971396 -15.964782 -15.255555 -inf nan nan
43.600000 -6.663626 -6.666633 -7.232056 -6.362484 -8.824803 -9.413187 -8.851994 -14.961271 -15.950332 -15.244168 -inf nan nan
43.640000 -6.642307 -6.645296 -7.215336 -6.354551 -8.806129 -9.391175 -8.827726 -14.946810 -15.932674 -15.231255 -inf nan nan
43.680000 -6.621986 -6.624944 -7.173969 -6.332399 -8.790220 -9.362224 -8.810538 -14.938558 -15.922268 -15.224546 -inf nan nan
43.720000 -6.601016 -6.603993 -7.164256 -6.315547 -8.766544 -9.318581 -8.779425 -14.919701 -15.901254 -15.207234 -inf nan nan
43.760000 -6.579529 -6.582485 -7.122190 -6.300229 -8.748015 -9.287451 -8.752990 -14.910843 -15.890248 -15.200534 -inf nan nan
43.800000 -6.559056 -6.562064 -7.110970 -6.267420 -8.720115 -9.259343 -8.717516 -14.890522 -15.867777 -15.182710 -inf nan nan
43.840000 -6.537541 -6.540528 -7.073807 -6.249140 -8.701519 -9.244583 -8.692616 -14.881553 -15.856657 -15.176234 -inf nan nan
43.880000 -6.517042 -6.520092 -7.024884 -6.222086 -8.672068 -9.209947 -8.658428 -14.863078 -15.836028 -15.160252 -inf nan nan
43.920000 -6.497257 -6.500316 -6.983311 -6.203744 -8.651046 -9.179557 -8.631736 -14.851031 -15.821829 -15.150698 -inf nan nan
43.960000 -6.478135 -6.481259 -6.943931 -6.189272 -8.622791 -9.143523 -8.606202 -14.835918 -15.804574 -15.138087 -inf nan nan
44.000000 -6.459820 -6.463006 -6.925690 -6.200858 -8.595959 -9.112321 -8.574676 -14.818485 -15.784997 -15.123158 -inf nan nan
44.040000 -6.444414 -6.447657 -6.893274 -6.218673 -8.572843 -9.092847 -8.544998 -14.810361 -15.774731 -15.117535 -inf nan nan
44.080000 -6.429535 -6.432897 -6.874747 -6.209435 -8.542440 -9.056150 -8.502989 -14.789938 -15.752169 -15.099619 -inf nan nan
44.120000 -6.416279 -6.419705 -6.850353 -6.199692 -8.520957 -9.037517 -8.478254 -14.785013 -15.745108 -15.097202 -inf nan nan
44.160000 -6.404515 -6.408122 -6.832345 -6.183895 -8.486905 -8.995604 -8.435105 -14.764213 -15.722193 -15.078932 -inf nan nan
44.200000 -6.393060 -6.396730 -6.828424 -6.181845 -8.467982 -8.974156 -8.412124 -14.760250 -15.716098 -15.077484 -inf nan nan
44.240000 -6.383860 -6.387748 -6.807107 -6.163359 -8.433868 -8.935714 -8.372342 -14.742544 -15.696304 -15.062334 -inf nan nan
44.280000 -6.374851 -6.378846 -6.771594 -6.156445 -8.413117 -8.906196 -8.347074 -14.734807 -15.686462 -15.057138 -inf nan nan
44.320000 -6.367507 -6.371718 -6.742236 -6.140989 -8.383052 -8.874043 -8.314076 -14.722079 -15.671676 -15.046995 -inf nan nan
44.360000 -6.361747 -6.366155 -6.723311 -6.142902 -8.357447 -8.849601 -8.283733 -14.709192 -15.659079 -15.036716 -inf nan nan
44.400000 -6.356063 -6.360678 -6.706228 -6.159434 -8.331960 -8.827916 -8.260784 -14.701344 -15.648272 -15.031479 -inf nan nan
44.440000 -6.353093 -6.358004 -6.680385 -6.147601 -8.302150 -8.786011 -8.227506 -14.684147 -15.627720 -15.016968 -inf nan nan
44.480000 -6.350144 -6.355272 -6.685393 -6.153649 -8.280543 -8.759781 -8.210113 -14.680027 -15.621608 -15.015498 -inf nan nan
44.520000 -6.348836 -6.354376 -6.654364 -6.137759 -8.245848 -8.721128 -8.173039 -14.659704 -15.599479 -14.998005 -inf nan nan
44.560000 -6.349156 -6.354929 -6.677876 -6.139316 -8.228439 -8.694800 -8.157975 -14.657215 -15.595044 -14.993835 -inf nan nan
44.600000 -6.349476 -6.355749 -6.668854 -6.120490 -8.192896 -8.651224 -8.122534 -14.637137 -15.573383 -14.970979 -inf nan nan
44.640000 -6.352132 -6.358729 -6.635459 -6.102823 -8.173848 -8.616900 -8.102978 -14.630444 -15.564981 -14.960664 -inf nan nan
44.680000 -6.354805 -6.361915 -6.645083 -6.078694 -8.144296 -8.578917 -8.075877 -14.615617 -15.548699 -14.942463 -inf nan nan
44.720000 -6.358883 -6.366495 -6.661753 -6.062538 -8.118982 -8.542579 -8.049904 -14.601406 -15.533182 -14.924974 -inf nan nan
44.760000 -6.364406 -6.372542 -6.692333 -6.070105 -8.095842 -8.512688 -8.027089 -14.591873 -15.522240 -14.912154 -inf nan nan
44.800000 -6.370001 -6.378840 -6.707592 -6.073455 -8.065782 -8.473272 -7.993023 -14.571700 -15.501008 -14.888625 -inf nan nan
44.840000 -6.378998 -6.388406 -6.739727 -6.093243 -8.047989 -8.458806 -7.976567 -14.566017 -15.493945 -14.874362 -inf nan nan
44.880000 -6.388186 -6.398531 -6.728879 -6.101216 -8.016417 -8.423384 -7.949609 -14.543737 -15.471254 -14.845569 -inf nan nan
44.920000 -6.399445 -6.410448 -6.726839 -6.120825 -8.001191 -8.400538 -7.940142 -14.538015 -15.464319 -14.832830 -inf nan nan
44.960000 -6.412937 -6.425091 -6.722797 -6.134871 -7.972061 -8.362574 -7.917378 -14.516818 -15.443579 -14.807797 -inf nan nan
45.000000 -6.426860 -6.439896 -6.718906 -6.155272 -7.955993 -8.344302 -7.906676 -14.506984 -15.433545 -14.799889 -inf nan nan
45.040000 -6.443790 -6.458056 -6.722439 -6.150744 -7.934391 -8.320962 -7.891685 -14.491482 -15.418682 -14.786420 -inf nan nan
45.080000 -6.461407 -6.476948 -6.727725 -6.161775 -7.915464 -8.297796 -7.878310 -14.475922 -15.404308 -14.770164 -inf nan nan
45.120000 -6.480644 -6.497516 -6.742939 -6.191307 -7.899670 -8.274256 -7.869979 -14.464408 -15.393413 -14.752452 -inf nan nan
45.160000 -6.501691 -6.520291 -6.767985 -6.212627 -7.879234 -8.238012 -7.855803 -14.444557 -15.375911 -14.721599 -inf nan nan
45.200000 -6.523810 -6.543917 -6.785637 -6.221910 -7.868266 -8.210870 -7.851499 -14.435499 -15.367708 -14.700488 -inf nan nan
45.240000 -6.548380 -6.570723 -6.812560 -6.232058 -7.848152 -8.175830 -7.832672 -14.413131 -15.348994 -14.679451 -inf nan nan
45.280000 -6.574423 -6.598579 -6.841990 -6.220755 -7.841210 -8.151865 -7.828359 -14.405501 -15.342221 -14.670038 -inf nan nan
45.320000 -6.601564 -6.628484 -6.870990 -6.223979 -7.822659 -8.118051 -7.811297 -14.381389 -15.317675 -14.641137 -inf nan nan
45.360000 -6.629912 -6.659192 -6.913973 -6.265503 -7.815687 -8.093592 -7.804966 -14.368989 -15.292825 -14.619539 -inf nan nan
45.400000 -6.660241 -6.692571 -6.944424 -6.276788 -7.804479 -8.066279 -7.801450 -14.350558 -15.271967 -14.596289 -inf nan nan
45.440000 -6.690661 -6.726240 -6.972698 -6.306877 -7.794921 -8.045192 -7.790888 -14.331000 -15.257761 -14.569621 -inf nan nan
45.480000 -6.723373 -6.762380 -7.022613 -6.341807 -7.789368 -8.029787 -7.786344 -14.316952 -15.246092 -14.548702 -inf nan nan
45.520000 -6.756740 -6.800019 -7.045846 -6.372170 -7.779712 -8.011886 -7.780802 -14.293802 -15.229203 -14.516854 -inf nan nan
45.560000 -6.790710 -6.837958 -7.090087 -6.410470 -7.777516 -8.015279 -7.785703 -14.280763 -15.217049 -14.493323 -inf nan nan
45.600000 -6.827565 -6.880188 -7.140499 -6.444350 -7.770219 -8.013617 -7.787447 -14.256619 -15.199733 -14.464810 -inf nan nan
45.640000 -6.862366 -6.919784 -7.197081 -6.483260 -7.769496 -8.011866 -7.789588 -14.242976 -15.184810 -14.452840 -inf nan nan
45.680000 -6.900200 -6.964228 -7.241739 -6.519748 -7.763238 -7.991924 -7.785590 -14.216723 -15.164396 -14.427002 -inf nan nan
45.720000 -6.938592 -7.008647 -7.283691 -6.559310 -7.765495 -7.982401 -7.784967 -14.200855 -15.146939 -14.400895 -inf nan nan
45.760000 -6.977367 -7.054804 -7.330991 -6.599456 -7.764349 -7.980212 -7.779441 -14.179911 -15.127780 -14.372071 -inf nan nan
45.800000 -7.019947 -7.105281 -7.373917 -6.643135 -7.768580 -7.971164 -7.775903 -14.161586 -15.111811 -14.348378 -inf nan nan
45.840000 -7.059196 -7.152951 -7.430799 -6.688354 -7.771021 -7.956602 -7.776044 -14.144650 -15.090155 -14.326705 -inf nan nan
45.880000 -7.102348 -7.206094 -7.481645 -6.731910 -7.775004 -7.954162 -7.771401 -14.123808 -15.069997 -14.303721 -inf nan nan
45.920000 -7.145682 -7.259140 -7.538523 -6.782975 -7.784126 -7.969090 -7.775062 -14.112178 -15.047821 -14.287315 -inf nan nan
45.960000 -7.188762 -7.314333 -7.591159 -6.829909 -7.788929 -7.961520 -7.775473 -14.090201 -15.022703 -14.267264 -inf nan nan
46.000000 -7.236590 -7.373659 -7.656440 -6.889677 -7.804168 -7.977375 -7.785151 -14.083690 -14.999054 -14.245430 -inf nan nan
46.040000 -7.279054 -7.430697 -7.714316 -6.934987 -7.809632 -7.976729 -7.782204 -14.060949 -14.966992 -14.215901 -inf nan nan
46.080000 -7.326125 -7.491585 -7.782648 -6.977936 -7.825323 -7.995373 -7.793163 -14.050960 -14.941295 -14.193007 -inf nan nan
46.120000 -7.373066 -7.554615 -7.849468 -7.028108 -7.839474 -7.996500 -7.800947 -14.038675 -14.919383 -14.172850 -inf nan nan
46.160000 -7.419183 -7.617791 -7.917141 -7.074152 -7.854497 -8.013607 -7.806440 -14.025160 -14.886830 -14.148204 -inf nan nan
46.200000 -7.470786 -7.687591 -7.992643 -7.117976 -7.876403 -8.043297 -7.825752 -14.022276 -14.858559 -14.136943 -inf nan nan
46.240000 -7.515265 -7.752583 -8.060457 -7.170253 -7.890987 -8.067621 -7.834899 -14.007725 -14.820454 -14.115340 -inf nan nan
46.280000 -7.564825 -7.822525 -8.137284 -7.228457 -7.913992 -8.090535 -7.852706 -14.005567 -14.787503 -14.107421 -inf nan nan
46.320000 -7.613879 -7.895236 -8.222025 -7.292789 -7.935516 -8.115249 -7.869528 -13.997436 -14.758115 -14.093840 -inf nan nan
46.360000 -7.661482 -7.966075 -8.310032 -7.357062 -7.958978 -8.145293 -7.889095 -13.995778 -14.720777 -14.081695 -inf nan nan
46.400000 -7.714953 -8.046935 -8.403822 -7.428573 -7.987092 -8.176389 -7.914128 -13.994285 -14.690910 -14.067387 -inf nan nan
46.440000 -7.760574 -8.119022 -8.490748 -7.488307 -8.010899 -8.196132 -7.932669 -13.990968 -14.654361 -14.058252 -inf nan nan
46.480000 -7.811556 -8.199298 -8.584160 -7.553702 -8.040340 -8.225381 -7.951765 -13.992953 -14.622627 -14.062898 -inf nan nan
46.520000 -7.861983 -8.280337 -8.664188 -7.627998 -8.070737 -8.253715 -7.975551 -13.995049 -14.590935 -14.052365 -inf nan nan
46.560000 -7.910815 -8.361450 -8.738680 -7.701569 -8.100781 -8.286150 -7.999299 -13.999821 -14.555102 -14.040421 -inf nan nan
46.600000 -7.965842 -8.451322 -8.820437 -7.783826 -8.137814 -8.331156 -8.028605 -14.009155 -14.529000 -14.036787 -inf nan nan
46.640000 -8.012759 -8.532907 -8.899320 -7.855529 -8.168837 -8.370154 -8.050861 -14.015418 -14.497230 -14.029355 -inf nan nan
46.680000 -8.065366 -8.623633 -8.985927 -7.947388 -8.205943 -8.415067 -8.079726 -14.025142 -14.469082 -14.024817 -inf nan nan
46.720000 -8.117512 -8.713745 -9.085953 -8.042331 -8.244411 -8.461158 -8.111506 -14.039940 -14.444240 -14.021766 -inf nan nan
46.760000 -8.168100 -8.806655 -9.185937 -8.138649 -8.281526 -8.506463 -8.144111 -14.050639 -14.413424 -14.009652 -inf nan nan
46.800000 -8.225367 -8.905141 -9.293911 -8.240820 -8.327212 -8.559353 -8.183654 -14.072516 -14.393524 -14.020990 -inf nan nan
46.840000 -8.274176 -8.997683 -9.396095 -8.332084 -8.365163 -8.604329 -8.216361 -14.086092 -14.360708 -14.011039 -inf nan nan
46.880000 -8.329173 -9.097897 -9.504313 -8.422830 -8.410265 -8.655094 -8.255147 -14.107614 -14.338253 -14.007968 -inf nan nan
46.920000 -8.383773 -9.199438 -9.615818 -8.516180 -8.455826 -8.706349 -8.296779 -14.131390 -14.336290 -14.014886 -inf nan nan
46.960000 -8.436751 -9.301796 -9.725677 -8.608444 -8.500461 -8.755400 -8.330630 -14.153863 -14.336820 -14.021623 -inf nan nan
47.000000 -8.497101 -9.410829 -9.845795 -8.709390 -8.553595 -8.811615 -8.380595 -14.186581 -14.319047 -14.034350 -inf nan nan
47.040000 -8.548324 -9.514030 -9.956912 -8.802323 -8.598066 -8.850961 -8.418604 -14.209620 -14.285036 -14.026638 -inf nan nan
47.080000 -8.606408 -9.624036 -10.076821 -8.902223 -8.650251 -8.899128 -8.464955 -14.243548 -14.279467 -14.029697 -inf nan nan
47.120000 -8.664149 -9.737762 -10.198868 -9.004890 -8.702448 -8.948006 -8.512297 -14.275823 -14.275451 -14.034697 -inf nan nan
47.160000 -8.720135 -9.848399 -10.320221 -9.104952 -8.753726 -8.995544 -8.560665 -14.310186 -14.287057 -14.033858 -inf nan nan
47.200000 -8.784422 -9.969176 -10.453991 -9.216283 -8.813774 -9.051258 -8.618657 -14.352139 -14.312730 -14.034358 -inf nan nan
47.240000 -8.838702 -10.081582 -10.575882 -9.317815 -8.864267 -9.100520 -8.671784 -14.386954 -14.330314 -14.032181 -inf nan nan
47.280000 -8.900748 -10.203206 -10.710888 -9.429220 -8.922951 -9.167021 -8.729518 -14.430475 -14.349830 -14.045600 -inf nan nan
47.320000 -8.962546 -10.326995 -10.844252 -9.541123 -8.981729 -9.230975 -8.784823 -14.475480 -14.388905 -14.039717 -inf nan nan
47.360000 -9.022414 -10.447285 -10.978892 -9.651603 -9.039057 -9.296496 -8.840419 -14.519643 -14.421784 -14.040645 -inf nan nan
47.400000 -9.091875 -10.580563 -11.122461 -9.773924 -9.106206 -9.368414 -8.904426 -14.573783 -14.465609 -14.057000 -inf nan nan
47.440000 -9.150058 -10.702334 -11.256974 -9.884669 -9.162410 -9.433314 -8.959252 -14.619815 -14.498579 -14.046805 -inf nan nan
47.480000 -9.217258 -10.836997 -11.403388 -10.007227 -9.227811 -9.496867 -9.022860 -14.673919 -14.549538 -14.043249 -inf nan nan
47.520000 -9.284230 -10.969632 -11.548144 -10.128646 -9.293287 -9.558354 -9.086289 -14.731487 -14.598083 -14.047956 -inf nan nan
47.560000 -9.348831 -11.101273 -11.694492 -10.249743 -9.356581 -9.624950 -9.147713 -14.785929 -14.649324 -14.041141 -inf nan nan
47.600000 -9.424749 -11.245954 -11.849948 -10.383954 -9.431356 -9.701444 -9.219944 -14.856218 -14.707250 -14.050982 -inf nan nan
47.640000 -9.487294 -11.378385 -11.997869 -10.517702 -9.492913 -9.760515 -9.281440 -14.912372 -14.722249 -14.046588 -inf nan nan
47.680000 -9.560387 -11.523766 -12.149676 -10.660402 -9.565140 -9.844653 -9.350860 -14.982859 -14.762809 -14.056023 -inf nan nan
47.720000 -9.633335 -11.666503 -12.313463 -10.806671 -9.637379 -9.914939 -9.422186 -15.053072 -14.816290 -14.069279 -inf nan nan
47.760000 -9.703397 -11.810038 -12.468441 -10.947999 -9.706809 -9.983850 -9.490195 -15.122531 -14.867898 -14.080504 -inf nan nan
47.800000 -9.786978 -11.966552 -12.640067 -11.106276 -9.789861 -10.079350 -9.573298 -15.208985 -14.934034 -14.102716 -inf nan nan
47.840000 -9.854303 -12.110611 -12.797384 -11.250818 -9.856718 -10.152677 -9.639648 -15.279879 -14.990075 -14.112413 -inf nan nan
47.880000 -9.934016 -12.264557 -12.965877 -11.411255 -9.936051 -10.236104 -9.719009 -15.368902 -15.062773 -14.133383 -inf nan nan
47.920000 -10.013653 -12.419640 -13.137292 -11.573589 -10.015363 -10.318692 -9.798880 -15.457313 -15.163814 -14.150102 -inf nan nan
47.960000 -10.089637 -12.572813 -13.303546 -11.731054 -10.091068 -10.396381 -9.872480 -15.550797 -15.266080 -14.170056 -inf nan nan
48.000000 -10.181794 -12.743032 -13.491458 -11.909368 -10.182990 -10.496734 -9.969975 -15.661877 -15.403586 -14.207221 -inf nan nan
48.040000 -10.254345 -12.895831 -13.657344 -12.058010 -10.255339 -10.577308 -10.050378 -15.764043 -15.490411 -14.220615 -inf nan nan
48.080000 -10.341494 -13.060027 -13.848406 -12.223540 -10.342326 -10.671780 -10.144527 -15.883131 -15.583734 -14.252314 -inf nan nan
48.120000 -10.428714 -13.228253 -14.040199 -12.390553 -10.429405 -10.754624 -10.236763 -16.013077 -15.705059 -14.285842 -inf nan nan
48.160000 -10.511309 -13.391095 -14.211265 -12.571906 -10.511883 -10.848049 -10.320603 -16.144884 -15.828700 -14.317693 -inf nan nan
48.200000 -10.613391 -13.577095 -14.415577 -12.769146 -10.613864 -10.962107 -10.417921 -16.305071 -15.946495 -14.363032 -inf nan nan
48.240000 -10.691739 -13.736081 -14.605764 -12.949159 -10.692132 -11.053741 -10.502213 -16.447162 -16.037555 -14.389219 -inf nan nan
48.280000 -10.787404 -13.913639 -14.811883 -13.144279 -10.787730 -11.163810 -10.590897 -16.609474 -16.155244 -14.428496 -inf nan nan
48.320000 -10.883344 -14.093221 -15.029534 -13.341516 -10.883612 -11.270870 -10.681063 -16.776332 -16.288510 -14.472760 -inf nan nan
48.360000 -10.973298 -14.267489 -15.244451 -13.532901 -10.973519 -11.375266 -10.775749 -16.941162 -16.396199 -14.516461 -inf nan nan
48.400000 -11.086887 -14.467019 -15.485255 -13.738189 -11.087068 -11.500493 -10.893972 -17.125769 -16.569726 -14.587937 -inf nan nan
48.440000 -11.171512 -14.633916 -15.696074 -13.915265 -11.171662 -11.594921 -10.982386 -17.288351 -16.710315 -14.633859 -inf nan nan
48.480000 -11.276719 -14.825423 -15.926157 -14.112638 -11.276842 -11.708895 -11.089397 -17.460111 -16.879737 -14.706277 -inf nan nan
48.520000 -11.382652 -15.016611 -16.162933 -14.309240 -11.382753 -11.823443 -11.185109 -17.644648 -17.046275 -14.776264 -inf nan nan
48.560000 -11.481005 -15.203377 -16.393096 -14.496091 -11.481088 -11.940633 -11.270200 -17.806381 -17.203172 -14.840512 -inf nan nan
48.600000 -11.608361 -15.414662 -16.652965 -14.713134 -11.608429 -12.089008 -11.387108 -18.010526 -17.391645 -14.935866 -inf nan nan
48.640000 -11.701211 -15.592402 -16.840519 -14.897064 -11.701267 -12.196844 -11.467299 -18.161276 -17.534848 -15.009591 -inf nan nan
48.680000 -11.819468 -15.796527 -17.053870 -15.091590 -11.819514 -12.326190 -11.585578 -18.346230 -17.711566 -15.113003 -inf nan nan
48.720000 -11.940075 -16.002587 -17.276738 -15.275780 -11.940113 -12.454527 -11.706156 -18.525810 -17.878861 -15.240251 -inf nan nan
48.760000 -12.051919 -16.199253 -17.509486 -15.446931 -12.051950 -12.566493 -11.804825 -18.694130 -18.045025 -15.351224 -inf nan nan
48.800000 -12.202950 -16.429554 -17.791070 -15.689277 -12.202976 -12.718136 -11.945759 -18.902616 -18.236808 -15.498336 -inf nan nan
48.840000 -12.310307 -16.617871 -18.024670 -15.885443 -12.310328 -12.823405 -12.047879 -19.052973 -18.385255 -15.594839 -inf nan nan
48.880000 -12.453235 -16.837937 -18.281358 -16.116807 -12.453253 -12.963746 -12.181372 -19.245817 -18.559862 -15.740886 -inf nan nan
48.920000 -12.602108 -17.063144 -18.526610 -16.357335 -12.602123 -13.106151 -12.318930 -19.426293 -18.731555 -15.885749 -inf nan nan
48.960000 -12.738003 -17.266736 -18.760181 -16.585124 -12.738016 -13.235722 -12.458242 -19.603541 -18.876290 -16.018906 -inf nan nan
49.000000 -12.936873 -17.530233 -19.049176 -16.869116 -12.936884 -13.437490 -12.654660 -19.818701 -19.070555 -16.206119 -inf nan nan
49.040000 -13.062785 -17.719011 -19.273388 -17.078791 -13.062795 -13.565296 -12.781836 -19.966749 -19.194395 -16.314714 -inf nan nan
49.080000 -13.240827 -17.956346 -19.553140 -17.335289 -13.240835 -13.741854 -12.940923 -20.153256 -19.363185 -16.474274 -inf nan nan
49.120000 -13.428774 -18.202028 -19.838595 -17.569623 -13.428781 -13.927749 -13.113086 -20.348618 -19.556132 -16.635222 -inf nan nan
49.160000 -13.584828 -18.407732 -20.084108 -17.762877 -13.584835 -14.077246 -13.232077 -20.509027 -19.695686 -16.765494 -inf nan nan
49.200000 -13.830760 -18.709763 -20.423875 -18.089329 -13.830766 -14.318719 -13.477834 -20.748803 -19.936625 -16.977628 -inf nan nan
49.240000 -13.969469 -18.899191 -20.653932 -18.329479 -13.969474 -14.455530 -13.599036 -20.883966 -20.082938 -17.112916 -inf nan nan
49.280000 -14.174485 -19.163376 -20.952419 -18.626653 -14.174490 -14.684355 -13.796031 -21.080418 -20.269698 -17.364629 -inf nan nan
49.320000 -14.399402 -19.435629 -21.266023 -18.898377 -14.399406 -14.965457 -14.026671 -21.299293 -20.473876 -17.625825 -inf nan nan
49.360000 -14.582716 -19.668140 -21.542098 -19.136595 -14.582720 -15.252841 -14.216449 -21.470848 -20.642085 -17.819898 -inf nan nan
49.400000 -14.906163 -20.040012 -21.954019 -19.566136 -14.906166 -15.620629 -14.566763 -21.786187 -20.950507 -18.177110 -inf nan nan
49.440000 -15.074026 -20.250227 -22.213013 -19.792317 -15.074029 -15.801599 -14.726375 -21.940317 -21.102749 -18.359733 -inf nan nan
49.480000 -15.351266 -20.567520 -22.560298 -20.169673 -15.351269 -16.102891 -15.011927 -22.211420 -21.418050 -18.693511 -inf nan nan
49.520000 -15.690472 -20.930926 -22.954092 -20.562510 -15.690475 -16.432162 -15.329637 -22.545664 -21.782126 -19.034293 -inf nan nan
49.560000 -15.924490 -21.196041 -23.260445 -20.830789 -15.924492 -16.673167 -15.538360 -22.759910 -22.165521 -19.261821 -inf nan nan
49.600000 -16.468169 -21.780047 -23.899397 -21.447064 -16.468171 -17.272280 -16.059454 -23.323403 -22.678816 -19.888367 -inf nan nan
