#Quasar bolometric luminosity function in different peak halo mass bins from TRINITY PaperIII (Fig. 6, Zhang+2024, MNRAS, 529, 2777)
#z: 6.00
#log10(Lbol [erg/s])(0) log10(QLF_total [Mpc^-3 dex^-1])(1) log10(QLF(11<logMpeak<12) [Mpc^-3 dex^-1])(2) log10(QLF(11<logMpeak<12)_16th [Mpc^-3 dex^-1])(3) log10(QLF(11<logMpeak<12)_84th [Mpc^-3 dex^-1])(4)
#log10(QLF(12<logMpeak<13) [Mpc^-3 dex^-1])(5) log10(QLF(12<logMpeak<13)_16th [Mpc^-3 dex^-1])(6) log10(QLF(12<logMpeak<13)_84th [Mpc^-3 dex^-1])(7)
#log10(QLF(13<logMpeak<14) [Mpc^-3 dex^-1])(8) log10(QLF(13<logMpeak<14)_16th [Mpc^-3 dex^-1])(9) log10(QLF(13<logMpeak<14)_84th [Mpc^-3 dex^-1])(10)
#log10(QLF(14<logMpeak<15) [Mpc^-3 dex^-1])(11) log10(QLF(14<logMpeak<15)_16th [Mpc^-3 dex^-1])(12) log10(QLF(14<logMpeak<15)_84th [Mpc^-3 dex^-1])(13)
40.000000 -6.891875 -6.963470 -7.836796 -7.014843 -7.710097 -8.613803 -7.764823 -12.176275 -13.289892 -12.443586 -inf nan nan
40.040000 -6.878011 -6.949593 -7.819319 -6.999309 -7.696308 -8.595023 -7.752065 -12.157533 -13.262470 -12.422533 -inf nan nan
40.080000 -6.864576 -6.936094 -7.802807 -6.984111 -7.683231 -8.576855 -7.739909 -12.141905 -13.237980 -12.403582 -inf nan nan
40.120000 -6.851080 -6.922593 -7.785449 -6.969580 -7.669759 -8.558342 -7.727447 -12.124853 -13.211661 -12.383487 -inf nan nan
40.160000 -6.837540 -6.908994 -7.769218 -6.955793 -7.656548 -8.540044 -7.715195 -12.108943 -13.187419 -12.365490 -inf nan nan
40.200000 -6.824409 -6.895852 -7.752462 -6.938514 -7.643482 -8.521900 -7.703108 -12.094036 -13.164262 -12.337949 -inf nan nan
40.240000 -6.810702 -6.882090 -7.736039 -6.923125 -7.630081 -8.503407 -7.690689 -12.078249 -13.128724 -12.314245 -inf nan nan
40.280000 -6.797413 -6.868773 -7.719372 -6.907925 -7.616952 -8.485184 -7.678539 -12.064214 -13.102087 -12.290494 -inf nan nan
40.320000 -6.783939 -6.855261 -7.702946 -6.892532 -7.603688 -8.466824 -7.666269 -12.049344 -13.075971 -12.266538 -inf nan nan
40.360000 -6.770307 -6.841588 -7.686199 -6.876470 -7.590285 -8.448310 -7.653841 -12.035233 -13.052139 -12.247515 -inf nan nan
40.400000 -6.757090 -6.828347 -7.669894 -6.861605 -7.577204 -8.429716 -7.641756 -12.021106 -13.028082 -12.225871 -inf nan nan
40.440000 -6.742931 -6.814141 -7.652788 -6.845768 -7.563308 -8.409654 -7.628830 -12.006663 -13.007717 -12.208179 -inf nan nan
40.480000 -6.729219 -6.800411 -7.633920 -6.830327 -7.549697 -8.389887 -7.616210 -11.992393 -12.987405 -12.188121 -inf nan nan
40.520000 -6.715115 -6.786265 -7.613027 -6.814573 -7.535832 -8.369851 -7.603322 -11.978028 -12.966900 -12.171671 -inf nan nan
40.560000 -6.700670 -6.771798 -7.591631 -6.798367 -7.521507 -8.349358 -7.589980 -11.963408 -12.945719 -12.152915 -inf nan nan
40.600000 -6.686690 -6.757777 -7.570621 -6.782928 -7.507760 -8.329436 -7.577215 -11.949272 -12.925658 -12.136655 -inf nan nan
40.640000 -6.671017 -6.742073 -7.548042 -6.766271 -7.492259 -8.307759 -7.562695 -11.933643 -12.903628 -12.119023 -inf nan nan
40.680000 -6.655891 -6.726911 -7.525607 -6.750169 -7.477335 -8.286658 -7.548753 -11.918497 -12.879092 -12.101853 -inf nan nan
40.720000 -6.639606 -6.710589 -7.502386 -6.732995 -7.461257 -8.264399 -7.533656 -11.902327 -12.850072 -12.084789 -inf nan nan
40.760000 -6.622307 -6.693257 -7.477524 -6.714687 -7.444150 -8.241112 -7.517530 -11.885090 -12.825964 -12.066583 -inf nan nan
40.800000 -6.605671 -6.676580 -7.453759 -6.697227 -7.427744 -8.218523 -7.501270 -11.868617 -12.803322 -12.048477 -inf nan nan
40.840000 -6.583714 -6.654588 -7.424054 -6.674282 -7.405984 -8.190580 -7.477132 -11.846789 -12.775389 -12.025909 -inf nan nan
40.880000 -6.562815 -6.633647 -7.395619 -6.654218 -7.385318 -8.163730 -7.454085 -11.826073 -12.748548 -12.004193 -inf nan nan
40.920000 -6.536302 -6.607093 -7.361338 -6.628945 -7.359040 -8.131268 -7.425426 -11.799766 -12.716108 -11.977229 -inf nan nan
40.960000 -6.505202 -6.575946 -7.322250 -6.599113 -7.328206 -8.095045 -7.392212 -11.768895 -12.679136 -11.945927 -inf nan nan
41.000000 -6.476180 -6.546873 -7.285480 -6.571508 -7.299469 -8.062453 -7.361094 -11.740148 -12.644265 -11.916644 -inf nan nan
41.040000 -6.417888 -6.488530 -7.218744 -6.514476 -7.241465 -8.000594 -7.300765 -11.682129 -12.580152 -11.858539 -inf nan nan
41.080000 -6.366502 -6.437088 -7.159527 -6.464612 -7.190400 -7.945675 -7.249409 -11.631059 -12.522968 -11.807207 -inf nan nan
41.120000 -6.279645 -6.350174 -7.063838 -6.379076 -7.103867 -7.855288 -7.162587 -11.544524 -12.430326 -11.720682 -inf nan nan
41.160000 -6.175441 -6.245905 -6.951506 -6.276425 -7.000032 -7.747598 -7.058461 -11.440688 -12.320386 -11.616766 -inf nan nan
41.200000 -6.091465 -6.161861 -6.858374 -6.193847 -6.916439 -7.660152 -6.974579 -11.357099 -12.230690 -11.533235 -inf nan nan
41.240000 -6.066245 -6.136568 -6.828357 -6.170175 -6.891636 -7.631494 -6.949487 -11.332296 -12.199776 -11.508468 -inf nan nan
41.280000 -6.042410 -6.112649 -6.800673 -6.147868 -6.868276 -7.604282 -6.925959 -11.308934 -12.170308 -11.485202 -inf nan nan
41.320000 -6.032884 -6.103037 -6.787249 -6.139916 -6.859239 -7.591392 -6.917161 -11.299896 -12.155169 -11.476290 -inf nan nan
41.360000 -6.036746 -6.106797 -6.787383 -6.145440 -6.863689 -7.591987 -6.921850 -11.304349 -12.153521 -11.480857 -inf nan nan
41.400000 -6.040643 -6.110597 -6.787448 -6.149314 -6.868139 -7.592583 -6.926539 -11.308800 -12.151863 -11.485478 -inf nan nan
41.440000 -6.040075 -6.109910 -6.783240 -6.146407 -6.868250 -7.588840 -6.926889 -11.308908 -12.145867 -11.485743 -inf nan nan
41.480000 -6.039508 -6.109227 -6.778931 -6.143932 -6.868351 -7.585089 -6.927230 -11.309008 -12.139866 -11.486035 -inf nan nan
41.520000 -6.039581 -6.109155 -6.775484 -6.139417 -6.869260 -7.582143 -6.928377 -11.309919 -12.137306 -11.487140 -inf nan nan
41.560000 -6.040294 -6.109722 -6.772625 -6.134955 -6.870814 -7.579843 -6.930170 -11.311475 -12.135520 -11.487386 -inf nan nan
41.600000 -6.041009 -6.110263 -6.769919 -6.130754 -6.872531 -7.577707 -6.932128 -11.313191 -12.133899 -11.486924 -inf nan nan
41.640000 -6.039521 -6.108591 -6.765067 -6.122191 -6.872106 -7.573429 -6.931942 -11.312763 -12.130133 -11.484315 -inf nan nan
41.680000 -6.038039 -6.106905 -6.760242 -6.116253 -6.871811 -7.568671 -6.931886 -11.312470 -12.126540 -11.481829 -inf nan nan
41.720000 -6.038183 -6.106822 -6.757276 -6.116375 -6.873282 -7.565450 -6.933596 -11.313944 -12.125163 -11.481113 -inf nan nan
41.760000 -6.039955 -6.108351 -6.756776 -6.118114 -6.876475 -7.563954 -6.937028 -11.317136 -12.125508 -11.482125 -inf nan nan
41.800000 -6.041735 -6.109868 -6.758460 -6.120144 -6.879799 -7.562587 -6.940591 -11.320457 -12.125984 -11.483269 -inf nan nan
41.840000 -6.043145 -6.110966 -6.760031 -6.120769 -6.883051 -7.560948 -6.944081 -11.323710 -12.126389 -11.486028 -inf nan nan
41.880000 -6.044560 -6.112046 -6.760268 -6.113330 -6.886450 -7.559305 -6.945339 -11.327113 -12.126312 -11.489154 -inf nan nan
41.920000 -6.044286 -6.111387 -6.751139 -6.108384 -6.888475 -7.556288 -6.942698 -11.329140 -12.123175 -11.490909 -inf nan nan
41.960000 -6.042328 -6.109013 -6.747173 -6.101682 -6.889014 -7.551785 -6.939059 -11.329678 -12.118552 -11.491182 -inf nan nan
42.000000 -6.040378 -6.106619 -6.743413 -6.096088 -6.889750 -7.547479 -6.939200 -11.330415 -12.114262 -11.491646 -inf nan nan
42.040000 -6.034458 -6.100189 -6.735341 -6.090953 -6.886940 -7.539364 -6.935746 -11.327612 -12.108653 -11.489217 -inf nan nan
42.080000 -6.028617 -6.093838 -6.726897 -6.085985 -6.884233 -7.530797 -6.932419 -11.324910 -12.103147 -11.486962 -inf nan nan
42.120000 -6.021301 -6.085886 -6.717414 -6.079415 -6.880865 -7.521572 -6.928226 -11.321548 -12.096985 -11.484053 -inf nan nan
42.160000 -6.012583 -6.076606 -6.705055 -6.071771 -6.875664 -7.510510 -6.923486 -11.316350 -12.088987 -11.479304 -inf nan nan
42.200000 -6.004037 -6.067242 -6.695857 -6.065944 -6.872305 -7.501303 -6.918063 -11.313012 -12.082844 -11.476409 -inf nan nan
42.240000 -5.992880 -6.055390 -6.671143 -6.048693 -6.865610 -7.488751 -6.907553 -11.306332 -12.073359 -11.470174 -inf nan nan
42.280000 -5.982003 -6.043566 -6.651817 -6.029370 -6.860902 -7.478203 -6.899249 -11.301651 -12.065879 -11.465946 -inf nan nan
42.320000 -5.969804 -6.030530 -6.638812 -6.005729 -6.854236 -7.465693 -6.889946 -11.295018 -12.056445 -11.459763 -inf nan nan
42.360000 -5.956399 -6.016164 -6.624520 -5.980265 -6.847289 -7.452914 -6.886195 -11.288113 -12.046738 -11.453992 -inf nan nan
42.400000 -5.943396 -6.002147 -6.605467 -5.960237 -6.841227 -7.441024 -6.883356 -11.282124 -12.037942 -11.449594 -inf nan nan
42.440000 -5.930322 -5.988093 -6.583208 -5.942425 -6.834980 -7.428948 -6.880323 -11.275937 -12.028954 -11.445003 -inf nan nan
42.480000 -5.917631 -5.974166 -6.554975 -5.927530 -6.831076 -7.419254 -6.878982 -11.272161 -12.022378 -11.441305 -inf nan nan
42.520000 -5.903013 -5.958581 -6.523693 -5.896994 -6.823475 -7.405805 -6.874117 -11.264642 -12.012057 -11.430843 -inf nan nan
42.560000 -5.886669 -5.940740 -6.496783 -5.875587 -6.818261 -7.394884 -6.872130 -11.259671 -12.004281 -11.425078 -inf nan nan
42.600000 -5.870918 -5.923927 -6.459489 -5.845259 -6.810605 -7.381405 -6.864750 -11.252192 -11.994000 -11.415083 -inf nan nan
42.640000 -5.851248 -5.902675 -6.433157 -5.822966 -6.803318 -7.368477 -6.855237 -11.245250 -11.984258 -11.404000 -inf nan nan
42.680000 -5.832430 -5.882715 -6.406026 -5.798613 -6.793692 -7.353116 -6.846762 -11.236013 -11.972220 -11.390624 -inf nan nan
42.720000 -5.812476 -5.861357 -6.389956 -5.773509 -6.785351 -7.339174 -6.840006 -11.228107 -11.961509 -11.378580 -inf nan nan
42.760000 -5.791569 -5.839163 -6.372337 -5.750871 -6.775394 -7.323560 -6.831870 -11.218841 -11.949440 -11.365183 -inf nan nan
42.800000 -5.771623 -5.817959 -6.346695 -5.724219 -6.766465 -7.308957 -6.824040 -11.210472 -11.938270 -11.352669 -inf nan nan
42.840000 -5.748361 -5.793240 -6.318635 -5.702753 -6.756364 -7.293434 -6.814449 -11.201502 -11.926499 -11.339566 -inf nan nan
42.880000 -5.726283 -5.770081 -6.282571 -5.675122 -6.744339 -7.275465 -6.802230 -11.190191 -11.912383 -11.324605 -inf nan nan
42.920000 -5.702898 -5.745090 -6.258263 -5.657500 -6.736396 -7.262577 -6.794988 -11.184044 -11.903084 -11.314807 -inf nan nan
42.960000 -5.678463 -5.719653 -6.230794 -5.632104 -6.721905 -7.242193 -6.780696 -11.170885 -11.886777 -11.298005 -inf nan nan
43.000000 -5.655331 -5.694987 -6.211528 -5.609862 -6.714496 -7.227515 -6.774849 -11.165730 -11.878476 -11.289211 -inf nan nan
43.040000 -5.628746 -5.667490 -6.181442 -5.574169 -6.697568 -7.199825 -6.759211 -11.151315 -11.859866 -11.271438 -inf nan nan
43.080000 -5.603695 -5.641225 -6.155299 -5.540594 -6.685746 -7.179735 -6.746585 -11.141971 -11.845500 -11.260310 -inf nan nan
43.120000 -5.578006 -5.614641 -6.127417 -5.507696 -6.670092 -7.164525 -6.732263 -11.130125 -11.828637 -11.247951 -inf nan nan
43.160000 -5.551866 -5.587546 -6.096880 -5.477011 -6.654960 -7.148852 -6.716254 -11.117894 -11.811389 -11.235207 -inf nan nan
43.200000 -5.527209 -5.561982 -6.071525 -5.450013 -6.641033 -7.130167 -6.703409 -11.109331 -11.797808 -11.226130 -inf nan nan
43.240000 -5.499402 -5.533480 -6.036337 -5.409645 -6.621650 -7.103540 -6.683515 -11.093369 -11.776821 -11.209647 -inf nan nan
43.280000 -5.473269 -5.506479 -6.010931 -5.383779 -6.606298 -7.084898 -6.669528 -11.085286 -11.763718 -11.201047 -inf nan nan
43.320000 -5.446706 -5.479467 -5.972395 -5.351311 -6.585427 -7.056692 -6.645555 -11.069863 -11.743275 -11.185113 -inf nan nan
43.360000 -5.419876 -5.451880 -5.944042 -5.328093 -6.568380 -7.036144 -6.630414 -11.060730 -11.729121 -11.175850 -inf nan nan
43.400000 -5.394608 -5.426413 -5.908088 -5.298940 -6.545718 -7.008477 -6.610049 -11.046667 -11.710027 -11.162073 -inf nan nan
43.440000 -5.367940 -5.399215 -5.879548 -5.271597 -6.526084 -6.985424 -6.586660 -11.034647 -11.692979 -11.150440 -inf nan nan
43.480000 -5.342815 -5.374059 -5.839298 -5.243625 -6.501371 -6.950636 -6.563658 -11.020990 -11.674290 -11.137177 -inf nan nan
43.520000 -5.318122 -5.349078 -5.803300 -5.215155 -6.480558 -6.922259 -6.537046 -11.008181 -11.656444 -11.124759 -inf nan nan
43.560000 -5.293867 -5.324884 -5.767616 -5.198812 -6.455478 -6.891679 -6.508653 -10.996319 -11.639537 -11.113282 -inf nan nan
43.600000 -5.270895 -5.301877 -5.731028 -5.182814 -6.432979 -6.859629 -6.475806 -10.982395 -11.620550 -11.099743 -inf nan nan
43.640000 -5.247694 -5.278865 -5.703046 -5.169720 -6.407231 -6.834966 -6.446261 -10.971855 -11.604956 -11.089596 -inf nan nan
43.680000 -5.225669 -5.257176 -5.669904 -5.151508 -6.380722 -6.810156 -6.414509 -10.956822 -11.584830 -11.074956 -inf nan nan
43.720000 -5.204571 -5.236283 -5.636255 -5.136745 -6.356907 -6.788157 -6.385859 -10.947394 -11.570706 -11.065916 -inf nan nan
43.760000 -5.184321 -5.216741 -5.603176 -5.117937 -6.327407 -6.758098 -6.356407 -10.932983 -11.551598 -11.051893 -inf nan nan
43.800000 -5.164973 -5.197673 -5.577698 -5.100011 -6.304467 -6.724769 -6.326596 -10.922333 -11.536281 -11.041636 -inf nan nan
43.840000 -5.146916 -5.180579 -5.551282 -5.079142 -6.274278 -6.696995 -6.297840 -10.908712 -11.517911 -11.028412 -inf nan nan
43.880000 -5.129579 -5.163746 -5.530533 -5.064859 -6.250733 -6.667768 -6.267403 -10.896814 -11.501239 -11.018111 -inf nan nan
43.920000 -5.113576 -5.148843 -5.504997 -5.046947 -6.221513 -6.635849 -6.236268 -10.884638 -11.484249 -11.007729 -inf nan nan
43.960000 -5.098787 -5.134831 -5.484869 -5.035570 -6.197644 -6.605348 -6.201782 -10.872087 -11.466769 -10.996985 -inf nan nan
44.000000 -5.084485 -5.121797 -5.458870 -5.026715 -6.168951 -6.570396 -6.172246 -10.860372 -11.450161 -10.987075 -inf nan nan
44.040000 -5.072760 -5.111342 -5.439732 -5.016422 -6.143319 -6.539533 -6.143051 -10.847601 -11.432238 -10.976127 -inf nan nan
44.080000 -5.061343 -5.101164 -5.419917 -5.003138 -6.118786 -6.506040 -6.124017 -10.837378 -11.417019 -10.967718 -inf nan nan
44.120000 -5.051435 -5.093021 -5.397789 -4.989821 -6.090903 -6.472371 -6.101853 -10.823878 -11.398005 -10.956055 -inf nan nan
44.160000 -5.042941 -5.085813 -5.380050 -4.984706 -6.069824 -6.448598 -6.081017 -10.813803 -11.382636 -10.947832 -inf nan nan
44.200000 -5.034611 -5.079628 -5.360072 -4.977547 -6.041337 -6.418814 -6.060537 -10.799072 -11.362082 -10.934958 -inf nan nan
44.240000 -5.029500 -5.076103 -5.344256 -4.970638 -6.021968 -6.386406 -6.035466 -10.788927 -11.346017 -10.921255 -inf nan nan
44.280000 -5.024448 -5.073449 -5.328167 -4.960288 -5.996300 -6.354800 -6.008809 -10.775503 -11.326554 -10.903412 -inf nan nan
44.320000 -5.021290 -5.072266 -5.313762 -4.951121 -5.976957 -6.320739 -5.983645 -10.763870 -11.308294 -10.887495 -inf nan nan
44.360000 -5.019983 -5.073665 -5.304326 -4.943978 -5.954510 -6.290203 -5.960524 -10.751835 -11.289892 -10.872734 -inf nan nan
44.400000 -5.018680 -5.075031 -5.297693 -4.951559 -5.933439 -6.255694 -5.935153 -10.737803 -11.273047 -10.858235 -inf nan nan
44.440000 -5.021046 -5.080205 -5.293576 -4.953660 -5.916061 -6.226638 -5.916056 -10.727476 -11.260269 -10.847318 -inf nan nan
44.480000 -5.023425 -5.085988 -5.288679 -4.952169 -5.895806 -6.195313 -5.896019 -10.713406 -11.243853 -10.833834 -inf nan nan
44.520000 -5.027725 -5.093293 -5.311394 -4.957470 -5.881197 -6.169985 -5.881682 -10.702207 -11.229683 -10.823373 -inf nan nan
44.560000 -5.034002 -5.103677 -5.334422 -4.953645 -5.863090 -6.140407 -5.866955 -10.688205 -11.212582 -10.810032 -inf nan nan
44.600000 -5.040371 -5.113571 -5.356807 -4.956077 -5.849737 -6.115294 -5.854075 -10.675356 -11.197108 -10.797191 -inf nan nan
44.640000 -5.050809 -5.128687 -5.365650 -4.964624 -5.835543 -6.093922 -5.845477 -10.662577 -11.181208 -10.780998 -inf nan nan
44.680000 -5.061504 -5.143574 -5.377723 -4.975510 -5.825500 -6.078271 -5.836738 -10.650102 -11.166615 -10.764929 -inf nan nan
44.720000 -5.074166 -5.161594 -5.390466 -4.986042 -5.813289 -6.059935 -5.826279 -10.636411 -11.149856 -10.750973 -inf nan nan
44.760000 -5.088964 -5.181694 -5.391929 -4.990661 -5.805074 -6.042640 -5.823344 -10.622940 -11.134774 -10.735618 -inf nan nan
44.800000 -5.104284 -5.202843 -5.395190 -5.013010 -5.796727 -6.024764 -5.812759 -10.608811 -11.118294 -10.709895 -inf nan nan
44.840000 -5.122624 -5.227732 -5.398333 -5.023087 -5.790275 -6.016317 -5.806363 -10.594599 -11.102257 -10.690828 -inf nan nan
44.880000 -5.141772 -5.253260 -5.415019 -5.034927 -5.786886 -6.015547 -5.810508 -10.580763 -11.084045 -10.682249 -inf nan nan
44.920000 -5.162608 -5.282036 -5.436985 -5.053306 -5.781639 -6.007447 -5.802395 -10.564829 -11.058275 -10.670931 -inf nan nan
44.960000 -5.185341 -5.312128 -5.467339 -5.077570 -5.781911 -5.995025 -5.796550 -10.550140 -11.036602 -10.651934 -inf nan nan
45.000000 -5.209330 -5.345266 -5.497087 -5.091522 -5.779984 -5.980960 -5.794881 -10.534033 -11.007364 -10.632827 -inf nan nan
45.040000 -5.234714 -5.379241 -5.533715 -5.107350 -5.782820 -5.971297 -5.798220 -10.517256 -10.982859 -10.605862 -inf nan nan
45.080000 -5.261675 -5.416775 -5.571958 -5.131445 -5.784100 -5.960349 -5.799054 -10.500522 -10.951099 -10.582225 -inf nan nan
45.120000 -5.289787 -5.455370 -5.606894 -5.146119 -5.788730 -5.958999 -5.800016 -10.481135 -10.923909 -10.564557 -inf nan nan
45.160000 -5.319169 -5.496508 -5.650527 -5.185433 -5.793815 -5.958229 -5.802674 -10.462134 -10.903093 -10.538648 -inf nan nan
45.200000 -5.350683 -5.540681 -5.690833 -5.226335 -5.801268 -5.959218 -5.802404 -10.443062 -10.879296 -10.514800 -inf nan nan
45.240000 -5.382058 -5.585007 -5.738182 -5.263872 -5.809995 -5.957654 -5.811471 -10.421784 -10.849852 -10.488556 -inf nan nan
45.280000 -5.415876 -5.634091 -5.783217 -5.306450 -5.819335 -5.958585 -5.816605 -10.402132 -10.822228 -10.460194 -inf nan nan
45.320000 -5.450321 -5.683293 -5.834643 -5.345546 -5.832105 -5.960071 -5.824706 -10.379877 -10.801420 -10.437728 -inf nan nan
45.360000 -5.485314 -5.735796 -5.887969 -5.387118 -5.843573 -5.966280 -5.832081 -10.359109 -10.779061 -10.414309 -inf nan nan
45.400000 -5.523376 -5.790784 -5.943423 -5.433875 -5.860865 -5.981599 -5.845451 -10.336890 -10.762925 -10.399503 -inf nan nan
45.440000 -5.559214 -5.846786 -6.000532 -5.477453 -5.874148 -5.982999 -5.855374 -10.314311 -10.737217 -10.373492 -inf nan nan
45.480000 -5.598278 -5.905826 -6.058158 -5.529770 -5.892904 -6.010218 -5.867987 -10.290280 -10.717807 -10.354740 -inf nan nan
45.520000 -5.637634 -5.967616 -6.122266 -5.570144 -5.911541 -6.017682 -5.879019 -10.267032 -10.694333 -10.332126 -inf nan nan
45.560000 -5.677003 -6.030416 -6.182127 -5.608254 -5.931315 -6.033612 -5.890990 -10.243939 -10.670198 -10.309000 -inf nan nan
45.600000 -5.720301 -6.098244 -6.252877 -5.651489 -5.956035 -6.061888 -5.909587 -10.222234 -10.652180 -10.283047 -inf nan nan
45.640000 -5.759422 -6.165006 -6.317095 -5.689155 -5.976275 -6.084414 -5.925068 -10.199222 -10.624099 -10.254829 -inf nan nan
45.680000 -5.802419 -6.235391 -6.388511 -5.732112 -6.002419 -6.108200 -5.949548 -10.176336 -10.593431 -10.226647 -inf nan nan
45.720000 -5.845290 -6.309291 -6.462272 -5.789022 -6.028125 -6.133970 -5.974992 -10.157255 -10.558087 -10.202481 -inf nan nan
45.760000 -5.887507 -6.382015 -6.534946 -5.849890 -6.055196 -6.159624 -6.000716 -10.133621 -10.527779 -10.175135 -inf nan nan
45.800000 -5.934273 -6.463842 -6.616388 -5.915267 -6.086379 -6.190279 -6.026761 -10.118201 -10.495785 -10.159869 -inf nan nan
45.840000 -5.975420 -6.539550 -6.690579 -5.976361 -6.113821 -6.213823 -6.047125 -10.094589 -10.463772 -10.140442 -inf nan nan
45.880000 -6.020876 -6.623276 -6.777036 -6.042891 -6.145752 -6.246842 -6.067397 -10.076596 -10.432334 -10.119059 -inf nan nan
45.920000 -6.065979 -6.707274 -6.857893 -6.112064 -6.178647 -6.280570 -6.096987 -10.060506 -10.404132 -10.102900 -inf nan nan
45.960000 -6.110031 -6.792285 -6.942515 -6.181913 -6.211287 -6.313930 -6.128022 -10.041709 -10.379925 -10.086221 -inf nan nan
46.000000 -6.159061 -6.885490 -7.029984 -6.259037 -6.249441 -6.352344 -6.163481 -10.032164 -10.357111 -10.074699 -inf nan nan
46.040000 -6.201573 -6.972308 -7.116507 -6.330639 -6.282333 -6.385588 -6.192946 -10.013871 -10.335389 -10.061004 -inf nan nan
46.080000 -6.248702 -7.067367 -7.206279 -6.416085 -6.320305 -6.423801 -6.227881 -10.004302 -10.309145 -10.047938 -inf nan nan
46.120000 -6.295475 -7.161568 -7.299813 -6.502696 -6.359120 -6.464168 -6.265635 -9.992734 -10.285945 -10.035676 -inf nan nan
46.160000 -6.341118 -7.259786 -7.389953 -6.591373 -6.397042 -6.503364 -6.303067 -9.983169 -10.259135 -10.021226 -inf nan nan
46.200000 -6.392128 -7.362241 -7.487926 -6.687567 -6.441463 -6.548881 -6.347434 -9.978805 -10.240435 -10.016533 -inf nan nan
46.240000 -6.436274 -7.462078 -7.579270 -6.778325 -6.479398 -6.587668 -6.385723 -9.968729 -10.215336 -10.003285 -inf nan nan
46.280000 -6.485420 -7.566589 -7.672499 -6.877307 -6.523185 -6.632403 -6.429987 -9.966351 -10.195797 -9.995370 -inf nan nan
46.320000 -6.534275 -7.673538 -7.768160 -6.976806 -6.567167 -6.677051 -6.474715 -9.962998 -10.180985 -9.989688 -inf nan nan
46.360000 -6.581990 -7.781632 -7.865300 -7.074269 -6.610512 -6.720975 -6.511964 -9.962167 -10.167861 -9.983076 -inf nan nan
46.400000 -6.635602 -7.896116 -7.975864 -7.180713 -6.660334 -6.772605 -6.557022 -9.966464 -10.167263 -9.986463 -inf nan nan
46.440000 -6.682082 -8.006022 -8.079066 -7.282199 -6.703422 -6.817676 -6.597921 -9.966532 -10.150618 -9.982999 -inf nan nan
46.480000 -6.734140 -8.120956 -8.192755 -7.392145 -6.752600 -6.868142 -6.646662 -9.972096 -10.153255 -9.977864 -inf nan nan
46.520000 -6.786034 -8.240561 -8.315292 -7.505137 -6.801846 -6.918021 -6.696523 -9.979508 -10.141754 -9.978697 -inf nan nan
46.560000 -6.836809 -8.357351 -8.436867 -7.617205 -6.850427 -6.967485 -6.746006 -9.986802 -10.136393 -9.977145 -inf nan nan
46.600000 -6.894316 -8.484775 -8.560193 -7.735788 -6.905961 -7.027294 -6.802577 -10.001537 -10.147423 -9.981861 -inf nan nan
46.640000 -6.944045 -8.603135 -8.674064 -7.848993 -6.954053 -7.080397 -6.852078 -10.010782 -10.143133 -9.986911 -inf nan nan
46.680000 -7.000213 -8.730929 -8.797122 -7.968672 -7.008780 -7.134138 -6.908198 -10.026286 -10.151667 -9.992750 -inf nan nan
46.720000 -7.056309 -8.859698 -8.919139 -8.083029 -7.063647 -7.186558 -6.964044 -10.044469 -10.162558 -9.991690 -inf nan nan
46.760000 -7.111162 -8.988030 -9.044019 -8.198300 -7.117461 -7.236532 -7.019749 -10.061270 -10.173208 -9.991248 -inf nan nan
46.800000 -7.173959 -9.125561 -9.184280 -8.319810 -7.179377 -7.294270 -7.080712 -10.088024 -10.197906 -9.997045 -inf nan nan
46.840000 -7.227645 -9.253455 -9.319358 -8.437428 -7.232337 -7.348074 -7.133620 -10.106074 -10.211019 -10.004146 -inf nan nan
46.880000 -7.288917 -9.393111 -9.462112 -8.559700 -7.292974 -7.408652 -7.196741 -10.133113 -10.241870 -10.020288 -inf nan nan
46.920000 -7.350163 -9.530989 -9.603648 -8.681389 -7.353712 -7.469583 -7.260070 -10.161277 -10.273136 -10.035377 -inf nan nan
46.960000 -7.409860 -9.670398 -9.741076 -8.801545 -7.412978 -7.528544 -7.320519 -10.188409 -10.301863 -10.048777 -inf nan nan
47.000000 -7.479092 -9.817599 -9.890520 -8.933229 -7.481869 -7.597426 -7.391138 -10.226847 -10.346530 -10.060668 -inf nan nan
47.040000 -7.537321 -9.956802 -10.025661 -9.053435 -7.539815 -7.654981 -7.451858 -10.254275 -10.381349 -10.061898 -inf nan nan
47.080000 -7.604584 -10.105356 -10.172544 -9.185240 -7.606851 -7.722683 -7.519399 -10.292879 -10.423866 -10.081941 -inf nan nan
47.120000 -7.671853 -10.254911 -10.323021 -9.316030 -7.673943 -7.790705 -7.587621 -10.331405 -10.460859 -10.107885 -inf nan nan
47.160000 -7.737095 -10.402722 -10.470150 -9.456984 -7.739050 -7.856320 -7.655993 -10.369594 -10.504517 -10.132535 -inf nan nan
47.200000 -7.813900 -10.561801 -10.628080 -9.611247 -7.815757 -7.933831 -7.735543 -10.419588 -10.554210 -10.169934 -inf nan nan
47.240000 -7.877169 -10.710918 -10.769497 -9.753458 -7.878951 -7.995451 -7.800966 -10.457315 -10.585479 -10.179175 -inf nan nan
47.280000 -7.951254 -10.869661 -10.940704 -9.906405 -7.952991 -8.065015 -7.872685 -10.506612 -10.625717 -10.211903 -inf nan nan
47.320000 -8.025384 -11.030418 -11.104119 -10.061066 -8.027095 -8.139113 -7.942995 -10.556575 -10.667313 -10.235874 -inf nan nan
47.360000 -8.096798 -11.186944 -11.268050 -10.214454 -8.098502 -8.211219 -8.011938 -10.605069 -10.706404 -10.260784 -inf nan nan
47.400000 -8.182312 -11.360386 -11.445693 -10.382763 -8.184024 -8.296762 -8.093576 -10.667692 -10.759381 -10.305224 -inf nan nan
47.440000 -8.251017 -11.517493 -11.605841 -10.535329 -8.252747 -8.364071 -8.156785 -10.715177 -10.805382 -10.335755 -inf nan nan
47.480000 -8.332671 -11.688342 -11.786183 -10.696570 -8.334433 -8.440736 -8.234771 -10.775411 -10.869190 -10.379508 -inf nan nan
47.520000 -8.414374 -11.859033 -11.971721 -10.866537 -8.416174 -8.520970 -8.315768 -10.837318 -10.934615 -10.424536 -inf nan nan
47.560000 -8.492324 -12.026150 -12.157295 -11.036958 -8.494172 -8.604120 -8.394869 -10.895403 -10.989057 -10.466796 -inf nan nan
47.600000 -8.587395 -12.213604 -12.360799 -11.219802 -8.589294 -8.699908 -8.487285 -10.971900 -11.061546 -10.526839 -inf nan nan
47.640000 -8.661646 -12.379946 -12.545146 -11.382256 -8.663603 -8.773015 -8.560323 -11.027775 -11.115586 -10.567324 -inf nan nan
47.680000 -8.751263 -12.562235 -12.746456 -11.564425 -8.753281 -8.861305 -8.649303 -11.099941 -11.191400 -10.623177 -inf nan nan
47.720000 -8.840935 -12.744051 -12.951786 -11.747883 -8.843016 -8.954216 -8.738532 -11.172903 -11.267609 -10.680916 -inf nan nan
47.760000 -8.925499 -12.923108 -13.151940 -11.926868 -8.927649 -9.043298 -8.822272 -11.240817 -11.336878 -10.733437 -inf nan nan
47.800000 -9.030612 -13.124247 -13.373385 -12.120957 -9.032829 -9.152982 -8.924945 -11.330592 -11.427950 -10.805336 -inf nan nan
47.840000 -9.110410 -13.299862 -13.571564 -12.290239 -9.112700 -9.234239 -9.001974 -11.394830 -11.490637 -10.855512 -inf nan nan
47.880000 -9.208248 -13.493519 -13.790763 -12.481344 -9.210606 -9.329591 -9.098675 -11.478838 -11.579439 -10.923487 -inf nan nan
47.920000 -9.306235 -13.687943 -14.012809 -12.669767 -9.308667 -9.430558 -9.192082 -11.562478 -11.663697 -10.993171 -inf nan nan
47.960000 -9.397524 -13.878991 -14.227293 -12.852887 -9.400025 -9.527606 -9.277243 -11.641017 -11.742760 -11.053121 -inf nan nan
48.000000 -9.513253 -14.094779 -14.469259 -13.063371 -9.515826 -9.650351 -9.386002 -11.743861 -11.845438 -11.133918 -inf nan nan
48.040000 -9.598671 -14.279359 -14.682301 -13.244585 -9.601309 -9.741832 -9.468836 -11.817972 -11.917438 -11.184778 -inf nan nan
48.080000 -9.705108 -14.486015 -14.921503 -13.450448 -9.707810 -9.856144 -9.573427 -11.913789 -12.010735 -11.257653 -inf nan nan
48.120000 -9.811912 -14.694589 -15.157246 -13.654411 -9.814677 -9.962588 -9.677926 -12.010354 -12.103336 -11.337572 -inf nan nan
48.160000 -9.910158 -14.897769 -15.378458 -13.853238 -9.912976 -10.061431 -9.774688 -12.100065 -12.188590 -11.412505 -inf nan nan
48.200000 -10.037332 -15.127560 -15.618981 -14.080310 -10.040204 -10.194607 -9.893554 -12.218936 -12.298397 -11.516679 -inf nan nan
48.240000 -10.128560 -15.322571 -15.823313 -14.276366 -10.131468 -10.293324 -9.976784 -12.304620 -12.374636 -11.586502 -inf nan nan
48.280000 -10.244191 -15.542415 -16.055518 -14.495528 -10.247139 -10.413239 -10.091792 -12.414173 -12.475362 -11.681131 -inf nan nan
48.320000 -10.360609 -15.767096 -16.285163 -14.716371 -10.363580 -10.530319 -10.202664 -12.527295 -12.577981 -11.778115 -inf nan nan
48.360000 -10.466301 -15.980736 -16.503300 -14.928106 -10.469296 -10.630653 -10.300369 -12.629345 -12.666222 -11.862723 -inf nan nan
48.400000 -10.606283 -16.226575 -16.755703 -15.175681 -10.609285 -10.765124 -10.432044 -12.768293 -12.790308 -11.981861 -inf nan nan
48.440000 -10.703672 -16.432308 -16.968634 -15.369100 -10.706682 -10.867062 -10.519921 -12.864449 -12.872877 -12.057347 -inf nan nan
48.480000 -10.829409 -16.666817 -17.216461 -15.626273 -10.832427 -11.003847 -10.637624 -12.989083 -12.982573 -12.165367 -inf nan nan
48.520000 -10.956686 -16.907286 -17.483800 -15.859635 -10.959713 -11.147536 -10.760865 -13.115066 -13.095615 -12.272215 -inf nan nan
48.560000 -11.070718 -17.128861 -17.717131 -16.082602 -11.073756 -11.275153 -10.870542 -13.227430 -13.206678 -12.361903 -inf nan nan
48.600000 -11.225785 -17.394485 -17.995718 -16.352733 -11.228834 -11.435881 -11.020994 -13.380914 -13.372559 -12.495087 -inf nan nan
48.640000 -11.329967 -17.608215 -18.229208 -16.566828 -11.333046 -11.538918 -11.116144 -13.480905 -13.485297 -12.571768 -inf nan nan
48.680000 -11.467305 -17.860380 -18.494628 -16.817906 -11.470414 -11.676423 -11.247177 -13.614031 -13.633322 -12.687035 -inf nan nan
48.720000 -11.607091 -18.112189 -18.761493 -17.045579 -11.610251 -11.814745 -11.378881 -13.746800 -13.779876 -12.800444 -inf nan nan
48.760000 -11.729854 -18.344795 -19.012403 -17.258980 -11.733054 -11.934320 -11.494354 -13.864128 -13.910957 -12.895754 -inf nan nan
48.800000 -11.901626 -18.629755 -19.316149 -17.543088 -11.904898 -12.101135 -11.659461 -14.026272 -14.081571 -13.035657 -inf nan nan
48.840000 -12.012258 -18.853554 -19.557757 -17.765983 -12.015596 -12.208377 -11.762390 -14.128168 -14.183339 -13.113198 -inf nan nan
48.880000 -12.161076 -19.120734 -19.865378 -18.029715 -12.164506 -12.366998 -11.905978 -14.265338 -14.317162 -13.229367 -inf nan nan
48.920000 -12.313599 -19.383100 -20.182205 -18.290125 -12.317114 -12.529367 -12.049864 -14.407168 -14.453625 -13.353012 -inf nan nan
48.960000 -12.444881 -19.630381 -20.487252 -18.535812 -12.448495 -12.671184 -12.173937 -14.526459 -14.567331 -13.474621 -inf nan nan
49.000000 -12.633942 -19.933097 -20.836954 -18.840585 -12.637678 -12.862255 -12.356171 -14.701161 -14.736866 -13.640237 -inf nan nan
49.040000 -12.751103 -20.171183 -21.125752 -19.082332 -12.754952 -12.990584 -12.466870 -14.805470 -14.831290 -13.726940 -inf nan nan
49.080000 -12.912043 -20.447135 -21.451006 -19.373933 -12.916038 -13.162828 -12.623635 -14.950322 -14.968556 -13.865025 -inf nan nan
49.120000 -13.078887 -20.727994 -21.791338 -19.665248 -13.082989 -13.341274 -12.785404 -15.105735 -15.111071 -14.015528 -inf nan nan
49.160000 -13.220417 -20.986861 -22.098841 -19.934675 -13.224695 -13.495082 -12.926474 -15.229119 -15.228921 -14.135771 -inf nan nan
49.200000 -13.431722 -21.315312 -22.482378 -20.268960 -13.436131 -13.721170 -13.144001 -15.427370 -15.416003 -14.322846 -inf nan nan
49.240000 -13.557821 -21.561951 -22.764154 -20.525262 -13.562418 -13.866296 -13.279928 -15.535437 -15.558550 -14.428597 -inf nan nan
49.280000 -13.736241 -21.849564 -23.063469 -20.829733 -13.740978 -14.062782 -13.451596 -15.700933 -15.767340 -14.589922 -inf nan nan
49.320000 -13.926211 -22.155523 -23.376801 -21.128425 -13.931136 -14.283633 -13.629967 -15.874046 -15.956057 -14.769087 -inf nan nan
49.360000 -14.087723 -22.427475 -23.658670 -21.386601 -14.092833 -14.476172 -13.776874 -16.019664 -16.111296 -14.922979 -inf nan nan
49.400000 -14.347741 -22.799599 -24.039379 -21.735724 -14.353028 -14.770809 -14.020280 -16.264981 -16.364200 -15.171872 -inf nan nan
49.440000 -14.495819 -23.044885 -24.337932 -21.969615 -14.501276 -14.931585 -14.154765 -16.399376 -16.525958 -15.292041 -inf nan nan
49.480000 -14.722252 -23.364589 -24.714665 -22.290620 -14.727805 -15.225942 -14.365855 -16.618279 -16.769691 -15.498858 -inf nan nan
49.520000 -14.977951 -23.707116 -25.101248 -22.650009 -14.983726 -15.524596 -14.600358 -16.857045 -17.031418 -15.733380 -inf nan nan
49.560000 -15.178947 -23.994472 -25.409752 -22.960243 -15.184742 -15.771501 -14.800171 -17.056581 -17.225100 -15.934849 -inf nan nan
49.600000 -15.564613 -24.449683 -25.907003 -23.442441 -15.570731 -16.196908 -15.195314 -17.418811 -17.699768 -16.324732 -inf nan nan
