#Supermassive black hole functions from TRINITY PaperIV (arXiv:2309.07210)
#z: 10.00
#log10(Mbh [Msun]) BHMF_best[Mpc^-3 dex^-1] BHMF_16th[Mpc^-3 dex^-1] BHMF_84th[Mpc^-3 dex^-1]
4.000000e+00 4.434659e-06 8.598013e-07 1.045312e-05
4.100000e+00 3.945337e-06 7.581064e-07 9.121996e-06
4.200000e+00 3.506313e-06 6.674015e-07 7.938908e-06
4.300000e+00 3.112294e-06 5.865655e-07 6.947604e-06
4.400000e+00 2.758593e-06 5.146279e-07 6.070986e-06
4.500000e+00 2.441181e-06 4.507376e-07 5.296690e-06
4.600000e+00 2.156648e-06 3.941290e-07 4.613515e-06
4.700000e+00 1.902070e-06 3.440954e-07 4.011429e-06
4.800000e+00 1.674859e-06 2.999730e-07 3.481528e-06
4.900000e+00 1.472616e-06 2.611351e-07 3.061155e-06
5.000000e+00 1.293039e-06 2.278699e-07 2.687887e-06
5.100000e+00 1.133890e-06 2.003441e-07 2.356857e-06
5.200000e+00 9.930093e-07 1.759113e-07 2.051988e-06
5.300000e+00 8.683692e-07 1.542400e-07 1.775607e-06
5.400000e+00 7.581230e-07 1.350316e-07 1.530840e-06
5.500000e+00 6.606413e-07 1.180208e-07 1.313969e-06
5.600000e+00 5.745178e-07 1.029728e-07 1.125600e-06
5.700000e+00 4.985478e-07 9.006639e-08 9.623043e-07
5.800000e+00 4.316878e-07 7.865210e-08 8.160306e-07
5.900000e+00 3.730108e-07 6.855116e-08 6.903894e-07
6.000000e+00 3.216684e-07 5.924475e-08 5.916082e-07
6.100000e+00 2.768673e-07 5.015681e-08 5.064298e-07
6.200000e+00 2.378620e-07 4.237514e-08 4.325528e-07
6.300000e+00 2.039589e-07 3.653058e-08 3.680578e-07
6.400000e+00 1.745252e-07 3.166883e-08 3.119209e-07
6.500000e+00 1.489976e-07 2.758229e-08 2.627696e-07
6.600000e+00 1.268843e-07 2.338373e-08 2.199772e-07
6.700000e+00 1.077618e-07 1.950414e-08 1.836131e-07
6.800000e+00 9.126518e-08 1.667560e-08 1.537469e-07
6.900000e+00 7.707634e-08 1.428795e-08 1.296511e-07
7.000000e+00 6.491354e-08 1.174392e-08 1.090112e-07
7.100000e+00 5.452305e-08 9.455483e-09 8.808711e-08
7.200000e+00 4.567467e-08 7.622469e-09 7.061334e-08
7.300000e+00 3.816011e-08 6.425201e-09 5.769118e-08
7.400000e+00 3.179307e-08 5.393618e-09 4.696056e-08
7.500000e+00 2.640946e-08 4.496604e-09 3.808029e-08
7.600000e+00 2.186703e-08 3.738348e-09 3.075425e-08
7.700000e+00 1.804376e-08 3.110209e-09 2.472952e-08
7.800000e+00 1.483538e-08 2.571004e-09 2.023683e-08
7.900000e+00 1.215250e-08 2.029090e-09 1.655261e-08
8.000000e+00 9.917913e-09 1.674012e-09 1.347858e-08
8.100000e+00 8.064386e-09 1.350053e-09 1.082330e-08
8.200000e+00 6.533168e-09 1.056964e-09 8.768559e-09
8.300000e+00 5.273027e-09 8.265904e-10 7.003839e-09
8.400000e+00 4.239628e-09 6.379002e-10 5.405931e-09
8.500000e+00 3.395008e-09 4.925356e-10 4.031010e-09
8.600000e+00 2.707012e-09 3.796893e-10 3.112401e-09
8.700000e+00 2.148632e-09 3.065863e-10 2.423322e-09
8.800000e+00 1.697285e-09 2.420184e-10 1.886340e-09
8.900000e+00 1.334105e-09 1.855334e-10 1.423855e-09
9.000000e+00 1.043306e-09 1.440493e-10 1.102168e-09
9.100000e+00 8.116601e-10 1.150094e-10 8.389875e-10
9.200000e+00 6.280975e-10 9.162760e-11 6.458171e-10
9.300000e+00 4.833867e-10 6.946665e-11 4.966096e-10
9.400000e+00 3.698830e-10 5.292164e-11 3.822368e-10
9.500000e+00 2.813077e-10 3.644972e-11 2.795887e-10
9.600000e+00 2.125475e-10 2.483239e-11 2.093360e-10
9.700000e+00 1.594672e-10 1.865067e-11 1.552364e-10
9.800000e+00 1.187403e-10 1.397495e-11 1.122574e-10
9.900000e+00 8.770022e-11 1.038048e-11 7.821225e-11
1.000000e+01 6.421543e-11 6.076820e-12 5.703171e-11
1.010000e+01 4.658694e-11 3.890860e-12 4.240621e-11
1.020000e+01 3.346604e-11 2.543090e-12 3.009707e-11
1.030000e+01 2.378799e-11 1.764137e-12 2.091124e-11
1.040000e+01 1.671793e-11 1.226539e-12 1.480645e-11
1.050000e+01 1.160632e-11 7.026668e-13 9.698660e-12
