#Supermassive black hole functions from TRINITY PaperIV (arXiv:2309.07210)
#z: 6.00
#log10(Mbh [Msun]) BHMF_best[Mpc^-3 dex^-1] BHMF_16th[Mpc^-3 dex^-1] BHMF_84th[Mpc^-3 dex^-1]
4.000000e+00 1.052044e-03 4.988860e-04 1.815590e-03
4.100000e+00 9.476980e-04 4.519100e-04 1.631854e-03
4.200000e+00 8.527360e-04 4.077690e-04 1.465071e-03
4.300000e+00 7.663905e-04 3.674914e-04 1.313817e-03
4.400000e+00 6.879511e-04 3.310098e-04 1.176776e-03
4.500000e+00 6.167625e-04 2.978231e-04 1.055050e-03
4.600000e+00 5.522211e-04 2.672189e-04 9.495571e-04
4.700000e+00 4.937703e-04 2.394315e-04 8.536341e-04
4.800000e+00 4.408948e-04 2.142403e-04 7.610740e-04
4.900000e+00 3.931172e-04 1.915224e-04 6.706617e-04
5.000000e+00 3.499957e-04 1.712619e-04 5.889391e-04
5.100000e+00 3.111227e-04 1.529210e-04 5.162148e-04
5.200000e+00 2.761234e-04 1.363250e-04 4.538068e-04
5.300000e+00 2.446536e-04 1.213286e-04 3.999023e-04
5.400000e+00 2.163971e-04 1.077975e-04 3.517937e-04
5.500000e+00 1.910627e-04 9.560723e-05 3.099213e-04
5.600000e+00 1.683819e-04 8.464159e-05 2.725222e-04
5.700000e+00 1.481079e-04 7.479239e-05 2.391714e-04
5.800000e+00 1.300139e-04 6.595941e-05 2.098482e-04
5.900000e+00 1.138925e-04 5.805047e-05 1.838373e-04
6.000000e+00 9.955383e-05 5.098111e-05 1.607036e-04
6.100000e+00 8.682451e-05 4.467392e-05 1.400723e-04
6.200000e+00 7.554574e-05 3.905782e-05 1.216685e-04
6.300000e+00 6.557220e-05 3.412407e-05 1.049342e-04
6.400000e+00 5.677111e-05 2.976401e-05 9.112099e-05
6.500000e+00 4.902144e-05 2.589720e-05 7.786083e-05
6.600000e+00 4.221307e-05 2.258019e-05 6.627651e-05
6.700000e+00 3.624601e-05 1.972681e-05 5.617061e-05
6.800000e+00 3.102945e-05 1.676464e-05 4.780088e-05
6.900000e+00 2.648099e-05 1.430855e-05 4.075362e-05
7.000000e+00 2.252590e-05 1.221413e-05 3.445830e-05
7.100000e+00 1.909659e-05 1.042058e-05 2.890790e-05
7.200000e+00 1.613203e-05 8.866345e-06 2.411746e-05
7.300000e+00 1.357726e-05 7.519026e-06 2.049271e-05
7.400000e+00 1.138287e-05 6.311209e-06 1.703273e-05
7.500000e+00 9.504544e-06 5.343306e-06 1.415732e-05
7.600000e+00 7.902544e-06 4.467775e-06 1.177920e-05
7.700000e+00 6.541362e-06 3.718941e-06 9.716408e-06
7.800000e+00 5.389349e-06 3.083178e-06 7.865613e-06
7.900000e+00 4.418378e-06 2.537709e-06 6.252453e-06
8.000000e+00 3.603538e-06 2.062177e-06 4.929704e-06
8.100000e+00 2.922830e-06 1.659030e-06 3.907335e-06
8.200000e+00 2.356890e-06 1.322201e-06 3.096211e-06
8.300000e+00 1.888732e-06 1.033137e-06 2.443017e-06
8.400000e+00 1.503511e-06 8.107730e-07 1.941471e-06
8.500000e+00 1.188314e-06 6.303966e-07 1.553136e-06
8.600000e+00 9.319559e-07 4.890499e-07 1.209403e-06
8.700000e+00 7.247918e-07 3.782090e-07 9.296410e-07
8.800000e+00 5.585456e-07 2.909959e-07 6.956124e-07
8.900000e+00 4.261471e-07 2.233441e-07 5.208569e-07
9.000000e+00 3.215844e-07 1.649348e-07 3.976765e-07
9.100000e+00 2.397690e-07 1.223015e-07 2.964505e-07
9.200000e+00 1.764131e-07 8.882633e-08 2.120077e-07
9.300000e+00 1.279198e-07 6.326989e-08 1.517941e-07
9.400000e+00 9.128513e-08 4.624482e-08 1.060373e-07
9.500000e+00 6.401304e-08 3.215684e-08 7.338498e-08
9.600000e+00 4.404199e-08 2.149054e-08 5.060072e-08
9.700000e+00 2.968265e-08 1.409654e-08 3.409842e-08
9.800000e+00 1.956484e-08 8.897606e-09 2.252291e-08
9.900000e+00 1.259191e-08 5.546850e-09 1.448302e-08
1.000000e+01 7.900701e-09 3.387089e-09 9.244247e-09
1.010000e+01 4.825423e-09 1.978053e-09 5.717350e-09
1.020000e+01 2.864610e-09 1.123766e-09 3.412049e-09
1.030000e+01 1.650639e-09 6.168442e-10 2.028566e-09
1.040000e+01 9.219903e-10 3.253288e-10 1.115267e-09
1.050000e+01 4.986046e-10 1.679803e-10 5.975047e-10
