#Supermassive black hole functions from TRINITY PaperIV (arXiv:2309.07210)
#z: 4.00
#log10(Mbh [Msun]) BHMF_best[Mpc^-3 dex^-1] BHMF_16th[Mpc^-3 dex^-1] BHMF_84th[Mpc^-3 dex^-1]
4.000000e+00 5.003901e-03 3.328210e-03 7.310317e-03
4.100000e+00 4.564751e-03 3.054969e-03 6.633652e-03
4.200000e+00 4.161445e-03 2.802484e-03 6.025947e-03
4.300000e+00 3.791225e-03 2.569275e-03 5.470375e-03
4.400000e+00 3.451536e-03 2.353963e-03 4.988663e-03
4.500000e+00 3.140018e-03 2.149030e-03 4.505432e-03
4.600000e+00 2.854485e-03 1.956799e-03 4.062886e-03
4.700000e+00 2.592911e-03 1.782207e-03 3.681189e-03
4.800000e+00 2.353415e-03 1.622161e-03 3.333589e-03
4.900000e+00 2.134257e-03 1.486283e-03 3.010587e-03
5.000000e+00 1.933827e-03 1.352803e-03 2.714922e-03
5.100000e+00 1.750636e-03 1.220771e-03 2.445686e-03
5.200000e+00 1.583311e-03 1.101404e-03 2.201138e-03
5.300000e+00 1.430581e-03 1.001216e-03 1.978675e-03
5.400000e+00 1.291268e-03 9.106682e-04 1.775614e-03
5.500000e+00 1.164284e-03 8.275110e-04 1.591581e-03
5.600000e+00 1.048624e-03 7.511989e-04 1.424930e-03
5.700000e+00 9.433613e-04 6.816632e-04 1.273962e-03
5.800000e+00 8.476411e-04 6.182159e-04 1.136902e-03
5.900000e+00 7.606739e-04 5.600453e-04 1.013166e-03
6.000000e+00 6.817308e-04 5.067690e-04 9.017594e-04
6.100000e+00 6.101387e-04 4.594735e-04 8.110501e-04
6.200000e+00 5.452774e-04 4.160968e-04 7.246745e-04
6.300000e+00 4.865756e-04 3.763518e-04 6.453145e-04
6.400000e+00 4.335072e-04 3.385262e-04 5.733305e-04
6.500000e+00 3.855874e-04 3.012721e-04 5.085386e-04
6.600000e+00 3.423694e-04 2.691213e-04 4.503164e-04
6.700000e+00 3.034415e-04 2.409778e-04 3.980627e-04
6.800000e+00 2.684246e-04 2.151684e-04 3.512259e-04
6.900000e+00 2.369700e-04 1.912411e-04 3.091471e-04
7.000000e+00 2.087573e-04 1.687105e-04 2.718783e-04
7.100000e+00 1.834912e-04 1.484637e-04 2.406988e-04
7.200000e+00 1.609004e-04 1.302980e-04 2.125546e-04
7.300000e+00 1.407349e-04 1.142647e-04 1.871797e-04
7.400000e+00 1.227652e-04 1.000367e-04 1.621796e-04
7.500000e+00 1.067802e-04 8.731465e-05 1.397833e-04
7.600000e+00 9.258601e-05 7.554527e-05 1.198217e-04
7.700000e+00 8.000480e-05 6.456318e-05 1.023321e-04
7.800000e+00 6.887345e-05 5.512626e-05 8.782420e-05
7.900000e+00 5.904275e-05 4.711231e-05 7.486448e-05
8.000000e+00 5.037665e-05 4.021811e-05 6.443716e-05
8.100000e+00 4.275177e-05 3.383923e-05 5.490357e-05
8.200000e+00 3.605695e-05 2.817885e-05 4.623458e-05
8.300000e+00 3.019296e-05 2.331436e-05 3.870838e-05
8.400000e+00 2.507209e-05 1.928755e-05 3.218571e-05
8.500000e+00 2.061765e-05 1.587992e-05 2.626002e-05
8.600000e+00 1.676316e-05 1.281634e-05 2.152443e-05
8.700000e+00 1.345110e-05 1.013652e-05 1.744429e-05
8.800000e+00 1.063130e-05 8.004111e-06 1.384161e-05
8.900000e+00 8.258872e-06 6.184848e-06 1.077668e-05
9.000000e+00 6.292147e-06 4.688024e-06 8.211465e-06
9.100000e+00 4.690685e-06 3.444168e-06 6.158562e-06
9.200000e+00 3.413874e-06 2.491469e-06 4.509972e-06
9.300000e+00 2.420269e-06 1.753473e-06 3.217498e-06
9.400000e+00 1.667818e-06 1.195116e-06 2.226538e-06
9.500000e+00 1.114834e-06 7.855875e-07 1.481736e-06
9.600000e+00 7.214540e-07 5.045632e-07 9.484607e-07
9.700000e+00 4.511921e-07 3.153426e-07 5.873578e-07
9.800000e+00 2.722359e-07 1.914394e-07 3.572270e-07
9.900000e+00 1.582328e-07 1.120462e-07 2.105736e-07
1.000000e+01 8.847241e-08 6.325876e-08 1.183101e-07
1.010000e+01 4.752559e-08 3.428428e-08 6.295584e-08
1.020000e+01 2.449932e-08 1.744032e-08 3.301818e-08
1.030000e+01 1.210690e-08 8.496621e-09 1.629836e-08
1.040000e+01 5.729971e-09 3.978473e-09 7.883366e-09
1.050000e+01 2.595016e-09 1.820146e-09 3.582961e-09
