#Supermassive black hole functions from TRINITY PaperIV (arXiv:2309.07210)
#z: 0.10
#log10(Mbh [Msun]) BHMF_best[Mpc^-3 dex^-1] BHMF_16th[Mpc^-3 dex^-1] BHMF_84th[Mpc^-3 dex^-1]
4.000000e+00 1.868892e-02 1.607018e-02 2.439403e-02
4.100000e+00 1.744623e-02 1.506991e-02 2.275495e-02
4.200000e+00 1.629574e-02 1.415188e-02 2.124023e-02
4.300000e+00 1.523016e-02 1.329573e-02 1.980475e-02
4.400000e+00 1.424268e-02 1.249683e-02 1.841084e-02
4.500000e+00 1.332701e-02 1.175092e-02 1.707887e-02
4.600000e+00 1.247733e-02 1.105421e-02 1.585532e-02
4.700000e+00 1.168841e-02 1.040676e-02 1.473110e-02
4.800000e+00 1.095555e-02 9.801444e-03 1.383949e-02
4.900000e+00 1.027453e-02 9.207731e-03 1.301192e-02
5.000000e+00 9.641458e-03 8.629353e-03 1.224326e-02
5.100000e+00 9.052764e-03 8.091863e-03 1.152870e-02
5.200000e+00 8.505113e-03 7.592192e-03 1.086381e-02
5.300000e+00 7.995425e-03 7.166408e-03 1.024465e-02
5.400000e+00 7.520891e-03 6.777914e-03 9.667816e-03
5.500000e+00 7.078971e-03 6.415931e-03 9.129022e-03
5.600000e+00 6.667391e-03 6.081956e-03 8.614616e-03
5.700000e+00 6.284107e-03 5.769859e-03 8.100318e-03
5.800000e+00 5.927265e-03 5.478452e-03 7.621366e-03
5.900000e+00 5.595146e-03 5.206425e-03 7.219311e-03
6.000000e+00 5.286146e-03 4.934362e-03 6.844976e-03
6.100000e+00 4.998778e-03 4.684215e-03 6.491410e-03
6.200000e+00 4.731706e-03 4.457550e-03 6.156995e-03
6.300000e+00 4.483765e-03 4.231900e-03 5.834206e-03
6.400000e+00 4.253962e-03 4.019015e-03 5.535507e-03
6.500000e+00 4.041426e-03 3.821516e-03 5.259715e-03
6.600000e+00 3.845348e-03 3.646522e-03 5.005332e-03
6.700000e+00 3.664948e-03 3.481214e-03 4.771602e-03
6.800000e+00 3.499452e-03 3.328495e-03 4.556505e-03
6.900000e+00 3.348089e-03 3.194425e-03 4.377684e-03
7.000000e+00 3.210047e-03 3.076002e-03 4.202719e-03
7.100000e+00 3.084362e-03 2.968347e-03 4.054660e-03
7.200000e+00 2.969759e-03 2.855592e-03 3.917627e-03
7.300000e+00 2.864466e-03 2.762873e-03 3.785217e-03
7.400000e+00 2.766034e-03 2.660796e-03 3.650286e-03
7.500000e+00 2.671214e-03 2.565980e-03 3.533454e-03
7.600000e+00 2.575932e-03 2.481765e-03 3.406831e-03
7.700000e+00 2.475409e-03 2.363131e-03 3.246524e-03
7.800000e+00 2.364504e-03 2.230591e-03 3.048887e-03
7.900000e+00 2.238302e-03 2.091982e-03 2.897646e-03
8.000000e+00 2.092911e-03 1.930282e-03 2.685163e-03
8.100000e+00 1.926337e-03 1.760020e-03 2.479921e-03
8.200000e+00 1.739221e-03 1.568670e-03 2.213164e-03
8.300000e+00 1.535205e-03 1.364095e-03 1.977427e-03
8.400000e+00 1.320746e-03 1.161730e-03 1.744714e-03
8.500000e+00 1.104341e-03 9.516394e-04 1.491983e-03
8.600000e+00 8.952880e-04 7.490633e-04 1.241991e-03
8.700000e+00 7.022744e-04 5.851691e-04 1.006275e-03
8.800000e+00 5.321167e-04 4.342249e-04 7.899989e-04
8.900000e+00 3.889481e-04 3.116907e-04 5.908019e-04
9.000000e+00 2.739917e-04 2.158566e-04 4.187578e-04
9.100000e+00 1.858900e-04 1.439679e-04 2.854627e-04
9.200000e+00 1.214174e-04 9.365334e-05 1.907008e-04
9.300000e+00 7.633980e-05 5.864151e-05 1.199408e-04
9.400000e+00 4.620540e-05 3.524364e-05 7.371400e-05
9.500000e+00 2.692761e-05 1.988419e-05 4.374081e-05
9.600000e+00 1.511466e-05 1.127952e-05 2.492388e-05
9.700000e+00 8.174119e-06 6.108801e-06 1.366618e-05
9.800000e+00 4.260448e-06 3.042870e-06 7.195058e-06
9.900000e+00 2.140560e-06 1.540869e-06 3.616602e-06
1.000000e+01 1.036748e-06 7.335300e-07 1.761388e-06
1.010000e+01 4.839712e-07 3.284078e-07 8.418448e-07
1.020000e+01 2.176669e-07 1.414318e-07 3.820492e-07
1.030000e+01 9.425738e-08 5.497948e-08 1.664660e-07
1.040000e+01 3.926609e-08 2.027936e-08 6.873406e-08
1.050000e+01 1.571985e-08 7.086809e-09 2.767045e-08
