#Supermassive black hole functions from TRINITY PaperIV (arXiv:2309.07210)
#z: 14.60
#log10(Mbh [Msun]) BHMF_best[Mpc^-3 dex^-1] BHMF_16th[Mpc^-3 dex^-1] BHMF_84th[Mpc^-3 dex^-1]
4.000000e+00 1.959279e-09 8.147670e-11 4.677112e-09
4.100000e+00 1.785512e-09 7.301042e-11 4.163689e-09
4.200000e+00 1.623434e-09 6.532954e-11 3.714759e-09
4.300000e+00 1.471631e-09 5.854420e-11 3.321812e-09
4.400000e+00 1.329328e-09 5.249728e-11 2.976219e-09
4.500000e+00 1.196229e-09 4.706822e-11 2.647002e-09
4.600000e+00 1.072362e-09 4.116061e-11 2.343505e-09
4.700000e+00 9.579108e-10 3.606151e-11 2.058438e-09
4.800000e+00 8.530830e-10 3.163499e-11 1.795615e-09
4.900000e+00 7.579939e-10 2.776534e-11 1.561743e-09
5.000000e+00 6.725895e-10 2.466113e-11 1.352613e-09
5.100000e+00 5.966062e-10 2.234284e-11 1.161512e-09
5.200000e+00 5.295631e-10 2.040086e-11 9.848905e-10
5.300000e+00 4.707860e-10 1.864020e-11 8.311333e-10
5.400000e+00 4.194530e-10 1.703349e-11 7.193754e-10
5.500000e+00 3.746537e-10 1.555751e-11 6.246859e-10
5.600000e+00 3.354518e-10 1.280948e-11 5.443125e-10
5.700000e+00 3.009447e-10 1.153495e-11 4.740772e-10
5.800000e+00 2.703109e-10 1.038250e-11 4.096985e-10
5.900000e+00 2.428447e-10 9.317675e-12 3.537948e-10
6.000000e+00 2.179736e-10 7.999483e-12 3.064898e-10
6.100000e+00 1.952617e-10 6.768191e-12 2.771281e-10
6.200000e+00 1.743998e-10 5.967400e-12 2.433936e-10
6.300000e+00 1.551872e-10 5.256228e-12 2.106498e-10
6.400000e+00 1.375069e-10 4.620900e-12 1.801219e-10
6.500000e+00 1.212998e-10 4.058970e-12 1.575462e-10
6.600000e+00 1.065390e-10 3.566553e-12 1.355551e-10
6.700000e+00 9.320801e-11 3.138530e-12 1.181181e-10
6.800000e+00 8.128370e-11 2.768855e-12 1.002854e-10
6.900000e+00 7.072469e-11 2.450894e-12 8.472116e-11
7.000000e+00 6.146579e-11 2.177794e-12 7.130276e-11
7.100000e+00 5.341755e-11 1.942813e-12 6.096630e-11
7.200000e+00 4.646993e-11 1.713177e-12 5.156383e-11
7.300000e+00 4.049881e-11 1.475583e-12 4.477182e-11
7.400000e+00 3.537391e-11 1.264154e-12 3.948468e-11
7.500000e+00 3.096678e-11 1.045883e-12 3.458757e-11
7.600000e+00 2.715767e-11 8.611943e-13 3.033107e-11
7.700000e+00 2.384076e-11 7.336909e-13 2.643711e-11
7.800000e+00 2.092722e-11 6.311786e-13 2.262881e-11
7.900000e+00 1.834614e-11 5.262787e-13 1.976251e-11
8.000000e+00 1.604373e-11 4.307833e-13 1.726718e-11
8.100000e+00 1.398110e-11 3.500730e-13 1.499573e-11
8.200000e+00 1.213122e-11 2.772131e-13 1.292177e-11
8.300000e+00 1.047563e-11 2.147549e-13 1.032183e-11
8.400000e+00 9.001228e-12 1.587905e-13 8.584520e-12
8.500000e+00 7.697556e-12 1.203565e-13 7.329101e-12
8.600000e+00 6.554772e-12 8.867859e-14 6.218684e-12
8.700000e+00 5.562324e-12 6.718975e-14 5.249783e-12
8.800000e+00 4.708342e-12 5.189986e-14 4.415975e-12
8.900000e+00 3.979600e-12 3.859028e-14 3.677041e-12
9.000000e+00 3.361905e-12 3.026094e-14 3.083148e-12
9.100000e+00 2.840713e-12 2.044794e-14 2.453754e-12
9.200000e+00 2.401821e-12 1.349270e-14 1.912982e-12
9.300000e+00 2.031988e-12 9.030888e-15 1.489655e-12
9.400000e+00 1.719404e-12 5.986602e-15 1.207179e-12
9.500000e+00 1.453957e-12 3.913933e-15 8.890273e-13
9.600000e+00 1.227312e-12 2.492980e-15 6.649329e-13
9.700000e+00 1.032812e-12 1.405564e-15 5.196827e-13
9.800000e+00 8.652752e-13 8.932264e-16 4.355510e-13
9.900000e+00 7.207205e-13 4.846058e-16 3.598061e-13
1.000000e+01 5.960868e-13 2.533209e-16 2.704958e-13
1.010000e+01 4.889702e-13 1.328153e-16 2.131216e-13
1.020000e+01 3.974091e-13 6.595916e-17 1.565098e-13
1.030000e+01 3.197229e-13 3.320912e-17 1.143684e-13
1.040000e+01 2.544038e-13 1.634397e-17 8.638829e-14
1.050000e+01 2.000522e-13 7.867598e-18 6.382084e-14
