#Supermassive black hole functions from TRINITY PaperIV (arXiv:2309.07210)
#z: 8.00
#log10(Mbh [Msun]) BHMF_best[Mpc^-3 dex^-1] BHMF_16th[Mpc^-3 dex^-1] BHMF_84th[Mpc^-3 dex^-1]
4.000000e+00 9.373186e-05 2.764798e-05 1.960069e-04
4.100000e+00 8.358378e-05 2.469214e-05 1.733267e-04
4.200000e+00 7.443762e-05 2.204424e-05 1.530409e-04
4.300000e+00 6.620191e-05 1.966949e-05 1.355215e-04
4.400000e+00 5.879311e-05 1.761030e-05 1.204567e-04
4.500000e+00 5.213571e-05 1.574569e-05 1.069162e-04
4.600000e+00 4.616153e-05 1.405944e-05 9.407865e-05
4.700000e+00 4.080856e-05 1.253648e-05 8.307122e-05
4.800000e+00 3.601974e-05 1.116281e-05 7.383130e-05
4.900000e+00 3.174213e-05 9.925354e-06 6.465230e-05
5.000000e+00 2.792652e-05 8.811974e-06 5.633494e-05
5.100000e+00 2.452745e-05 7.790217e-06 4.899214e-05
5.200000e+00 2.150339e-05 6.825934e-06 4.252185e-05
5.300000e+00 1.881676e-05 5.970030e-06 3.683113e-05
5.400000e+00 1.643376e-05 5.212523e-06 3.178798e-05
5.500000e+00 1.432388e-05 4.543963e-06 2.736892e-05
5.600000e+00 1.245945e-05 3.953317e-06 2.350895e-05
5.700000e+00 1.081518e-05 3.432450e-06 2.014412e-05
5.800000e+00 9.367867e-06 2.973982e-06 1.721739e-05
5.900000e+00 8.096279e-06 2.571210e-06 1.467771e-05
6.000000e+00 6.981133e-06 2.218064e-06 1.247925e-05
6.100000e+00 6.005055e-06 1.909045e-06 1.061263e-05
6.200000e+00 5.152475e-06 1.639193e-06 9.038132e-06
6.300000e+00 4.409468e-06 1.403136e-06 7.675906e-06
6.400000e+00 3.763545e-06 1.194529e-06 6.500609e-06
6.500000e+00 3.203460e-06 1.016867e-06 5.490957e-06
6.600000e+00 2.719063e-06 8.648664e-07 4.626189e-06
6.700000e+00 2.301205e-06 7.360393e-07 3.888303e-06
6.800000e+00 1.941676e-06 6.320024e-07 3.257406e-06
6.900000e+00 1.633157e-06 5.361463e-07 2.719603e-06
7.000000e+00 1.369154e-06 4.526918e-07 2.262563e-06
7.100000e+00 1.143925e-06 3.757134e-07 1.875390e-06
7.200000e+00 9.523930e-07 3.081658e-07 1.548504e-06
7.300000e+00 7.900642e-07 2.586001e-07 1.266525e-06
7.400000e+00 6.529614e-07 2.167799e-07 1.027011e-06
7.500000e+00 5.375712e-07 1.811290e-07 8.290224e-07
7.600000e+00 4.408017e-07 1.481883e-07 6.660208e-07
7.700000e+00 3.599465e-07 1.198203e-07 5.296174e-07
7.800000e+00 2.926480e-07 9.644967e-08 4.195979e-07
7.900000e+00 2.368604e-07 7.731169e-08 3.339252e-07
8.000000e+00 1.908122e-07 6.240345e-08 2.723981e-07
8.100000e+00 1.529729e-07 5.019923e-08 2.225423e-07
8.200000e+00 1.220226e-07 3.929484e-08 1.771695e-07
8.300000e+00 9.682737e-08 3.091170e-08 1.386033e-07
8.400000e+00 7.641713e-08 2.399694e-08 1.068732e-07
8.500000e+00 5.996658e-08 1.846250e-08 8.160243e-08
8.600000e+00 4.677730e-08 1.403131e-08 6.187643e-08
8.700000e+00 3.626111e-08 1.073964e-08 4.670884e-08
8.800000e+00 2.792484e-08 8.353629e-09 3.597059e-08
8.900000e+00 2.135675e-08 6.278517e-09 2.677530e-08
9.000000e+00 1.621468e-08 4.668255e-09 2.012716e-08
9.100000e+00 1.221574e-08 3.424504e-09 1.517447e-08
9.200000e+00 9.127476e-09 2.504139e-09 1.114787e-08
9.300000e+00 6.760059e-09 1.814274e-09 8.168892e-09
9.400000e+00 4.959484e-09 1.286492e-09 5.843224e-09
9.500000e+00 3.601584e-09 9.237837e-10 4.132954e-09
9.600000e+00 2.586872e-09 6.654576e-10 2.940017e-09
9.700000e+00 1.836123e-09 4.560140e-10 2.073634e-09
9.800000e+00 1.286656e-09 3.077589e-10 1.430452e-09
9.900000e+00 8.892284e-10 2.067933e-10 9.626001e-10
1.000000e+01 6.054528e-10 1.324932e-10 6.467074e-10
1.010000e+01 4.056601e-10 8.433523e-11 4.274925e-10
1.020000e+01 2.671389e-10 5.311793e-11 2.665317e-10
1.030000e+01 1.726908e-10 3.264418e-11 1.671443e-10
1.040000e+01 1.094501e-10 1.861090e-11 1.113454e-10
1.050000e+01 6.792622e-11 1.034121e-11 6.921758e-11
