#Supermassive black hole functions from TRINITY PaperIV (arXiv:2309.07210)
#z: 2.00
#log10(Mbh [Msun]) BHMF_best[Mpc^-3 dex^-1] BHMF_16th[Mpc^-3 dex^-1] BHMF_84th[Mpc^-3 dex^-1]
4.000000e+00 1.226637e-02 1.033197e-02 1.565450e-02
4.100000e+00 1.129834e-02 9.559090e-03 1.437980e-02
4.200000e+00 1.040925e-02 8.845851e-03 1.321197e-02
4.300000e+00 9.592560e-03 8.187537e-03 1.212652e-02
4.400000e+00 8.842226e-03 7.579695e-03 1.113242e-02
4.500000e+00 8.152721e-03 7.023626e-03 1.022264e-02
4.600000e+00 7.518996e-03 6.512705e-03 9.389939e-03
4.700000e+00 6.936442e-03 6.040355e-03 8.656954e-03
4.800000e+00 6.400831e-03 5.603721e-03 8.005924e-03
4.900000e+00 5.908268e-03 5.200064e-03 7.378431e-03
5.000000e+00 5.455165e-03 4.826746e-03 6.801768e-03
5.100000e+00 5.038236e-03 4.481313e-03 6.271685e-03
5.200000e+00 4.654483e-03 4.168585e-03 5.803220e-03
5.300000e+00 4.301179e-03 3.860838e-03 5.372460e-03
5.400000e+00 3.975836e-03 3.583243e-03 4.975073e-03
5.500000e+00 3.676170e-03 3.325261e-03 4.606382e-03
5.600000e+00 3.400079e-03 3.067740e-03 4.261762e-03
5.700000e+00 3.145636e-03 2.841404e-03 3.943674e-03
5.800000e+00 2.911077e-03 2.636351e-03 3.636412e-03
5.900000e+00 2.694800e-03 2.452253e-03 3.346684e-03
6.000000e+00 2.495346e-03 2.274969e-03 3.079375e-03
6.100000e+00 2.311387e-03 2.104488e-03 2.855658e-03
6.200000e+00 2.141704e-03 1.955096e-03 2.650496e-03
6.300000e+00 1.985178e-03 1.821353e-03 2.455806e-03
6.400000e+00 1.840779e-03 1.687401e-03 2.267978e-03
6.500000e+00 1.707563e-03 1.566970e-03 2.101871e-03
6.600000e+00 1.584665e-03 1.456814e-03 1.946302e-03
6.700000e+00 1.471297e-03 1.357055e-03 1.803364e-03
6.800000e+00 1.366733e-03 1.269633e-03 1.672370e-03
6.900000e+00 1.270295e-03 1.190121e-03 1.560250e-03
7.000000e+00 1.181338e-03 1.110500e-03 1.456437e-03
7.100000e+00 1.099240e-03 1.031068e-03 1.360029e-03
7.200000e+00 1.023387e-03 9.575518e-04 1.270276e-03
7.300000e+00 9.531672e-04 8.893244e-04 1.186417e-03
7.400000e+00 8.879548e-04 8.263748e-04 1.107658e-03
7.500000e+00 8.270906e-04 7.714391e-04 1.033164e-03
7.600000e+00 7.698666e-04 7.223332e-04 9.620547e-04
7.700000e+00 7.155199e-04 6.708699e-04 8.930594e-04
7.800000e+00 6.632453e-04 6.169642e-04 8.262104e-04
7.900000e+00 6.122307e-04 5.670655e-04 7.644679e-04
8.000000e+00 5.617180e-04 5.167273e-04 7.064543e-04
8.100000e+00 5.110839e-04 4.657198e-04 6.476529e-04
8.200000e+00 4.599349e-04 4.150671e-04 5.892266e-04
8.300000e+00 4.081965e-04 3.622315e-04 5.269354e-04
8.400000e+00 3.561767e-04 3.151853e-04 4.666163e-04
8.500000e+00 3.045771e-04 2.696366e-04 4.027466e-04
8.600000e+00 2.544334e-04 2.260932e-04 3.403747e-04
8.700000e+00 2.069848e-04 1.803212e-04 2.825838e-04
8.800000e+00 1.634909e-04 1.403175e-04 2.273794e-04
8.900000e+00 1.250321e-04 1.053827e-04 1.796377e-04
9.000000e+00 9.234109e-05 7.694720e-05 1.352855e-04
9.100000e+00 6.570258e-05 5.414186e-05 9.763002e-05
9.200000e+00 4.494146e-05 3.677525e-05 6.796006e-05
9.300000e+00 2.949475e-05 2.407173e-05 4.566600e-05
9.400000e+00 1.854030e-05 1.519824e-05 2.928160e-05
9.500000e+00 1.114511e-05 9.179810e-06 1.790113e-05
9.600000e+00 6.397966e-06 5.393537e-06 1.048122e-05
9.700000e+00 3.503065e-06 3.004430e-06 5.770405e-06
9.800000e+00 1.827346e-06 1.583568e-06 2.990297e-06
9.900000e+00 9.072546e-07 7.993601e-07 1.491484e-06
1.000000e+01 4.283404e-07 3.846854e-07 7.005331e-07
1.010000e+01 1.921572e-07 1.743355e-07 3.152740e-07
1.020000e+01 8.185112e-08 7.418570e-08 1.365540e-07
1.030000e+01 3.308395e-08 2.969283e-08 5.620107e-08
1.040000e+01 1.268199e-08 1.115016e-08 2.209015e-08
1.050000e+01 4.608004e-09 3.928618e-09 8.242706e-09
