#Supermassive black hole functions from TRINITY PaperIV (arXiv:2309.07210)
#z: 12.00
#log10(Mbh [Msun]) BHMF_best[Mpc^-3 dex^-1] BHMF_16th[Mpc^-3 dex^-1] BHMF_84th[Mpc^-3 dex^-1]
4.000000e+00 2.022273e-07 2.248957e-08 4.877393e-07
4.100000e+00 1.805708e-07 1.995818e-08 4.312872e-07
4.200000e+00 1.610590e-07 1.770756e-08 3.875309e-07
4.300000e+00 1.435684e-07 1.570405e-08 3.479705e-07
4.400000e+00 1.279513e-07 1.391711e-08 3.121406e-07
4.500000e+00 1.140383e-07 1.232004e-08 2.783101e-07
4.600000e+00 1.016468e-07 1.092645e-08 2.472964e-07
4.700000e+00 9.059249e-08 9.695599e-09 2.191551e-07
4.800000e+00 8.070138e-08 8.586917e-09 1.934119e-07
4.900000e+00 7.181894e-08 7.589043e-09 1.705693e-07
5.000000e+00 6.381611e-08 6.732647e-09 1.496137e-07
5.100000e+00 5.659081e-08 5.994186e-09 1.297689e-07
5.200000e+00 5.006569e-08 5.319178e-09 1.118281e-07
5.300000e+00 4.418306e-08 4.684986e-09 9.619891e-08
5.400000e+00 3.889842e-08 4.153173e-09 8.255814e-08
5.500000e+00 3.417403e-08 3.672163e-09 7.092101e-08
5.600000e+00 2.997361e-08 3.253206e-09 6.223321e-08
5.700000e+00 2.625888e-08 2.880453e-09 5.443669e-08
5.800000e+00 2.298811e-08 2.550698e-09 4.747960e-08
5.900000e+00 2.011659e-08 2.226827e-09 4.115144e-08
6.000000e+00 1.759826e-08 1.878317e-09 3.524971e-08
6.100000e+00 1.538809e-08 1.574768e-09 2.926900e-08
6.200000e+00 1.344432e-08 1.317809e-09 2.496044e-08
6.300000e+00 1.173021e-08 1.133068e-09 2.180246e-08
6.400000e+00 1.021494e-08 9.974981e-10 1.833870e-08
6.500000e+00 8.873669e-09 8.519734e-10 1.489558e-08
6.600000e+00 7.686828e-09 7.185508e-10 1.212118e-08
6.700000e+00 6.638940e-09 6.102756e-10 1.041454e-08
6.800000e+00 5.717307e-09 5.197488e-10 8.925462e-09
6.900000e+00 4.910787e-09 4.449888e-10 7.628477e-09
7.000000e+00 4.208883e-09 3.818475e-10 6.502106e-09
7.100000e+00 3.601218e-09 3.251632e-10 5.527620e-09
7.200000e+00 3.077391e-09 2.748300e-10 4.688062e-09
7.300000e+00 2.627117e-09 2.391506e-10 3.928013e-09
7.400000e+00 2.240540e-09 1.977187e-10 3.271423e-09
7.500000e+00 1.908567e-09 1.722774e-10 2.717470e-09
7.600000e+00 1.623146e-09 1.503007e-10 2.261232e-09
7.700000e+00 1.377407e-09 1.309263e-10 1.896157e-09
7.800000e+00 1.165667e-09 1.138344e-10 1.553452e-09
7.900000e+00 9.833022e-10 9.585786e-11 1.266932e-09
8.000000e+00 8.265544e-10 7.853045e-11 1.023580e-09
8.100000e+00 6.923064e-10 6.415953e-11 8.224524e-10
8.200000e+00 5.778787e-10 5.225798e-11 6.700722e-10
8.300000e+00 4.808751e-10 4.170835e-11 5.498108e-10
8.400000e+00 3.990883e-10 3.413001e-11 4.350900e-10
8.500000e+00 3.304619e-10 2.752318e-11 3.547565e-10
8.600000e+00 2.730914e-10 2.253305e-11 2.908603e-10
8.700000e+00 2.252459e-10 1.843110e-11 2.361075e-10
8.800000e+00 1.853925e-10 1.453133e-11 1.890178e-10
8.900000e+00 1.522109e-10 1.113091e-11 1.580097e-10
9.000000e+00 1.245912e-10 8.721109e-12 1.293290e-10
9.100000e+00 1.016179e-10 6.802446e-12 1.054580e-10
9.200000e+00 8.254216e-11 5.279737e-12 8.263360e-11
9.300000e+00 6.674971e-11 4.094697e-12 6.164649e-11
9.400000e+00 5.373033e-11 2.979385e-12 4.816585e-11
9.500000e+00 4.305228e-11 2.038808e-12 3.511012e-11
9.600000e+00 3.434390e-11 1.384963e-12 2.656568e-11
9.700000e+00 2.728189e-11 9.929809e-13 2.061703e-11
9.800000e+00 2.158478e-11 7.332342e-13 1.590783e-11
9.900000e+00 1.700936e-11 5.400058e-13 1.193413e-11
1.000000e+01 1.334840e-11 3.980635e-13 9.000778e-12
1.010000e+01 1.042822e-11 2.819818e-13 7.035503e-12
1.020000e+01 8.105563e-12 2.045755e-13 5.402929e-12
1.030000e+01 6.263816e-12 1.378732e-13 4.115264e-12
1.040000e+01 4.808798e-12 9.882107e-14 3.073983e-12
1.050000e+01 3.664654e-12 6.944356e-14 2.270629e-12
