#Supermassive black hole functions from TRINITY PaperIV (arXiv:2309.07210)
#z: 1.00
#log10(Mbh [Msun]) BHMF_best[Mpc^-3 dex^-1] BHMF_16th[Mpc^-3 dex^-1] BHMF_84th[Mpc^-3 dex^-1]
4.000000e+00 1.537181e-02 1.353809e-02 1.949825e-02
4.100000e+00 1.424731e-02 1.252862e-02 1.800759e-02
4.200000e+00 1.321642e-02 1.159737e-02 1.664730e-02
4.300000e+00 1.227073e-02 1.075949e-02 1.540495e-02
4.400000e+00 1.140273e-02 1.005216e-02 1.428966e-02
4.500000e+00 1.060561e-02 9.410372e-03 1.327539e-02
4.600000e+00 9.873111e-03 8.810664e-03 1.234516e-02
4.700000e+00 9.199383e-03 8.211138e-03 1.148221e-02
4.800000e+00 8.579065e-03 7.657268e-03 1.067509e-02
4.900000e+00 8.007352e-03 7.156877e-03 9.959078e-03
5.000000e+00 7.480017e-03 6.725844e-03 9.330879e-03
5.100000e+00 6.993341e-03 6.326959e-03 8.745672e-03
5.200000e+00 6.543984e-03 5.945722e-03 8.175589e-03
5.300000e+00 6.128871e-03 5.578039e-03 7.628974e-03
5.400000e+00 5.745134e-03 5.237725e-03 7.154065e-03
5.500000e+00 5.390114e-03 4.923100e-03 6.727705e-03
5.600000e+00 5.061403e-03 4.652486e-03 6.326851e-03
5.700000e+00 4.756866e-03 4.403855e-03 5.954413e-03
5.800000e+00 4.474648e-03 4.172539e-03 5.590845e-03
5.900000e+00 4.213130e-03 3.933841e-03 5.243948e-03
6.000000e+00 3.970869e-03 3.705154e-03 4.947062e-03
6.100000e+00 3.746534e-03 3.493475e-03 4.637991e-03
6.200000e+00 3.538864e-03 3.297628e-03 4.362802e-03
6.300000e+00 3.346671e-03 3.119572e-03 4.122548e-03
6.400000e+00 3.168878e-03 2.958669e-03 3.922542e-03
6.500000e+00 3.004556e-03 2.810031e-03 3.733837e-03
6.600000e+00 2.852931e-03 2.674221e-03 3.569484e-03
6.700000e+00 2.713339e-03 2.545988e-03 3.418144e-03
6.800000e+00 2.585149e-03 2.432947e-03 3.278520e-03
6.900000e+00 2.467686e-03 2.341237e-03 3.147325e-03
7.000000e+00 2.360181e-03 2.227023e-03 3.019580e-03
7.100000e+00 2.261748e-03 2.134866e-03 2.897304e-03
7.200000e+00 2.171357e-03 2.050361e-03 2.793036e-03
7.300000e+00 2.087758e-03 1.969581e-03 2.677963e-03
7.400000e+00 2.009380e-03 1.890892e-03 2.568134e-03
7.500000e+00 1.934206e-03 1.812389e-03 2.455464e-03
7.600000e+00 1.859717e-03 1.732638e-03 2.347866e-03
7.700000e+00 1.782923e-03 1.654130e-03 2.260988e-03
7.800000e+00 1.700544e-03 1.578642e-03 2.149783e-03
7.900000e+00 1.609330e-03 1.500879e-03 2.003018e-03
8.000000e+00 1.506515e-03 1.394697e-03 1.859728e-03
8.100000e+00 1.390353e-03 1.278698e-03 1.703961e-03
8.200000e+00 1.260625e-03 1.144953e-03 1.571941e-03
8.300000e+00 1.118991e-03 9.959283e-04 1.421669e-03
8.400000e+00 9.690607e-04 8.432083e-04 1.265456e-03
8.500000e+00 8.160796e-04 7.031890e-04 1.080233e-03
8.600000e+00 6.662563e-04 5.678783e-04 9.012946e-04
8.700000e+00 5.258478e-04 4.402133e-04 7.294831e-04
8.800000e+00 4.002127e-04 3.345315e-04 5.776453e-04
8.900000e+00 2.930590e-04 2.431178e-04 4.387069e-04
9.000000e+00 2.060575e-04 1.688254e-04 3.173655e-04
9.100000e+00 1.388780e-04 1.124212e-04 2.179241e-04
9.200000e+00 8.958414e-05 7.079816e-05 1.435076e-04
9.300000e+00 5.523444e-05 4.278549e-05 8.948008e-05
9.400000e+00 3.251455e-05 2.553662e-05 5.296643e-05
9.500000e+00 1.825629e-05 1.447724e-05 2.968722e-05
9.600000e+00 9.769075e-06 7.783575e-06 1.594944e-05
9.700000e+00 4.978457e-06 3.975831e-06 8.152337e-06
9.800000e+00 2.414780e-06 1.956452e-06 4.025739e-06
9.900000e+00 1.114256e-06 9.068621e-07 1.889323e-06
1.000000e+01 4.889169e-07 3.887448e-07 8.696375e-07
1.010000e+01 2.039283e-07 1.606332e-07 3.731700e-07
1.020000e+01 8.083276e-08 6.507156e-08 1.462579e-07
1.030000e+01 3.044124e-08 2.359899e-08 5.575005e-08
1.040000e+01 1.088973e-08 7.880203e-09 2.088777e-08
1.050000e+01 3.699827e-09 2.525843e-09 7.546618e-09
