#The average black hole Eddington ratio (eta) as a function of redshift and black hole mass from Trinity.
#Ref: Zhang et al. (2021)
#z log10(Mbh) log10(eta)
0.100000 5.000000 -2.224459
0.100000 5.100000 -2.235608
0.100000 5.200000 -2.248308
0.100000 5.300000 -2.262834
0.100000 5.400000 -2.279631
0.100000 5.500000 -2.299202
0.100000 5.600000 -2.321864
0.100000 5.700000 -2.347470
0.100000 5.800000 -2.375359
0.100000 5.900000 -2.404644
0.100000 6.000000 -2.434711
0.100000 6.100000 -2.465537
0.100000 6.200000 -2.497592
0.100000 6.300000 -2.531403
0.100000 6.400000 -2.567141
0.100000 6.500000 -2.604568
0.100000 6.600000 -2.643340
0.100000 6.700000 -2.683348
0.100000 6.800000 -2.724794
0.100000 6.900000 -2.767964
0.100000 7.000000 -2.812989
0.100000 7.100000 -2.859843
0.100000 7.200000 -2.908532
0.100000 7.300000 -2.959245
0.100000 7.400000 -3.012336
0.100000 7.500000 -3.068208
0.100000 7.600000 -3.127244
0.100000 7.700000 -3.189785
0.100000 7.800000 -3.256070
0.100000 7.900000 -3.326097
0.100000 8.000000 -3.399416
0.100000 8.100000 -3.474923
0.100000 8.200000 -3.550665
0.100000 8.300000 -3.623698
0.100000 8.400000 -3.690107
0.100000 8.500000 -3.745344
0.100000 8.600000 -3.785070
0.100000 8.700000 -3.806354
0.100000 8.800000 -3.808656
0.100000 8.900000 -3.793954
0.100000 9.000000 -3.765914
0.100000 9.100000 -3.728705
1.000000 5.000000 -1.520867
1.000000 5.100000 -1.524313
1.000000 5.200000 -1.526058
1.000000 5.300000 -1.525275
1.000000 5.400000 -1.521820
1.000000 5.500000 -1.516657
1.000000 5.600000 -1.511653
1.000000 5.700000 -1.508688
1.000000 5.800000 -1.508658
1.000000 5.900000 -1.511081
1.000000 6.000000 -1.514582
1.000000 6.100000 -1.517949
1.000000 6.200000 -1.521009
1.000000 6.300000 -1.524720
1.000000 6.400000 -1.530466
1.000000 6.500000 -1.539161
1.000000 6.600000 -1.550806
1.000000 6.700000 -1.564724
1.000000 6.800000 -1.580252
1.000000 6.900000 -1.597301
1.000000 7.000000 -1.616406
1.000000 7.100000 -1.638325
1.000000 7.200000 -1.663599
1.000000 7.300000 -1.692418
1.000000 7.400000 -1.724812
1.000000 7.500000 -1.760877
1.000000 7.600000 -1.800834
1.000000 7.700000 -1.844919
1.000000 7.800000 -1.893263
1.000000 7.900000 -1.945855
1.000000 8.000000 -2.002558
1.000000 8.100000 -2.063123
1.000000 8.200000 -2.127197
1.000000 8.300000 -2.194328
1.000000 8.400000 -2.263988
1.000000 8.500000 -2.335597
1.000000 8.600000 -2.408526
1.000000 8.700000 -2.482089
1.000000 8.800000 -2.555509
1.000000 8.900000 -2.627870
1.000000 9.000000 -2.698077
1.000000 9.100000 -2.764815
1.000000 9.200000 -2.826552
2.000000 5.000000 -1.184012
2.000000 5.100000 -1.185385
2.000000 5.200000 -1.186261
2.000000 5.300000 -1.185729
2.000000 5.400000 -1.182964
2.000000 5.500000 -1.177791
2.000000 5.600000 -1.171042
2.000000 5.700000 -1.164235
2.000000 5.800000 -1.158696
2.000000 5.900000 -1.154790
2.000000 6.000000 -1.151872
2.000000 6.100000 -1.148972
2.000000 6.200000 -1.145690
2.000000 6.300000 -1.142562
2.000000 6.400000 -1.140645
2.000000 6.500000 -1.140732
2.000000 6.600000 -1.142853
2.000000 6.700000 -1.146427
2.000000 6.800000 -1.150876
2.000000 6.900000 -1.156165
2.000000 7.000000 -1.162853
2.000000 7.100000 -1.171677
2.000000 7.200000 -1.183095
2.000000 7.300000 -1.197161
2.000000 7.400000 -1.213756
2.000000 7.500000 -1.232897
2.000000 7.600000 -1.254840
2.000000 7.700000 -1.279951
2.000000 7.800000 -1.308513
2.000000 7.900000 -1.340651
2.000000 8.000000 -1.376360
2.000000 8.100000 -1.415550
2.000000 8.200000 -1.458053
2.000000 8.300000 -1.503605
2.000000 8.400000 -1.551851
2.000000 8.500000 -1.602369
2.000000 8.600000 -1.654709
2.000000 8.700000 -1.708429
2.000000 8.800000 -1.763117
2.000000 8.900000 -1.818409
2.000000 9.000000 -1.873995
2.000000 9.100000 -1.929620
2.000000 9.200000 -1.985081
3.000000 5.000000 -0.967907
3.000000 5.100000 -0.963865
3.000000 5.200000 -0.958442
3.000000 5.300000 -0.952370
3.000000 5.400000 -0.946554
3.000000 5.500000 -0.941574
3.000000 5.600000 -0.937319
3.000000 5.700000 -0.933117
3.000000 5.800000 -0.928349
3.000000 5.900000 -0.923032
3.000000 6.000000 -0.917830
3.000000 6.100000 -0.913472
3.000000 6.200000 -0.910143
3.000000 6.300000 -0.907395
3.000000 6.400000 -0.904615
3.000000 6.500000 -0.901632
3.000000 6.600000 -0.898889
3.000000 6.700000 -0.897068
3.000000 6.800000 -0.896540
3.000000 6.900000 -0.897160
3.000000 7.000000 -0.898537
3.000000 7.100000 -0.900497
3.000000 7.200000 -0.903304
3.000000 7.300000 -0.907482
3.000000 7.400000 -0.913450
3.000000 7.500000 -0.921333
3.000000 7.600000 -0.931075
3.000000 7.700000 -0.942687
3.000000 7.800000 -0.956378
3.000000 7.900000 -0.972475
3.000000 8.000000 -0.991256
3.000000 8.100000 -1.012853
3.000000 8.200000 -1.037270
3.000000 8.300000 -1.064438
3.000000 8.400000 -1.094233
3.000000 8.500000 -1.126456
3.000000 8.600000 -1.160822
3.000000 8.700000 -1.196972
3.000000 8.800000 -1.234513
3.000000 8.900000 -1.273053
3.000000 9.000000 -1.312222
3.000000 9.100000 -1.351693
3.000000 9.200000 -1.391189
3.000000 9.300000 -1.430488
4.000000 5.000000 -0.739719
4.000000 5.100000 -0.734090
4.000000 5.200000 -0.729167
4.000000 5.300000 -0.725425
4.000000 5.400000 -0.722837
4.000000 5.500000 -0.720805
4.000000 5.600000 -0.718514
4.000000 5.700000 -0.715528
4.000000 5.800000 -0.712104
4.000000 5.900000 -0.708915
4.000000 6.000000 -0.706413
4.000000 6.100000 -0.704446
4.000000 6.200000 -0.702440
4.000000 6.300000 -0.699963
4.000000 6.400000 -0.697134
4.000000 6.500000 -0.694502
4.000000 6.600000 -0.692537
4.000000 6.700000 -0.691235
4.000000 6.800000 -0.690200
4.000000 6.900000 -0.689077
4.000000 7.000000 -0.687926
4.000000 7.100000 -0.687172
4.000000 7.200000 -0.687239
4.000000 7.300000 -0.688230
4.000000 7.400000 -0.689956
4.000000 7.500000 -0.692234
4.000000 7.600000 -0.695154
4.000000 7.700000 -0.699062
4.000000 7.800000 -0.704325
4.000000 7.900000 -0.711137
4.000000 8.000000 -0.719522
4.000000 8.100000 -0.729494
4.000000 8.200000 -0.741184
4.000000 8.300000 -0.754823
4.000000 8.400000 -0.770615
4.000000 8.500000 -0.788646
4.000000 8.600000 -0.808874
4.000000 8.700000 -0.831177
4.000000 8.800000 -0.855387
4.000000 8.900000 -0.881301
4.000000 9.000000 -0.908666
4.000000 9.100000 -0.937193
4.000000 9.200000 -0.966575
4.000000 9.300000 -0.996516
4.000000 9.400000 -1.026752
5.000000 5.000000 -0.492591
5.000000 5.100000 -0.489561
5.000000 5.200000 -0.488200
5.000000 5.300000 -0.488250
5.000000 5.400000 -0.488956
5.000000 5.500000 -0.489365
5.000000 5.600000 -0.488878
5.000000 5.700000 -0.487652
5.000000 5.800000 -0.486416
5.000000 5.900000 -0.485827
5.000000 6.000000 -0.485920
5.000000 6.100000 -0.486127
5.000000 6.200000 -0.485802
5.000000 6.300000 -0.484803
5.000000 6.400000 -0.483589
5.000000 6.500000 -0.482778
5.000000 6.600000 -0.482596
5.000000 6.700000 -0.482720
5.000000 6.800000 -0.482615
5.000000 6.900000 -0.482049
5.000000 7.000000 -0.481291
5.000000 7.100000 -0.480841
5.000000 7.200000 -0.480979
5.000000 7.300000 -0.481560
5.000000 7.400000 -0.482225
5.000000 7.500000 -0.482788
5.000000 7.600000 -0.483435
5.000000 7.700000 -0.484561
5.000000 7.800000 -0.486450
5.000000 7.900000 -0.489100
5.000000 8.000000 -0.492352
5.000000 8.100000 -0.496145
5.000000 8.200000 -0.500656
5.000000 8.300000 -0.506215
5.000000 8.400000 -0.513103
5.000000 8.500000 -0.521438
5.000000 8.600000 -0.531216
5.000000 8.700000 -0.542434
5.000000 8.800000 -0.555164
5.000000 8.900000 -0.569517
5.000000 9.000000 -0.585547
5.000000 9.100000 -0.603195
5.000000 9.200000 -0.622293
5.000000 9.300000 -0.642625
6.000000 5.000000 -0.231777
6.000000 5.100000 -0.237261
6.000000 5.200000 -0.242885
6.000000 5.300000 -0.247673
6.000000 5.400000 -0.250759
6.000000 5.500000 -0.251963
6.000000 5.600000 -0.252027
6.000000 5.700000 -0.252175
6.000000 5.800000 -0.253290
6.000000 5.900000 -0.255350
6.000000 6.000000 -0.257551
6.000000 6.100000 -0.258982
6.000000 6.200000 -0.259368
6.000000 6.300000 -0.259258
6.000000 6.400000 -0.259529
6.000000 6.500000 -0.260656
6.000000 6.600000 -0.262373
6.000000 6.700000 -0.263933
6.000000 6.800000 -0.264748
6.000000 6.900000 -0.264868
6.000000 7.000000 -0.264896
6.000000 7.100000 -0.265437
6.000000 7.200000 -0.266605
6.000000 7.300000 -0.267978
6.000000 7.400000 -0.269008
6.000000 7.500000 -0.269506
6.000000 7.600000 -0.269792
6.000000 7.700000 -0.270384
6.000000 7.800000 -0.271555
6.000000 7.900000 -0.273157
6.000000 8.000000 -0.274825
6.000000 8.100000 -0.276349
6.000000 8.200000 -0.277888
6.000000 8.300000 -0.279841
6.000000 8.400000 -0.282535
6.000000 8.500000 -0.286032
6.000000 8.600000 -0.290185
6.000000 8.700000 -0.294864
6.000000 8.800000 -0.300142
7.000000 5.000000 -0.039665
7.000000 5.100000 -0.040065
7.000000 5.200000 -0.038752
7.000000 5.300000 -0.036451
7.000000 5.400000 -0.034500
7.000000 5.500000 -0.034242
7.000000 5.600000 -0.036271
7.000000 5.700000 -0.040031
7.000000 5.800000 -0.044070
7.000000 5.900000 -0.046883
7.000000 6.000000 -0.047883
7.000000 6.100000 -0.047765
7.000000 6.200000 -0.047923
7.000000 6.300000 -0.049423
7.000000 6.400000 -0.052320
7.000000 6.500000 -0.055693
7.000000 6.600000 -0.058307
7.000000 6.700000 -0.059487
7.000000 6.800000 -0.059603
7.000000 6.900000 -0.059724
7.000000 7.000000 -0.060772
7.000000 7.100000 -0.062895
7.000000 7.200000 -0.065419
7.000000 7.300000 -0.067386
7.000000 7.400000 -0.068268
7.000000 7.500000 -0.068360
7.000000 7.600000 -0.068489
7.000000 7.700000 -0.069335
7.000000 7.800000 -0.070949
7.000000 7.900000 -0.072779
8.000000 5.000000 0.210122
8.000000 5.100000 0.202751
8.000000 5.200000 0.193803
8.000000 5.300000 0.184216
8.000000 5.400000 0.175629
8.000000 5.500000 0.169873
8.000000 5.600000 0.167916
8.000000 5.700000 0.168991
8.000000 5.800000 0.170877
8.000000 5.900000 0.171228
8.000000 6.000000 0.168829
8.000000 6.100000 0.164038
8.000000 6.200000 0.158481
8.000000 6.300000 0.154217
8.000000 6.400000 0.152571
8.000000 6.500000 0.153264
8.000000 6.600000 0.154621
8.000000 6.700000 0.154758
9.000000 5.000000 0.346284
9.000000 5.100000 0.358231
9.000000 5.200000 0.369250
9.000000 5.300000 0.376862
9.000000 5.400000 0.379336
9.000000 5.500000 0.376329
9.000000 5.600000 0.368969
9.000000 5.700000 0.359617
9.000000 5.800000 0.351373
9.000000 5.900000 0.347095
9.000000 6.000000 0.347900
10.000000 5.000000 0.533876
10.000000 5.100000 0.527119
10.000000 5.200000 0.524110
