#BH_alpha: -0.384663
#BH_delpha: 1.888148
-10.000000 -inf -4.098606
-10.100000 -inf -4.090648
-10.200000 -inf -4.082833
-10.300000 -inf -4.074983
-10.400000 -inf -4.067104
-10.500000 -inf -4.059365
-10.600000 -inf -4.051427
-10.700000 -inf -4.043631
-10.800000 -inf -4.035803
-10.900000 -inf -4.027945
-11.000000 -inf -4.020228
-11.100000 -inf -4.012226
-11.200000 -inf -4.004370
-11.300000 -inf -3.996418
-11.400000 -inf -3.988379
-11.500000 -inf -3.980486
-11.600000 -inf -3.972238
-11.700000 -inf -3.964144
-11.800000 -inf -3.955932
-11.900000 -inf -3.947612
-12.000000 -inf -3.939448
-12.100000 -inf -3.931017
-12.200000 -inf -3.922747
-12.300000 -inf -3.914664
-12.400000 -inf -3.906761
-12.500000 -inf -3.898999
-12.600000 -inf -3.892051
-12.700000 -inf -3.885212
-12.800000 -inf -3.878826
-12.900000 -inf -3.872876
-13.000000 -inf -3.867006
-13.100000 -inf -3.861341
-13.200000 -inf -3.855749
-13.300000 -inf -3.850196
-13.400000 -inf -3.844680
-13.500000 -inf -3.839233
-13.600000 -inf -3.833856
-13.700000 -inf -3.828544
-13.800000 -inf -3.823333
-13.900000 -inf -3.818220
-14.000000 -inf -3.813167
-14.100000 -inf -3.808379
-14.200000 -inf -3.803643
-14.300000 -inf -3.799136
-14.400000 -inf -3.794850
-14.500000 -inf -3.790607
-14.600000 -inf -3.786934
-14.700000 -inf -3.783292
-14.800000 -inf -3.780001
-14.900000 -inf -3.777054
-15.000000 -inf -3.774126
-15.100000 -inf -3.772063
-15.200000 -inf -3.770010
-15.300000 -inf -3.768476
-15.400000 -inf -3.767458
-15.500000 -inf -3.766442
-15.600000 -inf -3.766606
-15.700000 -inf -3.766772
-15.800000 -inf -3.767610
-15.900000 -inf -3.769126
-16.000000 -inf -3.770647
-16.100000 -inf -3.773667
-16.200000 -inf -3.776707
-16.300000 -inf -3.780527
-16.400000 -inf -3.785145
-16.500000 -inf -3.789814
-16.600000 -inf -3.796162
-16.700000 -inf -3.802604
-16.800000 -inf -3.809952
-16.900000 -inf -3.818250
-17.000000 -inf -3.826711
-17.100000 -inf -3.836823
-17.200000 -inf -3.847177
-17.300000 -inf -3.858446
-17.400000 -inf -3.870696
-17.500000 -inf -3.883301
-17.600000 -inf -3.897400
-17.700000 -inf -3.911971
-17.800000 -inf -3.927436
-17.900000 -inf -3.943872
-18.000000 -inf -3.960956
-18.100000 -inf -3.979162
-18.200000 -inf -3.998164
-18.300000 -inf -4.017981
-18.400000 -inf -4.038689
-18.500000 -inf -4.060434
-18.600000 -inf -4.082458
-18.700000 -inf -4.105659
-18.800000 -inf -4.129466
-18.900000 -inf -4.153910
-19.000000 -inf -4.179811
-19.100000 -inf -4.205236
-19.200000 -inf -4.232241
-19.300000 -inf -4.259731
-19.400000 -inf -4.287684
-19.500000 -inf -4.317560
-19.600000 -inf -4.345973
-19.700000 -inf -4.376375
-19.800000 -inf -4.407004
-19.900000 -inf -4.437743
-20.000000 -inf -4.470825
-20.100000 -inf -4.501742
-20.200000 -inf -4.535028
-20.300000 -inf -4.568452
-20.400000 -inf -4.601826
-20.500000 -inf -4.637980
-20.600000 -inf -4.671002
-20.700000 -inf -4.706742
-20.800000 -inf -4.742441
-20.900000 -inf -4.777815
-21.000000 -inf -4.816328
-21.100000 -inf -4.851300
-21.200000 -inf -4.889338
-21.300000 -inf -4.927392
-21.400000 -inf -4.965133
-21.500000 -inf -5.006470
-21.600000 -inf -5.043706
-21.700000 -inf -5.084436
-21.800000 -inf -5.125092
-21.900000 -inf -5.165239
-22.000000 -inf -5.209479
-22.100000 -inf -5.249144
-22.200000 -inf -5.292799
-22.300000 -inf -5.336682
-22.400000 -inf -5.380353
-22.500000 -inf -5.428911
-22.600000 -inf -5.472322
-22.700000 -inf -5.520560
-22.800000 -inf -5.568932
-22.900000 -inf -5.616780
-23.000000 -inf -5.670561
-23.100000 -inf -5.717889
-23.200000 -inf -5.771012
-23.300000 -inf -5.824232
-23.400000 -inf -5.876630
-23.500000 -inf -5.936228
-23.600000 -inf -5.988220
-23.700000 -inf -6.047294
-23.800000 -inf -6.106386
-23.900000 -inf -6.164162
-24.000000 -inf -6.230821
-24.100000 -inf -6.287157
-24.200000 -inf -6.351907
-24.300000 -inf -6.416472
-24.400000 -inf -6.478965
-24.500000 -inf -6.551987
-24.600000 -inf -6.611997
-24.700000 -inf -6.681648
-24.800000 -inf -6.750793
-24.900000 -inf -6.816899
-25.000000 -inf -6.894906
-25.100000 -inf -6.957483
-25.200000 -inf -7.030620
-25.300000 -inf -7.103045
-25.400000 -inf -7.171713
-25.500000 -inf -7.253316
-25.600000 -inf -7.317873
-25.700000 -inf -7.393730
-25.800000 -inf -7.468687
-25.900000 -inf -7.539251
-26.000000 -inf -7.623547
-26.100000 -inf -7.689187
-26.200000 -inf -7.766546
-26.300000 -inf -7.842808
-26.400000 -inf -7.914164
-26.500000 -inf -7.999595
-26.600000 -inf -8.065918
-26.700000 -inf -8.144228
-26.800000 -inf -8.221574
-26.900000 -inf -8.294086
-27.000000 -inf -8.381179
-27.100000 -inf -8.448883
-27.200000 -inf -8.529127
-27.300000 -inf -8.608528
-27.400000 -inf -8.682990
-27.500000 -inf -8.772917
-27.600000 -inf -8.842563
-27.700000 -inf -8.925553
-27.800000 -inf -9.007956
-27.900000 -inf -9.085388
-28.000000 -inf -9.179689
-28.100000 -inf -9.252715
-28.200000 -inf -9.340554
-28.300000 -inf -9.428220
-28.400000 -inf -9.510741
-28.500000 -inf -9.612709
-28.600000 -inf -9.690513
-28.700000 -inf -9.785367
-28.800000 -inf -9.880169
-28.900000 -inf -9.968617
-29.000000 -inf -10.079807
-29.100000 -inf -10.162784
-29.200000 -inf -10.265451
-29.300000 -inf -10.368564
-29.400000 -inf -10.464293
-29.500000 -inf -10.587270
-29.600000 -inf -10.676924
-29.700000 -inf -10.790034
-29.800000 -inf -10.904166
-29.900000 -inf -11.008858
-30.000000 -inf -11.147083
-30.100000 -inf -11.244299
-30.200000 -inf -11.369747
-30.300000 -inf -11.496825
-30.400000 -inf -11.610953
-30.500000 -inf -11.766199
-30.600000 -inf -11.870038
-30.700000 -inf -12.006777
-30.800000 -inf -12.145520
-30.900000 -inf -12.266678
-31.000000 -inf -12.435304
-31.100000 -inf -12.543825
-31.200000 -inf -12.688831
-31.300000 -inf -12.836882
-31.400000 -inf -12.964736
-31.500000 -inf -13.146716
-31.600000 -inf -13.261259
-31.700000 -inf -13.417278
-31.800000 -inf -13.577704
-31.900000 -inf -13.713379
-32.000000 -inf -13.911775
-32.100000 -inf -14.031102
-32.200000 -inf -14.196183
-32.300000 -inf -14.366689
-32.400000 -inf -14.507468
-32.500000 -inf -14.717086
-32.600000 -inf -14.839554
-32.700000 -inf -15.010746
-32.800000 -inf -15.188242
-32.900000 -inf -15.332486
-33.000000 -inf -15.549971
-33.100000 -inf -15.674964
-33.200000 -inf -15.851165
-33.300000 -inf -16.035411
-33.400000 -inf -16.185418
-33.500000 -inf -16.416456
-33.600000 -inf -16.549495
-33.700000 -inf -16.742256
-33.800000 -inf -16.949559
-33.900000 -inf -17.119002
-34.000000 -inf -17.400677
