#Black hole mass function (BHMF) from z=0-10, from Trinity
#Ref: Zhang et al. (2021)
#z log(Mbh)[Msun] log(Number Density)[Mpc^-3 dex^-1] log(16-th Percentile of Number Density)[Mpc^-3 dex^-1] log(84-th Percentile of Number Density)[Mpc^-3 dex^-1]
0.100000 4.000000 -1.554560 -1.615524 -1.495821
0.100000 4.100000 -1.587652 -1.647805 -1.532078
0.100000 4.200000 -1.620276 -1.679544 -1.567744
0.100000 4.300000 -1.652422 -1.710404 -1.600357
0.100000 4.400000 -1.684543 -1.740194 -1.632155
0.100000 4.500000 -1.716439 -1.769517 -1.663620
0.100000 4.600000 -1.747857 -1.798440 -1.694866
0.100000 4.700000 -1.778806 -1.826959 -1.727216
0.100000 4.800000 -1.809289 -1.855069 -1.759073
0.100000 4.900000 -1.839271 -1.882768 -1.790444
0.100000 5.000000 -1.868716 -1.910060 -1.821337
0.100000 5.100000 -1.897805 -1.936955 -1.851846
0.100000 5.200000 -1.926416 -1.963463 -1.882029
0.100000 5.300000 -1.954660 -1.989587 -1.911435
0.100000 5.400000 -1.981939 -2.015318 -1.940007
0.100000 5.500000 -2.008109 -2.041630 -1.967928
0.100000 5.600000 -2.034760 -2.067727 -1.994771
0.100000 5.700000 -2.061126 -2.093383 -2.022353
0.100000 5.800000 -2.086900 -2.118578 -2.049202
0.100000 5.900000 -2.111819 -2.143140 -2.074971
0.100000 6.000000 -2.135870 -2.166508 -2.100196
0.100000 6.100000 -2.159372 -2.189327 -2.124845
0.100000 6.200000 -2.182839 -2.211511 -2.148876
0.100000 6.300000 -2.205044 -2.232805 -2.173417
0.100000 6.400000 -2.226054 -2.253621 -2.197763
0.100000 6.500000 -2.246880 -2.273576 -2.221190
0.100000 6.600000 -2.266915 -2.291545 -2.243394
0.100000 6.700000 -2.286606 -2.309704 -2.264338
0.100000 6.800000 -2.305736 -2.327499 -2.283624
0.100000 6.900000 -2.324119 -2.343303 -2.301627
0.100000 7.000000 -2.340751 -2.358086 -2.319399
0.100000 7.100000 -2.355606 -2.373195 -2.336611
0.100000 7.200000 -2.370421 -2.387805 -2.352902
0.100000 7.300000 -2.386327 -2.401878 -2.368620
0.100000 7.400000 -2.400773 -2.417151 -2.384040
0.100000 7.500000 -2.417121 -2.435244 -2.400146
0.100000 7.600000 -2.434888 -2.457447 -2.416877
0.100000 7.700000 -2.458328 -2.482404 -2.435190
0.100000 7.800000 -2.486408 -2.511825 -2.455204
0.100000 7.900000 -2.521063 -2.547595 -2.480640
0.100000 8.000000 -2.562690 -2.592750 -2.516773
0.100000 8.100000 -2.612173 -2.647295 -2.559820
0.100000 8.200000 -2.672736 -2.714916 -2.615872
0.100000 8.300000 -2.744983 -2.793519 -2.678977
0.100000 8.400000 -2.829268 -2.883981 -2.755844
0.100000 8.500000 -2.928830 -2.989098 -2.848433
0.100000 8.600000 -3.043568 -3.109952 -2.956758
0.100000 8.700000 -3.175942 -3.248305 -3.082661
0.100000 8.800000 -3.325944 -3.403345 -3.225611
0.100000 8.900000 -3.493388 -3.578121 -3.387572
0.100000 9.000000 -3.673409 -3.769637 -3.567843
0.100000 9.100000 -3.881419 -3.979237 -3.764840
0.100000 9.200000 -4.104943 -4.205019 -3.972731
0.100000 9.300000 -4.339390 -4.451700 -4.210518
0.100000 9.400000 -4.599532 -4.719741 -4.469596
0.100000 9.500000 -4.877965 -4.999363 -4.742353
0.100000 9.600000 -5.182934 -5.307040 -5.051365
0.100000 9.700000 -5.507248 -5.636213 -5.379526
0.100000 9.800000 -5.846535 -5.988447 -5.714771
0.100000 9.900000 -6.217427 -6.367034 -6.079790
0.100000 10.000000 -6.621662 -6.761579 -6.455238
0.100000 10.100000 -7.036611 -7.183926 -6.843846
0.100000 10.200000 -7.468700 -7.634959 -7.262581
0.100000 10.300000 -7.922372 -8.107308 -7.699011
0.100000 10.400000 -8.410048 -8.602946 -8.149162
0.100000 10.500000 -8.923969 -9.123164 -8.620784
0.500000 4.000000 -1.609455 -1.670952 -1.533015
0.500000 4.100000 -1.644110 -1.705366 -1.571236
0.500000 4.200000 -1.678106 -1.738703 -1.607910
0.500000 4.300000 -1.711478 -1.770920 -1.644267
0.500000 4.400000 -1.744341 -1.801843 -1.679921
0.500000 4.500000 -1.776842 -1.832009 -1.714880
0.500000 4.600000 -1.808686 -1.861554 -1.749148
0.500000 4.700000 -1.840083 -1.890486 -1.780852
0.500000 4.800000 -1.870339 -1.918833 -1.812228
0.500000 4.900000 -1.899972 -1.946630 -1.844179
0.500000 5.000000 -1.929148 -1.973816 -1.875554
0.500000 5.100000 -1.958031 -2.000167 -1.906376
0.500000 5.200000 -1.986923 -2.027671 -1.936623
0.500000 5.300000 -2.015183 -2.052577 -1.966303
0.500000 5.400000 -2.042438 -2.077242 -1.995415
0.500000 5.500000 -2.069173 -2.102051 -2.023956
0.500000 5.600000 -2.094798 -2.126304 -2.051308
0.500000 5.700000 -2.120016 -2.150363 -2.077901
0.500000 5.800000 -2.144669 -2.174222 -2.104303
0.500000 5.900000 -2.168491 -2.197299 -2.130185
0.500000 6.000000 -2.191836 -2.219625 -2.155239
0.500000 6.100000 -2.214106 -2.241148 -2.179739
0.500000 6.200000 -2.236304 -2.261812 -2.203453
0.500000 6.300000 -2.257409 -2.282150 -2.226425
0.500000 6.400000 -2.277660 -2.302310 -2.248011
0.500000 6.500000 -2.297079 -2.321646 -2.268584
0.500000 6.600000 -2.315649 -2.340098 -2.288159
0.500000 6.700000 -2.333138 -2.357597 -2.306671
0.500000 6.800000 -2.349667 -2.373541 -2.324060
0.500000 6.900000 -2.365501 -2.387748 -2.341654
0.500000 7.000000 -2.379818 -2.400848 -2.359041
0.500000 7.100000 -2.392592 -2.413714 -2.375177
0.500000 7.200000 -2.406983 -2.426502 -2.389507
0.500000 7.300000 -2.420366 -2.439112 -2.402102
0.500000 7.400000 -2.433980 -2.453930 -2.415518
0.500000 7.500000 -2.448163 -2.470487 -2.429353
0.500000 7.600000 -2.467087 -2.489038 -2.447226
0.500000 7.700000 -2.486613 -2.509148 -2.464187
0.500000 7.800000 -2.512753 -2.537936 -2.481170
0.500000 7.900000 -2.545460 -2.571363 -2.508747
0.500000 8.000000 -2.586239 -2.616470 -2.543227
0.500000 8.100000 -2.634154 -2.671285 -2.585014
0.500000 8.200000 -2.692525 -2.736442 -2.637590
0.500000 8.300000 -2.761080 -2.810279 -2.699812
0.500000 8.400000 -2.843710 -2.899438 -2.776747
0.500000 8.500000 -2.938631 -3.001594 -2.866835
0.500000 8.600000 -3.052816 -3.122167 -2.973812
0.500000 8.700000 -3.182257 -3.257489 -3.094926
0.500000 8.800000 -3.333086 -3.410881 -3.235647
0.500000 8.900000 -3.494956 -3.581128 -3.397044
0.500000 9.000000 -3.681337 -3.765382 -3.578957
0.500000 9.100000 -3.887042 -3.973498 -3.778436
0.500000 9.200000 -4.112319 -4.202719 -3.996236
0.500000 9.300000 -4.355643 -4.451716 -4.229385
0.500000 9.400000 -4.612611 -4.721305 -4.490048
0.500000 9.500000 -4.886978 -5.009247 -4.770580
0.500000 9.600000 -5.194188 -5.319440 -5.077262
0.500000 9.700000 -5.515476 -5.662172 -5.409204
0.500000 9.800000 -5.868990 -6.011177 -5.750070
0.500000 9.900000 -6.249256 -6.398950 -6.126758
0.500000 10.000000 -6.659573 -6.800019 -6.494378
0.500000 10.100000 -7.091568 -7.226456 -6.905983
0.500000 10.200000 -7.521761 -7.688603 -7.342475
0.500000 10.300000 -7.978119 -8.174683 -7.784848
0.500000 10.400000 -8.474728 -8.684559 -8.238895
0.500000 10.500000 -8.999168 -9.212429 -8.727081
1.000000 4.000000 -1.660367 -1.720773 -1.591853
1.000000 4.100000 -1.697394 -1.755971 -1.630946
1.000000 4.200000 -1.733552 -1.790610 -1.668951
1.000000 4.300000 -1.769434 -1.824687 -1.706379
1.000000 4.400000 -1.804999 -1.858204 -1.743413
1.000000 4.500000 -1.838801 -1.890934 -1.779957
1.000000 4.600000 -1.873070 -1.922984 -1.815215
1.000000 4.700000 -1.906913 -1.954404 -1.850371
1.000000 4.800000 -1.939682 -1.985290 -1.884275
1.000000 4.900000 -1.971841 -2.014995 -1.917933
1.000000 5.000000 -2.003387 -2.044102 -1.951094
1.000000 5.100000 -2.034320 -2.073638 -1.983123
1.000000 5.200000 -2.064645 -2.102816 -2.013986
1.000000 5.300000 -2.093903 -2.131340 -2.045080
1.000000 5.400000 -2.122260 -2.159314 -2.075157
1.000000 5.500000 -2.150247 -2.187378 -2.104649
1.000000 5.600000 -2.178894 -2.215352 -2.133623
1.000000 5.700000 -2.206645 -2.242772 -2.162077
1.000000 5.800000 -2.233423 -2.269461 -2.190676
1.000000 5.900000 -2.259990 -2.293817 -2.219274
1.000000 6.000000 -2.285944 -2.317458 -2.247166
1.000000 6.100000 -2.310705 -2.341667 -2.274329
1.000000 6.200000 -2.334552 -2.365236 -2.300013
1.000000 6.300000 -2.358385 -2.388119 -2.324967
1.000000 6.400000 -2.381471 -2.410093 -2.349428
1.000000 6.500000 -2.403417 -2.431238 -2.373169
1.000000 6.600000 -2.424120 -2.450483 -2.395652
1.000000 6.700000 -2.443940 -2.469633 -2.416432
1.000000 6.800000 -2.462871 -2.489025 -2.437332
1.000000 6.900000 -2.480742 -2.506961 -2.456488
1.000000 7.000000 -2.498086 -2.523279 -2.474927
1.000000 7.100000 -2.515063 -2.539704 -2.492321
1.000000 7.200000 -2.531129 -2.555971 -2.509796
1.000000 7.300000 -2.546898 -2.571170 -2.526745
1.000000 7.400000 -2.563737 -2.588090 -2.543509
1.000000 7.500000 -2.581265 -2.604643 -2.559903
1.000000 7.600000 -2.600957 -2.622956 -2.578641
1.000000 7.700000 -2.622852 -2.646987 -2.599291
1.000000 7.800000 -2.649426 -2.676696 -2.621934
1.000000 7.900000 -2.681942 -2.713087 -2.648873
1.000000 8.000000 -2.721015 -2.755285 -2.681328
1.000000 8.100000 -2.767804 -2.808288 -2.723254
1.000000 8.200000 -2.824905 -2.868783 -2.773695
1.000000 8.300000 -2.891597 -2.939786 -2.832883
1.000000 8.400000 -2.970042 -3.026281 -2.907512
1.000000 8.500000 -3.060248 -3.125824 -2.991259
1.000000 8.600000 -3.169190 -3.241394 -3.094083
1.000000 8.700000 -3.296174 -3.371067 -3.213080
1.000000 8.800000 -3.435527 -3.515968 -3.345614
1.000000 8.900000 -3.592878 -3.673367 -3.496599
1.000000 9.000000 -3.769341 -3.849151 -3.667072
1.000000 9.100000 -3.968890 -4.049531 -3.858091
1.000000 9.200000 -4.187775 -4.271560 -4.073653
1.000000 9.300000 -4.417600 -4.499627 -4.310515
1.000000 9.400000 -4.674702 -4.756209 -4.569749
1.000000 9.500000 -4.950187 -5.032379 -4.848951
1.000000 9.600000 -5.242891 -5.345182 -5.142143
1.000000 9.700000 -5.552224 -5.670821 -5.461246
1.000000 9.800000 -5.894891 -6.006258 -5.797913
1.000000 9.900000 -6.254483 -6.377654 -6.157849
1.000000 10.000000 -6.652268 -6.781854 -6.528539
1.000000 10.100000 -7.069194 -7.201176 -6.932521
1.000000 10.200000 -7.503320 -7.642672 -7.356104
1.000000 10.300000 -7.963730 -8.113500 -7.789841
1.000000 10.400000 -8.439661 -8.612181 -8.243069
1.000000 10.500000 -8.961303 -9.152676 -8.717507
2.000000 4.000000 -1.846969 -1.904603 -1.777422
2.000000 4.100000 -1.882414 -1.940226 -1.816061
2.000000 4.200000 -1.917711 -1.975440 -1.854477
2.000000 4.300000 -1.953025 -2.010468 -1.892397
2.000000 4.400000 -1.989676 -2.045525 -1.930569
2.000000 4.500000 -2.026474 -2.080827 -1.969419
2.000000 4.600000 -2.063259 -2.115837 -2.006952
2.000000 4.700000 -2.100430 -2.150480 -2.043043
2.000000 4.800000 -2.137553 -2.184695 -2.079751
2.000000 4.900000 -2.174440 -2.219530 -2.116425
2.000000 5.000000 -2.211090 -2.253900 -2.152873
2.000000 5.100000 -2.247580 -2.288069 -2.189124
2.000000 5.200000 -2.283997 -2.322331 -2.225179
2.000000 5.300000 -2.319096 -2.356482 -2.261039
2.000000 5.400000 -2.353353 -2.391076 -2.295475
2.000000 5.500000 -2.387557 -2.424634 -2.329578
2.000000 5.600000 -2.421303 -2.457608 -2.363477
2.000000 5.700000 -2.454389 -2.490781 -2.397231
2.000000 5.800000 -2.489011 -2.523762 -2.430966
2.000000 5.900000 -2.522312 -2.556498 -2.464603
2.000000 6.000000 -2.555346 -2.588988 -2.499798
2.000000 6.100000 -2.589036 -2.621228 -2.534927
2.000000 6.200000 -2.622336 -2.653213 -2.570032
2.000000 6.300000 -2.654920 -2.684833 -2.604861
2.000000 6.400000 -2.687146 -2.715912 -2.639398
2.000000 6.500000 -2.718533 -2.745767 -2.671672
2.000000 6.600000 -2.748850 -2.775409 -2.703040
2.000000 6.700000 -2.778841 -2.807434 -2.734447
2.000000 6.800000 -2.809100 -2.838300 -2.765603
2.000000 6.900000 -2.839156 -2.869458 -2.798713
2.000000 7.000000 -2.869512 -2.899028 -2.830708
2.000000 7.100000 -2.899383 -2.928822 -2.860738
2.000000 7.200000 -2.928707 -2.958671 -2.892889
2.000000 7.300000 -2.959562 -2.988705 -2.925119
2.000000 7.400000 -2.990766 -3.019932 -2.956496
2.000000 7.500000 -3.021506 -3.051014 -2.986163
2.000000 7.600000 -3.053262 -3.084338 -3.018024
2.000000 7.700000 -3.087051 -3.119759 -3.051577
2.000000 7.800000 -3.122785 -3.158755 -3.086023
2.000000 7.900000 -3.161692 -3.201492 -3.125723
2.000000 8.000000 -3.210216 -3.248382 -3.168556
2.000000 8.100000 -3.260650 -3.301260 -3.216628
2.000000 8.200000 -3.319811 -3.361326 -3.272252
2.000000 8.300000 -3.385857 -3.431565 -3.336747
2.000000 8.400000 -3.462662 -3.510703 -3.409871
2.000000 8.500000 -3.546573 -3.602798 -3.492143
2.000000 8.600000 -3.644041 -3.706042 -3.586283
2.000000 8.700000 -3.754584 -3.821950 -3.690685
2.000000 8.800000 -3.877527 -3.954293 -3.811001
2.000000 8.900000 -4.018262 -4.098721 -3.944690
2.000000 9.000000 -4.173571 -4.257472 -4.096342
2.000000 9.100000 -4.346065 -4.431549 -4.264218
2.000000 9.200000 -4.537541 -4.624085 -4.450528
2.000000 9.300000 -4.746267 -4.834310 -4.655160
2.000000 9.400000 -4.967338 -5.061434 -4.875977
2.000000 9.500000 -5.206978 -5.304928 -5.123056
2.000000 9.600000 -5.472438 -5.567647 -5.389690
2.000000 9.700000 -5.751776 -5.838623 -5.672971
2.000000 9.800000 -6.056335 -6.144288 -5.974724
2.000000 9.900000 -6.382102 -6.468906 -6.306044
2.000000 10.000000 -6.725168 -6.813477 -6.655703
2.000000 10.100000 -7.100580 -7.173408 -7.022034
2.000000 10.200000 -7.489839 -7.570344 -7.397247
2.000000 10.300000 -7.901479 -7.992720 -7.787264
2.000000 10.400000 -8.331527 -8.446289 -8.195385
2.000000 10.500000 -8.786699 -8.919589 -8.634048
3.000000 4.000000 -2.114396 -2.173969 -2.039776
3.000000 4.100000 -2.153692 -2.211962 -2.079698
3.000000 4.200000 -2.193091 -2.249983 -2.119732
3.000000 4.300000 -2.232599 -2.288114 -2.159883
3.000000 4.400000 -2.271868 -2.326303 -2.200158
3.000000 4.500000 -2.311006 -2.364583 -2.240564
3.000000 4.600000 -2.349816 -2.402987 -2.281105
3.000000 4.700000 -2.389763 -2.440948 -2.321792
3.000000 4.800000 -2.429809 -2.479044 -2.361576
3.000000 4.900000 -2.469911 -2.517302 -2.401242
3.000000 5.000000 -2.508793 -2.555733 -2.442255
3.000000 5.100000 -2.547322 -2.594344 -2.483591
3.000000 5.200000 -2.586867 -2.633114 -2.525120
3.000000 5.300000 -2.625509 -2.672083 -2.566851
3.000000 5.400000 -2.664308 -2.711031 -2.608795
3.000000 5.500000 -2.704021 -2.750392 -2.650963
3.000000 5.600000 -2.744850 -2.790209 -2.693368
3.000000 5.700000 -2.786142 -2.829894 -2.736024
3.000000 5.800000 -2.826705 -2.869375 -2.778676
3.000000 5.900000 -2.866361 -2.909772 -2.820038
3.000000 6.000000 -2.908104 -2.950446 -2.861985
3.000000 6.100000 -2.950599 -2.992397 -2.905307
3.000000 6.200000 -2.994771 -3.035242 -2.949162
3.000000 6.300000 -3.039565 -3.076497 -2.993119
3.000000 6.400000 -3.081532 -3.118059 -3.036969
3.000000 6.500000 -3.124542 -3.160523 -3.079815
3.000000 6.600000 -3.168643 -3.204642 -3.122796
3.000000 6.700000 -3.211913 -3.248282 -3.166248
3.000000 6.800000 -3.255328 -3.291775 -3.210083
3.000000 6.900000 -3.299311 -3.336056 -3.254331
3.000000 7.000000 -3.344496 -3.380710 -3.299028
3.000000 7.100000 -3.389917 -3.426552 -3.344224
3.000000 7.200000 -3.435648 -3.474665 -3.389982
3.000000 7.300000 -3.482754 -3.524264 -3.436388
3.000000 7.400000 -3.530080 -3.572177 -3.483558
3.000000 7.500000 -3.578126 -3.619144 -3.531136
3.000000 7.600000 -3.628021 -3.671088 -3.581299
3.000000 7.700000 -3.679814 -3.724545 -3.633577
3.000000 7.800000 -3.733915 -3.779795 -3.685713
3.000000 7.900000 -3.792043 -3.838069 -3.741926
3.000000 8.000000 -3.852647 -3.899727 -3.800405
3.000000 8.100000 -3.917109 -3.965497 -3.862208
3.000000 8.200000 -3.984332 -4.035026 -3.928375
3.000000 8.300000 -4.058285 -4.112689 -4.000112
3.000000 8.400000 -4.136934 -4.194681 -4.077728
3.000000 8.500000 -4.225952 -4.287578 -4.162867
3.000000 8.600000 -4.323599 -4.385609 -4.256863
3.000000 8.700000 -4.432170 -4.491808 -4.360802
3.000000 8.800000 -4.548529 -4.608409 -4.475848
3.000000 8.900000 -4.676208 -4.741140 -4.601726
3.000000 9.000000 -4.817404 -4.888473 -4.738317
3.000000 9.100000 -4.969230 -5.046185 -4.891477
3.000000 9.200000 -5.136837 -5.217292 -5.056946
3.000000 9.300000 -5.316890 -5.399953 -5.238814
3.000000 9.400000 -5.516015 -5.597852 -5.434682
3.000000 9.500000 -5.727192 -5.813503 -5.648585
3.000000 9.600000 -5.951824 -6.042533 -5.879165
3.000000 9.700000 -6.197860 -6.292040 -6.132894
3.000000 9.800000 -6.457431 -6.553213 -6.391953
3.000000 9.900000 -6.741841 -6.831324 -6.670494
3.000000 10.000000 -7.040483 -7.123167 -6.974662
3.000000 10.100000 -7.355961 -7.432619 -7.293936
3.000000 10.200000 -7.697206 -7.775125 -7.626632
3.000000 10.300000 -8.051699 -8.137058 -7.973230
3.000000 10.400000 -8.424404 -8.504919 -8.340403
3.000000 10.500000 -8.816422 -8.915909 -8.720327
4.000000 4.000000 -2.452495 -2.527974 -2.363454
4.000000 4.100000 -2.493411 -2.568915 -2.405996
4.000000 4.200000 -2.534641 -2.610191 -2.448980
4.000000 4.300000 -2.576637 -2.651813 -2.492635
4.000000 4.400000 -2.619398 -2.693796 -2.536651
4.000000 4.500000 -2.662535 -2.735868 -2.580518
4.000000 4.600000 -2.706065 -2.778222 -2.623822
4.000000 4.700000 -2.749967 -2.820024 -2.667952
4.000000 4.800000 -2.792965 -2.862107 -2.712893
4.000000 4.900000 -2.836373 -2.906186 -2.758365
4.000000 5.000000 -2.880876 -2.950625 -2.804288
4.000000 5.100000 -2.926437 -2.994631 -2.850680
4.000000 5.200000 -2.972508 -3.037623 -2.897576
4.000000 5.300000 -3.018847 -3.081095 -2.945268
4.000000 5.400000 -3.065244 -3.127213 -2.993725
4.000000 5.500000 -3.112865 -3.174029 -3.042311
4.000000 5.600000 -3.160388 -3.221439 -3.091565
4.000000 5.700000 -3.208772 -3.270912 -3.141663
4.000000 5.800000 -3.257967 -3.321611 -3.192424
4.000000 5.900000 -3.308587 -3.373023 -3.243879
4.000000 6.000000 -3.358860 -3.425180 -3.296057
4.000000 6.100000 -3.410984 -3.474956 -3.348991
4.000000 6.200000 -3.464112 -3.528280 -3.402502
4.000000 6.300000 -3.516767 -3.580785 -3.455786
4.000000 6.400000 -3.571320 -3.633948 -3.509924
4.000000 6.500000 -3.625100 -3.687924 -3.564755
4.000000 6.600000 -3.680535 -3.742782 -3.620491
4.000000 6.700000 -3.737824 -3.798563 -3.677179
4.000000 6.800000 -3.794925 -3.855079 -3.734870
4.000000 6.900000 -3.851921 -3.910754 -3.793711
4.000000 7.000000 -3.911077 -3.970033 -3.854244
4.000000 7.100000 -3.972974 -4.031574 -3.916004
4.000000 7.200000 -4.036533 -4.093357 -3.978770
4.000000 7.300000 -4.100414 -4.155544 -4.042176
4.000000 7.400000 -4.165658 -4.219407 -4.105606
4.000000 7.500000 -4.232439 -4.284784 -4.172289
4.000000 7.600000 -4.300120 -4.355060 -4.240692
4.000000 7.700000 -4.369870 -4.427266 -4.311222
4.000000 7.800000 -4.442044 -4.502904 -4.383552
4.000000 7.900000 -4.515376 -4.577702 -4.458554
4.000000 8.000000 -4.592094 -4.654971 -4.534087
4.000000 8.100000 -4.672202 -4.738075 -4.614813
4.000000 8.200000 -4.755446 -4.823156 -4.695599
4.000000 8.300000 -4.844067 -4.911340 -4.779892
4.000000 8.400000 -4.936972 -5.003004 -4.868636
4.000000 8.500000 -5.037363 -5.100410 -4.962781
4.000000 8.600000 -5.142008 -5.205630 -5.065945
4.000000 8.700000 -5.250962 -5.318718 -5.176557
4.000000 8.800000 -5.368147 -5.436229 -5.292887
4.000000 8.900000 -5.496477 -5.563506 -5.415451
4.000000 9.000000 -5.631485 -5.699260 -5.546946
4.000000 9.100000 -5.773814 -5.844600 -5.688577
4.000000 9.200000 -5.928329 -6.004795 -5.839639
4.000000 9.300000 -6.095071 -6.175756 -6.003356
4.000000 9.400000 -6.270442 -6.357799 -6.178751
4.000000 9.500000 -6.457793 -6.550872 -6.364759
4.000000 9.600000 -6.659656 -6.753884 -6.565103
4.000000 9.700000 -6.873612 -6.967872 -6.782364
4.000000 9.800000 -7.101336 -7.193602 -7.017037
4.000000 9.900000 -7.346954 -7.442668 -7.264050
4.000000 10.000000 -7.602673 -7.699207 -7.516212
4.000000 10.100000 -7.881685 -7.978734 -7.790873
4.000000 10.200000 -8.168730 -8.292756 -8.082986
4.000000 10.300000 -8.476216 -8.596284 -8.393471
4.000000 10.400000 -8.800167 -8.922500 -8.711235
4.000000 10.500000 -9.141398 -9.254271 -9.031108
5.000000 4.000000 -2.885353 -3.000483 -2.785669
5.000000 4.100000 -2.931691 -3.046302 -2.831847
5.000000 4.200000 -2.978886 -3.092652 -2.878542
5.000000 4.300000 -3.025731 -3.139550 -2.925773
5.000000 4.400000 -3.072460 -3.187018 -2.973560
5.000000 4.500000 -3.119738 -3.235076 -3.021923
5.000000 4.600000 -3.166561 -3.283421 -3.070884
5.000000 4.700000 -3.213763 -3.332154 -3.120465
5.000000 4.800000 -3.263225 -3.381525 -3.170691
5.000000 4.900000 -3.313955 -3.431555 -3.221585
5.000000 5.000000 -3.365145 -3.480099 -3.273397
5.000000 5.100000 -3.416219 -3.528301 -3.326040
5.000000 5.200000 -3.467976 -3.577169 -3.379450
5.000000 5.300000 -3.520639 -3.626728 -3.433657
5.000000 5.400000 -3.575887 -3.676914 -3.488694
5.000000 5.500000 -3.630997 -3.727747 -3.544593
5.000000 5.600000 -3.688414 -3.783047 -3.601391
5.000000 5.700000 -3.746769 -3.839240 -3.659231
5.000000 5.800000 -3.805617 -3.896361 -3.718389
5.000000 5.900000 -3.865204 -3.954447 -3.779281
5.000000 6.000000 -3.924903 -4.013536 -3.839526
5.000000 6.100000 -3.985712 -4.073738 -3.901165
5.000000 6.200000 -4.047832 -4.138178 -3.963632
5.000000 6.300000 -4.111141 -4.204994 -4.027276
5.000000 6.400000 -4.175651 -4.268390 -4.092203
5.000000 6.500000 -4.241414 -4.331183 -4.158521
5.000000 6.600000 -4.308078 -4.395750 -4.226722
5.000000 6.700000 -4.376424 -4.463151 -4.296339
5.000000 6.800000 -4.446816 -4.532955 -4.367428
5.000000 6.900000 -4.517645 -4.602770 -4.440035
5.000000 7.000000 -4.588354 -4.675273 -4.512198
5.000000 7.100000 -4.666165 -4.750158 -4.585708
5.000000 7.200000 -4.744889 -4.826747 -4.661087
5.000000 7.300000 -4.822168 -4.905122 -4.736833
5.000000 7.400000 -4.902186 -4.984741 -4.817539
5.000000 7.500000 -4.985427 -5.065732 -4.896308
5.000000 7.600000 -5.070435 -5.152399 -4.977555
5.000000 7.700000 -5.159324 -5.242288 -5.064009
5.000000 7.800000 -5.248198 -5.329531 -5.153987
5.000000 7.900000 -5.339676 -5.420424 -5.246627
5.000000 8.000000 -5.431682 -5.515244 -5.341225
5.000000 8.100000 -5.526472 -5.605726 -5.435351
5.000000 8.200000 -5.624263 -5.703231 -5.535485
5.000000 8.300000 -5.727389 -5.809833 -5.639669
5.000000 8.400000 -5.833991 -5.920045 -5.746461
5.000000 8.500000 -5.944513 -6.032970 -5.858175
5.000000 8.600000 -6.057174 -6.148037 -5.974362
5.000000 8.700000 -6.174345 -6.267257 -6.091853
5.000000 8.800000 -6.294063 -6.397961 -6.216293
5.000000 8.900000 -6.419198 -6.530031 -6.343903
5.000000 9.000000 -6.555726 -6.664807 -6.477903
5.000000 9.100000 -6.699714 -6.805866 -6.618455
5.000000 9.200000 -6.851568 -6.958571 -6.766649
5.000000 9.300000 -7.011944 -7.122184 -6.922194
5.000000 9.400000 -7.175475 -7.295928 -7.082290
5.000000 9.500000 -7.346334 -7.472326 -7.248549
5.000000 9.600000 -7.528331 -7.657577 -7.428356
5.000000 9.700000 -7.717984 -7.856325 -7.625827
5.000000 9.800000 -7.915705 -8.065322 -7.828119
5.000000 9.900000 -8.132903 -8.287138 -8.049503
5.000000 10.000000 -8.358392 -8.521492 -8.277963
5.000000 10.100000 -8.599425 -8.768285 -8.512826
5.000000 10.200000 -8.859055 -9.028294 -8.758013
5.000000 10.300000 -9.123214 -9.302000 -9.009543
5.000000 10.400000 -9.402839 -9.589853 -9.273764
5.000000 10.500000 -9.699801 -9.891360 -9.553582
6.000000 4.000000 -3.453967 -3.599922 -3.344376
6.000000 4.100000 -3.504256 -3.650657 -3.395762
6.000000 4.200000 -3.555909 -3.702063 -3.447821
6.000000 4.300000 -3.609145 -3.754162 -3.500577
6.000000 4.400000 -3.663923 -3.806877 -3.554051
6.000000 4.500000 -3.718006 -3.859688 -3.608269
6.000000 4.600000 -3.772610 -3.913235 -3.663257
6.000000 4.700000 -3.828130 -3.967543 -3.719042
6.000000 4.800000 -3.884252 -4.019573 -3.775653
6.000000 4.900000 -3.941334 -4.073784 -3.833119
6.000000 5.000000 -3.999065 -4.131109 -3.891471
6.000000 5.100000 -4.058744 -4.189327 -3.950739
6.000000 5.200000 -4.120380 -4.248876 -4.010958
6.000000 5.300000 -4.181533 -4.309750 -4.072162
6.000000 5.400000 -4.243721 -4.371645 -4.134459
6.000000 5.500000 -4.307042 -4.434597 -4.200254
6.000000 5.600000 -4.372462 -4.498643 -4.264833
6.000000 5.700000 -4.439055 -4.563399 -4.330427
6.000000 5.800000 -4.507661 -4.630146 -4.396025
6.000000 5.900000 -4.578408 -4.697745 -4.463736
6.000000 6.000000 -4.648693 -4.766572 -4.533299
6.000000 6.100000 -4.718387 -4.836704 -4.602227
6.000000 6.200000 -4.788427 -4.908185 -4.672853
6.000000 6.300000 -4.859824 -4.982789 -4.745568
6.000000 6.400000 -4.932629 -5.059757 -4.819905
6.000000 6.500000 -5.005932 -5.139980 -4.895953
6.000000 6.600000 -5.081722 -5.219068 -4.973954
6.000000 6.700000 -5.162550 -5.297339 -5.052366
6.000000 6.800000 -5.247085 -5.376739 -5.131450
6.000000 6.900000 -5.332448 -5.458487 -5.211748
6.000000 7.000000 -5.415997 -5.542509 -5.300568
6.000000 7.100000 -5.505178 -5.628375 -5.389039
6.000000 7.200000 -5.595948 -5.715279 -5.477996
6.000000 7.300000 -5.685838 -5.803854 -5.569036
6.000000 7.400000 -5.781821 -5.899854 -5.663157
6.000000 7.500000 -5.877207 -5.999785 -5.757012
6.000000 7.600000 -5.971640 -6.095567 -5.853426
6.000000 7.700000 -6.066527 -6.190476 -5.948285
6.000000 7.800000 -6.163901 -6.294975 -6.049482
6.000000 7.900000 -6.268355 -6.392507 -6.156760
6.000000 8.000000 -6.377926 -6.497910 -6.267411
6.000000 8.100000 -6.490273 -6.607697 -6.378789
6.000000 8.200000 -6.601793 -6.726542 -6.493430
6.000000 8.300000 -6.716379 -6.840704 -6.611268
6.000000 8.400000 -6.838564 -6.953267 -6.734532
6.000000 8.500000 -6.962203 -7.076356 -6.862902
6.000000 8.600000 -7.087840 -7.204776 -6.986184
6.000000 8.700000 -7.212350 -7.340027 -7.114459
6.000000 8.800000 -7.346743 -7.479076 -7.242085
6.000000 8.900000 -7.481535 -7.619782 -7.372641
6.000000 9.000000 -7.620622 -7.765567 -7.510290
6.000000 9.100000 -7.759446 -7.920438 -7.653183
6.000000 9.200000 -7.909750 -8.084296 -7.799998
6.000000 9.300000 -8.062437 -8.254122 -7.952024
6.000000 9.400000 -8.229436 -8.430065 -8.111659
6.000000 9.500000 -8.395883 -8.615148 -8.277579
6.000000 9.600000 -8.571384 -8.803878 -8.454167
6.000000 9.700000 -8.761519 -8.998583 -8.629997
6.000000 9.800000 -8.959501 -9.202250 -8.817448
6.000000 9.900000 -9.158142 -9.409023 -9.012364
6.000000 10.000000 -9.355301 -9.629446 -9.221390
6.000000 10.100000 -9.567501 -9.859746 -9.428185
6.000000 10.200000 -9.796792 -10.096374 -9.647818
6.000000 10.300000 -10.029478 -10.335606 -9.869492
6.000000 10.400000 -10.273548 -10.586994 -10.111758
6.000000 10.500000 -10.538196 -10.858139 -10.362952
7.000000 4.000000 -4.232882 -4.426348 -4.082127
7.000000 4.100000 -4.292973 -4.483431 -4.139463
7.000000 4.200000 -4.351077 -4.541318 -4.197859
7.000000 4.300000 -4.410010 -4.599915 -4.257085
7.000000 4.400000 -4.470823 -4.658783 -4.317169
7.000000 4.500000 -4.532833 -4.716542 -4.378138
7.000000 4.600000 -4.593104 -4.774613 -4.440021
7.000000 4.700000 -4.654540 -4.833529 -4.502784
7.000000 4.800000 -4.719742 -4.893318 -4.566157
7.000000 4.900000 -4.783095 -4.955417 -4.630587
7.000000 5.000000 -4.851347 -5.020905 -4.696053
7.000000 5.100000 -4.920707 -5.092961 -4.762589
7.000000 5.200000 -4.987511 -5.167082 -4.830229
7.000000 5.300000 -5.055443 -5.237322 -4.898854
7.000000 5.400000 -5.123843 -5.308063 -4.966332
7.000000 5.500000 -5.190528 -5.378868 -5.034965
7.000000 5.600000 -5.257666 -5.450893 -5.104791
7.000000 5.700000 -5.330088 -5.524176 -5.175892
7.000000 5.800000 -5.403800 -5.598756 -5.251522
7.000000 5.900000 -5.480219 -5.676291 -5.332002
7.000000 6.000000 -5.558159 -5.758516 -5.414298
7.000000 6.100000 -5.637563 -5.841697 -5.492535
7.000000 6.200000 -5.719200 -5.925649 -5.569004
7.000000 6.300000 -5.805751 -6.005798 -5.646915
7.000000 6.400000 -5.892557 -6.087011 -5.727756
7.000000 6.500000 -5.977959 -6.168644 -5.815021
7.000000 6.600000 -6.070834 -6.257246 -5.910916
7.000000 6.700000 -6.159813 -6.349226 -6.004658
7.000000 6.800000 -6.248764 -6.439400 -6.083070
7.000000 6.900000 -6.342615 -6.529236 -6.173463
7.000000 7.000000 -6.438057 -6.621465 -6.269304
7.000000 7.100000 -6.536282 -6.726394 -6.367228
7.000000 7.200000 -6.640327 -6.828016 -6.469125
7.000000 7.300000 -6.743224 -6.932740 -6.574706
7.000000 7.400000 -6.848367 -7.031743 -6.682731
7.000000 7.500000 -6.953074 -7.138494 -6.786213
7.000000 7.600000 -7.058512 -7.254094 -6.891161
7.000000 7.700000 -7.168187 -7.372025 -6.997490
7.000000 7.800000 -7.277919 -7.487067 -7.115791
7.000000 7.900000 -7.398346 -7.607241 -7.239739
7.000000 8.000000 -7.523156 -7.727644 -7.353902
7.000000 8.100000 -7.650102 -7.847940 -7.474806
7.000000 8.200000 -7.773549 -7.971029 -7.602735
7.000000 8.300000 -7.897232 -8.093806 -7.728975
7.000000 8.400000 -8.015302 -8.217066 -7.852504
7.000000 8.500000 -8.130716 -8.353393 -7.985210
7.000000 8.600000 -8.262827 -8.492677 -8.121202
7.000000 8.700000 -8.403820 -8.633815 -8.254512
7.000000 8.800000 -8.546642 -8.784177 -8.384141
7.000000 8.900000 -8.689171 -8.937459 -8.519663
7.000000 9.000000 -8.837776 -9.087176 -8.667545
7.000000 9.100000 -8.998859 -9.251219 -8.812574
7.000000 9.200000 -9.154154 -9.422705 -8.964897
7.000000 9.300000 -9.317346 -9.598873 -9.110605
7.000000 9.400000 -9.482818 -9.779935 -9.276268
7.000000 9.500000 -9.653572 -9.966118 -9.447114
7.000000 9.600000 -9.831544 -10.157667 -9.611913
7.000000 9.700000 -10.015013 -10.351997 -9.788963
7.000000 9.800000 -10.204407 -10.547296 -9.969378
7.000000 9.900000 -10.397914 -10.748176 -10.157811
7.000000 10.000000 -10.600485 -10.959525 -10.347506
7.000000 10.100000 -10.807850 -11.175048 -10.549687
7.000000 10.200000 -11.021951 -11.406258 -10.753405
7.000000 10.300000 -11.237744 -11.646046 -10.964361
7.000000 10.400000 -11.456106 -11.892753 -11.171077
7.000000 10.500000 -11.692420 -12.135058 -11.378381
8.000000 4.000000 -5.265956 -5.499074 -5.042973
8.000000 4.100000 -5.329920 -5.570194 -5.107044
8.000000 4.200000 -5.395578 -5.642388 -5.172041
8.000000 4.300000 -5.460641 -5.715685 -5.237990
8.000000 4.400000 -5.528176 -5.782755 -5.304916
8.000000 4.500000 -5.597602 -5.850273 -5.372845
8.000000 4.600000 -5.668088 -5.918755 -5.441803
8.000000 4.700000 -5.739669 -5.987170 -5.511821
8.000000 4.800000 -5.809900 -6.055591 -5.582932
8.000000 4.900000 -5.880047 -6.131366 -5.655171
8.000000 5.000000 -5.951268 -6.208581 -5.728574
8.000000 5.100000 -6.023505 -6.287052 -5.803176
8.000000 5.200000 -6.094466 -6.366813 -5.878748
8.000000 5.300000 -6.166200 -6.441989 -5.955274
8.000000 5.400000 -6.241542 -6.517328 -6.033092
8.000000 5.500000 -6.321135 -6.593851 -6.112637
8.000000 5.600000 -6.402891 -6.677413 -6.192799
8.000000 5.700000 -6.488736 -6.766009 -6.275035
8.000000 5.800000 -6.573782 -6.849779 -6.358726
8.000000 5.900000 -6.654350 -6.928677 -6.443952
8.000000 6.000000 -6.736302 -7.008768 -6.532325
8.000000 6.100000 -6.819672 -7.088909 -6.618983
8.000000 6.200000 -6.906910 -7.175922 -6.708945
8.000000 6.300000 -7.005893 -7.269273 -6.798994
8.000000 6.400000 -7.106824 -7.363754 -6.893957
8.000000 6.500000 -7.209537 -7.462952 -6.989108
8.000000 6.600000 -7.307962 -7.560154 -7.086091
8.000000 6.700000 -7.412103 -7.661493 -7.184962
8.000000 6.800000 -7.515552 -7.760388 -7.285775
8.000000 6.900000 -7.616844 -7.867767 -7.389060
8.000000 7.000000 -7.722075 -7.968311 -7.495647
8.000000 7.100000 -7.829930 -8.080103 -7.601408
8.000000 7.200000 -7.944626 -8.197751 -7.708805
8.000000 7.300000 -8.060277 -8.317205 -7.817898
8.000000 7.400000 -8.179083 -8.438021 -7.932888
8.000000 7.500000 -8.298222 -8.564008 -8.048789
8.000000 7.600000 -8.419525 -8.689246 -8.161576
8.000000 7.700000 -8.536661 -8.816866 -8.281349
8.000000 7.800000 -8.652107 -8.947132 -8.404604
8.000000 7.900000 -8.776564 -9.078254 -8.529260
8.000000 8.000000 -8.902053 -9.206101 -8.657239
8.000000 8.100000 -9.023877 -9.329416 -8.788052
8.000000 8.200000 -9.149417 -9.467974 -8.920197
8.000000 8.300000 -9.276082 -9.609463 -9.046286
8.000000 8.400000 -9.416408 -9.753958 -9.185737
8.000000 8.500000 -9.557757 -9.901539 -9.322013
8.000000 8.600000 -9.695544 -10.066781 -9.464036
8.000000 8.700000 -9.840607 -10.219037 -9.601270
8.000000 8.800000 -9.990152 -10.365988 -9.734962
8.000000 8.900000 -10.148112 -10.523263 -9.871514
8.000000 9.000000 -10.300299 -10.685902 -10.011026
8.000000 9.100000 -10.457241 -10.846727 -10.153929
8.000000 9.200000 -10.625434 -11.021416 -10.309893
8.000000 9.300000 -10.796716 -11.202077 -10.471496
8.000000 9.400000 -10.973028 -11.382249 -10.632639
8.000000 9.500000 -11.154672 -11.569801 -10.803427
8.000000 9.600000 -11.339451 -11.763304 -10.973980
8.000000 9.700000 -11.522116 -11.962443 -11.152213
8.000000 9.800000 -11.722750 -12.166762 -11.336787
8.000000 9.900000 -11.921718 -12.376520 -11.534198
8.000000 10.000000 -12.125911 -12.591998 -11.725967
8.000000 10.100000 -12.333129 -12.812908 -11.923308
8.000000 10.200000 -12.544935 -13.039802 -12.124498
8.000000 10.300000 -12.766234 -13.277915 -12.329985
8.000000 10.400000 -12.983396 -13.516004 -12.541675
8.000000 10.500000 -13.221825 -13.770711 -12.758976
9.000000 4.000000 -6.581866 -6.955586 -6.309162
9.000000 4.100000 -6.647150 -7.021155 -6.378698
9.000000 4.200000 -6.715687 -7.092128 -6.452349
9.000000 4.300000 -6.786532 -7.164089 -6.521005
9.000000 4.400000 -6.858563 -7.237001 -6.597686
9.000000 4.500000 -6.934633 -7.310889 -6.677844
9.000000 4.600000 -7.015716 -7.385781 -6.756244
9.000000 4.700000 -7.096408 -7.461704 -6.835390
9.000000 4.800000 -7.178226 -7.537814 -6.913814
9.000000 4.900000 -7.258411 -7.613560 -6.993716
9.000000 5.000000 -7.339427 -7.690371 -7.075101
9.000000 5.100000 -7.422173 -7.770684 -7.157807
9.000000 5.200000 -7.505962 -7.853056 -7.239201
9.000000 5.300000 -7.591066 -7.936607 -7.320894
9.000000 5.400000 -7.677511 -8.021358 -7.403882
9.000000 5.500000 -7.767582 -8.107338 -7.490047
9.000000 5.600000 -7.861178 -8.191555 -7.579278
9.000000 5.700000 -7.956290 -8.277660 -7.670428
9.000000 5.800000 -8.053400 -8.375787 -7.763290
9.000000 5.900000 -8.152588 -8.466434 -7.858867
9.000000 6.000000 -8.248481 -8.551143 -7.955274
9.000000 6.100000 -8.341665 -8.640284 -8.051930
9.000000 6.200000 -8.436282 -8.747932 -8.152527
9.000000 6.300000 -8.536673 -8.860330 -8.253430
9.000000 6.400000 -8.642375 -8.958606 -8.353798
9.000000 6.500000 -8.752255 -9.055369 -8.454207
9.000000 6.600000 -8.869015 -9.167664 -8.557448
9.000000 6.700000 -8.977545 -9.282966 -8.662497
9.000000 6.800000 -9.084152 -9.399497 -8.769387
9.000000 6.900000 -9.195982 -9.507499 -8.878153
9.000000 7.000000 -9.307166 -9.630580 -8.986918
9.000000 7.100000 -9.417289 -9.756177 -9.096245
9.000000 7.200000 -9.530662 -9.884087 -9.210757
9.000000 7.300000 -9.648945 -10.014361 -9.327421
9.000000 7.400000 -9.770824 -10.147051 -9.446361
9.000000 7.500000 -9.896649 -10.280642 -9.558510
9.000000 7.600000 -10.023616 -10.411430 -9.673919
9.000000 7.700000 -10.149007 -10.530577 -9.800735
9.000000 7.800000 -10.277305 -10.661136 -9.924649
9.000000 7.900000 -10.393467 -10.801667 -10.043681
9.000000 8.000000 -10.521397 -10.944841 -10.164812
9.000000 8.100000 -10.658873 -11.103581 -10.288086
9.000000 8.200000 -10.803809 -11.274367 -10.413697
9.000000 8.300000 -10.953175 -11.420707 -10.543529
9.000000 8.400000 -11.098409 -11.563348 -10.679137
9.000000 8.500000 -11.248198 -11.720544 -10.836531
9.000000 8.600000 -11.400186 -11.885387 -10.982754
9.000000 8.700000 -11.563063 -12.053607 -11.110542
9.000000 8.800000 -11.731619 -12.225353 -11.255373
9.000000 8.900000 -11.890374 -12.400795 -11.409395
9.000000 9.000000 -12.049202 -12.579435 -11.568083
9.000000 9.100000 -12.226526 -12.760964 -11.720422
9.000000 9.200000 -12.406580 -12.943889 -11.869112
9.000000 9.300000 -12.586698 -13.121740 -12.022858
9.000000 9.400000 -12.768141 -13.304567 -12.189197
9.000000 9.500000 -12.952626 -13.493899 -12.371881
9.000000 9.600000 -13.128301 -13.707965 -12.557255
9.000000 9.700000 -13.307525 -13.921777 -12.730843
9.000000 9.800000 -13.497476 -14.119673 -12.927508
9.000000 9.900000 -13.694236 -14.352706 -13.112617
9.000000 10.000000 -13.896688 -14.595989 -13.296699
9.000000 10.100000 -14.105146 -14.846899 -13.496800
9.000000 10.200000 -14.320299 -15.098493 -13.705743
9.000000 10.300000 -14.542297 -15.356283 -13.921261
9.000000 10.400000 -14.784837 -15.621733 -14.143820
9.000000 10.500000 -15.039944 -15.893419 -14.358126
10.000000 4.000000 -8.253965 -8.704087 -7.886053
10.000000 4.100000 -8.338141 -8.773426 -7.966343
10.000000 4.200000 -8.423477 -8.843622 -8.046740
10.000000 4.300000 -8.506621 -8.914665 -8.128624
10.000000 4.400000 -8.589396 -8.995921 -8.211563
10.000000 4.500000 -8.677554 -9.081661 -8.295598
10.000000 4.600000 -8.768788 -9.168382 -8.380784
10.000000 4.700000 -8.859121 -9.256124 -8.467185
10.000000 4.800000 -8.948145 -9.344966 -8.554859
10.000000 4.900000 -9.031552 -9.435009 -8.640751
10.000000 5.000000 -9.116694 -9.521089 -8.720560
10.000000 5.100000 -9.207519 -9.607913 -8.809275
10.000000 5.200000 -9.299566 -9.695919 -8.901712
10.000000 5.300000 -9.385406 -9.785136 -9.000536
10.000000 5.400000 -9.480763 -9.886219 -9.101194
10.000000 5.500000 -9.578063 -9.988880 -9.196967
10.000000 5.600000 -9.681023 -10.093075 -9.287490
10.000000 5.700000 -9.786078 -10.197947 -9.377664
10.000000 5.800000 -9.892820 -10.301628 -9.474620
10.000000 5.900000 -9.999660 -10.413096 -9.572812
10.000000 6.000000 -10.107261 -10.523676 -9.671091
10.000000 6.100000 -10.213512 -10.636663 -9.771502
10.000000 6.200000 -10.317612 -10.751386 -9.873529
10.000000 6.300000 -10.420823 -10.865325 -9.977167
10.000000 6.400000 -10.523737 -10.970562 -10.082397
10.000000 6.500000 -10.632793 -11.078038 -10.189199
10.000000 6.600000 -10.736120 -11.191796 -10.298901
10.000000 6.700000 -10.841702 -11.296436 -10.412408
10.000000 6.800000 -10.953279 -11.404275 -10.523497
10.000000 6.900000 -11.068638 -11.532285 -10.629627
10.000000 7.000000 -11.188109 -11.662486 -10.742633
10.000000 7.100000 -11.310461 -11.794794 -10.857479
10.000000 7.200000 -11.436476 -11.922089 -10.974238
10.000000 7.300000 -11.564721 -12.049326 -11.092956
10.000000 7.400000 -11.689628 -12.178658 -11.213654
10.000000 7.500000 -11.814500 -12.310232 -11.330495
10.000000 7.600000 -11.941261 -12.465709 -11.436254
10.000000 7.700000 -12.077552 -12.635134 -11.543477
10.000000 7.800000 -12.219177 -12.803136 -11.660422
10.000000 7.900000 -12.359355 -12.954829 -11.795512
10.000000 8.000000 -12.498839 -13.110346 -11.933514
10.000000 8.100000 -12.648397 -13.269942 -12.073962
10.000000 8.200000 -12.799780 -13.433917 -12.217016
10.000000 8.300000 -12.954588 -13.602627 -12.362861
10.000000 8.400000 -13.117515 -13.776487 -12.507579
10.000000 8.500000 -13.290771 -13.955959 -12.655484
10.000000 8.600000 -13.462898 -14.141547 -12.807686
10.000000 8.700000 -13.636547 -14.333775 -12.963313
10.000000 8.800000 -13.809620 -14.533170 -13.122595
10.000000 8.900000 -13.976337 -14.744587 -13.284108
10.000000 9.000000 -14.155746 -14.964310 -13.444563
10.000000 9.100000 -14.332401 -15.187185 -13.593064
10.000000 9.200000 -14.518001 -15.410581 -13.751834
10.000000 9.300000 -14.715850 -15.654509 -13.909940
10.000000 9.400000 -14.920371 -15.906478 -14.094176
10.000000 9.500000 -15.127416 -16.168414 -14.291922
10.000000 9.600000 -15.350128 -16.431612 -14.489141
10.000000 9.700000 -15.591023 -16.696191 -14.680606
10.000000 9.800000 -15.841540 -16.969423 -14.878785
10.000000 9.900000 -16.104739 -17.251473 -15.084166
10.000000 10.000000 -16.374140 -17.548069 -15.299775
10.000000 10.100000 -16.645826 -17.864934 -15.524809
10.000000 10.200000 -16.919598 -18.171753 -15.757187
10.000000 10.300000 -17.209026 -18.472541 -16.013600
10.000000 10.400000 -17.524202 -18.811087 -16.278993
10.000000 10.500000 -17.849590 -19.000000 -16.508388
