#Median black hole mass--galaxy total stellar mass relation from z=0-5 from IllustrisTNG300.
#Ref: Habouzit et al. 2020, https://ui.adsabs.harvard.edu/abs/2021MNRAS.503.1940H/abstract
#z log10(Mstar)[Msun] log10(Mbh_median)[Msun]
0.000000 9.301030 6.329414
0.000000 9.326925 6.345604
0.000000 9.352819 6.361794
0.000000 9.378714 6.382111
0.000000 9.404608 6.412668
0.000000 9.430503 6.443225
0.000000 9.456398 6.473781
0.000000 9.482292 6.504338
0.000000 9.508187 6.534895
0.000000 9.534081 6.565452
0.000000 9.559976 6.596008
0.000000 9.585871 6.626565
0.000000 9.611765 6.657122
0.000000 9.637660 6.704016
0.000000 9.663554 6.775752
0.000000 9.689449 6.847487
0.000000 9.715344 6.919223
0.000000 9.741238 6.990958
0.000000 9.767133 7.062694
0.000000 9.793028 7.134430
0.000000 9.818922 7.206165
0.000000 9.844817 7.276710
0.000000 9.870711 7.345894
0.000000 9.896606 7.397801
0.000000 9.922501 7.448299
0.000000 9.948395 7.498797
0.000000 9.974290 7.549056
0.000000 10.000184 7.598961
0.000000 10.026079 7.648867
0.000000 10.051974 7.698772
0.000000 10.077868 7.749071
0.000000 10.103763 7.799569
0.000000 10.129657 7.849658
0.000000 10.155552 7.882607
0.000000 10.181447 7.915556
0.000000 10.207341 7.948505
0.000000 10.233236 7.981454
0.000000 10.259130 8.014403
0.000000 10.285025 8.047383
0.000000 10.310920 8.080684
0.000000 10.336814 8.113985
0.000000 10.362709 8.147285
0.000000 10.388603 8.174091
0.000000 10.414498 8.188900
0.000000 10.440393 8.203709
0.000000 10.466287 8.218518
0.000000 10.492182 8.233326
0.000000 10.518076 8.248135
0.000000 10.543971 8.262944
0.000000 10.569866 8.277753
0.000000 10.595760 8.292562
0.000000 10.621655 8.312679
0.000000 10.647549 8.342752
0.000000 10.673444 8.372826
0.000000 10.699339 8.402899
0.000000 10.725233 8.432973
0.000000 10.751128 8.463047
0.000000 10.777023 8.493120
0.000000 10.802917 8.523194
0.000000 10.828812 8.553268
0.000000 10.854706 8.582672
0.000000 10.880601 8.611882
0.000000 10.906496 8.641093
0.000000 10.932390 8.670304
0.000000 10.958285 8.699515
0.000000 10.984179 8.728726
0.000000 11.010074 8.757937
0.000000 11.035969 8.787147
0.000000 11.061863 8.814733
0.000000 11.087758 8.842065
0.000000 11.113652 8.869396
0.000000 11.139547 8.896727
0.000000 11.165442 8.924058
0.000000 11.191336 8.951389
0.000000 11.217231 8.978720
0.000000 11.243125 9.006051
0.000000 11.269020 9.035583
0.000000 11.294915 9.065916
0.000000 11.320809 9.096248
0.000000 11.346704 9.126581
0.000000 11.372598 9.156913
0.000000 11.398493 9.187246
0.000000 11.424388 9.217578
0.000000 11.450282 9.244375
0.000000 11.476177 9.269659
0.000000 11.502071 9.294943
0.000000 11.527966 9.320227
0.000000 11.553861 9.345511
0.000000 11.579755 9.370795
0.000000 11.605650 9.396079
0.000000 11.631545 9.421363
0.000000 11.657439 9.446647
0.000000 11.683334 9.475825
0.000000 11.709228 9.505380
0.000000 11.735123 9.534936
0.000000 11.761018 9.564492
0.000000 11.786912 9.594048
0.000000 11.812807 9.622563
0.000000 11.838701 9.646837
0.000000 11.864596 9.671111
1.000000 9.301030 6.306829
1.000000 9.326982 6.317415
1.000000 9.352935 6.328000
1.000000 9.378887 6.339720
1.000000 9.404839 6.365178
1.000000 9.430791 6.390636
1.000000 9.456744 6.416094
1.000000 9.482696 6.441552
1.000000 9.508648 6.467010
1.000000 9.534600 6.492468
1.000000 9.560553 6.517927
1.000000 9.586505 6.543385
1.000000 9.612457 6.568843
1.000000 9.638409 6.615090
1.000000 9.664362 6.672580
1.000000 9.690314 6.730071
1.000000 9.716266 6.787561
1.000000 9.742218 6.845051
1.000000 9.768171 6.902541
1.000000 9.794123 6.960031
1.000000 9.820075 7.017522
1.000000 9.846027 7.075012
1.000000 9.871980 7.132502
1.000000 9.897932 7.189992
1.000000 9.923884 7.247482
1.000000 9.949836 7.304973
1.000000 9.975789 7.362463
1.000000 10.001741 7.419953
1.000000 10.027693 7.477443
1.000000 10.053645 7.534934
1.000000 10.079598 7.592424
1.000000 10.105550 7.649914
1.000000 10.131502 7.703306
1.000000 10.157454 7.748070
1.000000 10.183407 7.792835
1.000000 10.209359 7.837600
1.000000 10.235311 7.881293
1.000000 10.261263 7.919016
1.000000 10.287216 7.956739
1.000000 10.313168 7.994462
1.000000 10.339120 8.032184
1.000000 10.365072 8.069907
1.000000 10.391025 8.107630
1.000000 10.416977 8.139036
1.000000 10.442929 8.168761
1.000000 10.468881 8.198487
1.000000 10.494834 8.228212
1.000000 10.520786 8.257938
1.000000 10.546738 8.287663
1.000000 10.572690 8.316921
1.000000 10.598643 8.344430
1.000000 10.624595 8.371939
1.000000 10.650547 8.399448
1.000000 10.676499 8.426957
1.000000 10.702452 8.454466
1.000000 10.728404 8.482096
1.000000 10.754356 8.511282
1.000000 10.780308 8.540468
1.000000 10.806261 8.569653
1.000000 10.832213 8.598839
1.000000 10.858165 8.628025
1.000000 10.884117 8.656933
1.000000 10.910070 8.685647
1.000000 10.936022 8.714360
1.000000 10.961974 8.743074
1.000000 10.987926 8.771788
1.000000 11.013879 8.800108
1.000000 11.039831 8.827617
1.000000 11.065783 8.855126
1.000000 11.091735 8.882635
1.000000 11.117688 8.910144
1.000000 11.143640 8.937653
1.000000 11.169592 8.964908
1.000000 11.195544 8.991065
1.000000 11.221497 9.017222
1.000000 11.247449 9.043378
1.000000 11.273401 9.069535
1.000000 11.299353 9.095691
1.000000 11.325306 9.121848
1.000000 11.351258 9.148345
1.000000 11.377210 9.175372
1.000000 11.403162 9.202399
1.000000 11.429115 9.229427
1.000000 11.455067 9.256454
1.000000 11.481019 9.283481
1.000000 11.506971 9.310508
1.000000 11.532924 9.337535
1.000000 11.558876 9.364563
1.000000 11.584828 9.391590
1.000000 11.610781 9.418617
1.000000 11.636733 9.445644
1.000000 11.662685 9.472671
1.000000 11.688637 9.499699
1.000000 11.714590 9.526726
1.000000 11.740542 9.553753
1.000000 11.766494 9.580780
1.000000 11.792446 9.607807
1.000000 11.818399 9.634834
1.000000 11.844351 9.661862
1.000000 11.870303 9.688889
2.000000 9.301030 6.254007
2.000000 9.326697 6.261304
2.000000 9.352363 6.268602
2.000000 9.378030 6.275943
2.000000 9.403696 6.284153
2.000000 9.429363 6.292362
2.000000 9.455029 6.300572
2.000000 9.480696 6.308781
2.000000 9.506363 6.316991
2.000000 9.532029 6.325200
2.000000 9.557696 6.333410
2.000000 9.583362 6.341620
2.000000 9.609029 6.349829
2.000000 9.634695 6.367125
2.000000 9.660362 6.405372
2.000000 9.686029 6.443620
2.000000 9.711695 6.481867
2.000000 9.737362 6.520115
2.000000 9.763028 6.558363
2.000000 9.788695 6.596610
2.000000 9.814361 6.634858
2.000000 9.840028 6.673105
2.000000 9.865694 6.711353
2.000000 9.891361 6.778548
2.000000 9.917028 6.870252
2.000000 9.942694 6.961956
2.000000 9.968361 7.053659
2.000000 9.994027 7.145363
2.000000 10.019694 7.237067
2.000000 10.045360 7.328770
2.000000 10.071027 7.420474
2.000000 10.096694 7.512178
2.000000 10.122360 7.603882
2.000000 10.148027 7.661782
2.000000 10.173693 7.708507
2.000000 10.199360 7.755232
2.000000 10.225026 7.801958
2.000000 10.250693 7.848683
2.000000 10.276360 7.895408
2.000000 10.302026 7.942020
2.000000 10.327693 7.987535
2.000000 10.353359 8.033049
2.000000 10.379026 8.078564
2.000000 10.404692 8.124078
2.000000 10.430359 8.168181
2.000000 10.456026 8.206996
2.000000 10.481692 8.245812
2.000000 10.507359 8.284627
2.000000 10.533025 8.323443
2.000000 10.558692 8.362258
2.000000 10.584358 8.401074
2.000000 10.610025 8.438335
2.000000 10.635692 8.463223
2.000000 10.661358 8.488112
2.000000 10.687025 8.513001
2.000000 10.712691 8.537890
2.000000 10.738358 8.562779
2.000000 10.764024 8.587667
2.000000 10.789691 8.608277
2.000000 10.815357 8.626900
2.000000 10.841024 8.645524
2.000000 10.866691 8.664148
2.000000 10.892357 8.682771
2.000000 10.918024 8.701395
2.000000 10.943690 8.719425
2.000000 10.969357 8.736809
2.000000 10.995023 8.754192
2.000000 11.020690 8.771575
2.000000 11.046357 8.788959
2.000000 11.072023 8.806342
2.000000 11.097690 8.823725
2.000000 11.123356 8.849507
2.000000 11.149023 8.876999
2.000000 11.174689 8.904491
2.000000 11.200356 8.931984
2.000000 11.226023 8.959476
2.000000 11.251689 8.986968
2.000000 11.277356 9.014460
2.000000 11.303022 9.042034
2.000000 11.328689 9.070670
2.000000 11.354355 9.099305
2.000000 11.380022 9.127941
2.000000 11.405689 9.156577
2.000000 11.431355 9.188949
2.000000 11.457022 9.226591
2.000000 11.482688 9.264233
2.000000 11.508355 9.301875
2.000000 11.534021 9.339516
2.000000 11.559688 9.377158
2.000000 11.585355 9.414800
2.000000 11.611021 9.452131
2.000000 11.636688 9.486484
2.000000 11.662354 9.520836
2.000000 11.688021 9.555188
2.000000 11.713687 9.589540
2.000000 11.739354 9.625514
2.000000 11.765020 9.663580
2.000000 11.790687 9.701646
2.000000 11.816354 9.739712
2.000000 11.842020 9.777778
3.000000 9.301030 6.188343
3.000000 9.323996 6.191848
3.000000 9.346961 6.195352
3.000000 9.369927 6.202033
3.000000 9.392893 6.208910
3.000000 9.415858 6.215787
3.000000 9.438824 6.222664
3.000000 9.461790 6.229541
3.000000 9.484756 6.236418
3.000000 9.507721 6.243295
3.000000 9.530687 6.250172
3.000000 9.553653 6.257049
3.000000 9.576618 6.263926
3.000000 9.599584 6.270803
3.000000 9.622550 6.282106
3.000000 9.645515 6.303309
3.000000 9.668481 6.324511
3.000000 9.691447 6.345714
3.000000 9.714413 6.366917
3.000000 9.737378 6.388119
3.000000 9.760344 6.409322
3.000000 9.783310 6.430525
3.000000 9.806275 6.451727
3.000000 9.829241 6.472930
3.000000 9.852207 6.494133
3.000000 9.875172 6.534053
3.000000 9.898138 6.601036
3.000000 9.921104 6.668019
3.000000 9.944069 6.735002
3.000000 9.967035 6.801984
3.000000 9.990001 6.868967
3.000000 10.012967 6.935950
3.000000 10.035932 7.002933
3.000000 10.058898 7.069916
3.000000 10.081864 7.136899
3.000000 10.104829 7.203882
3.000000 10.127795 7.270865
3.000000 10.150761 7.337848
3.000000 10.173726 7.404831
3.000000 10.196692 7.471814
3.000000 10.219658 7.538797
3.000000 10.242624 7.605780
3.000000 10.265589 7.672763
3.000000 10.288555 7.739746
3.000000 10.311521 7.806728
3.000000 10.334486 7.873711
3.000000 10.357452 7.939454
3.000000 10.380418 7.977952
3.000000 10.403383 8.016450
3.000000 10.426349 8.054948
3.000000 10.449315 8.093446
3.000000 10.472280 8.131944
3.000000 10.495246 8.170442
3.000000 10.518212 8.209715
3.000000 10.541178 8.250440
3.000000 10.564143 8.291165
3.000000 10.587109 8.331890
3.000000 10.610075 8.372615
3.000000 10.633040 8.413340
3.000000 10.656006 8.433335
3.000000 10.678972 8.450795
3.000000 10.701937 8.468255
3.000000 10.724903 8.485715
3.000000 10.747869 8.503175
3.000000 10.770835 8.520634
3.000000 10.793800 8.538094
3.000000 10.816766 8.555554
3.000000 10.839732 8.573014
3.000000 10.862697 8.590260
3.000000 10.885663 8.607424
3.000000 10.908629 8.624589
3.000000 10.931594 8.641754
3.000000 10.954560 8.658919
3.000000 10.977526 8.676084
3.000000 11.000491 8.693249
3.000000 11.023457 8.710414
3.000000 11.046423 8.727579
3.000000 11.069389 8.744744
3.000000 11.092354 8.761909
3.000000 11.115320 8.780943
3.000000 11.138286 8.803695
3.000000 11.161251 8.826447
3.000000 11.184217 8.849199
3.000000 11.207183 8.871950
3.000000 11.230148 8.894702
3.000000 11.253114 8.917454
3.000000 11.276080 8.940206
3.000000 11.299045 8.962958
3.000000 11.322011 8.985710
3.000000 11.344977 9.013698
3.000000 11.367943 9.066106
3.000000 11.390908 9.118514
3.000000 11.413874 9.170922
3.000000 11.436840 9.223330
3.000000 11.459805 9.275738
3.000000 11.482771 9.328146
3.000000 11.505737 9.380554
3.000000 11.528702 9.432962
3.000000 11.551668 9.485370
3.000000 11.574634 9.537778
4.000000 9.301030 6.166606
4.000000 9.321405 6.170147
4.000000 9.341780 6.173688
4.000000 9.362155 6.177229
4.000000 9.382531 6.181966
4.000000 9.402906 6.186922
4.000000 9.423281 6.191879
4.000000 9.443656 6.196836
4.000000 9.464031 6.201793
4.000000 9.484406 6.206749
4.000000 9.504781 6.211706
4.000000 9.525157 6.216663
4.000000 9.545532 6.221620
4.000000 9.565907 6.226576
4.000000 9.586282 6.231533
4.000000 9.606657 6.236490
4.000000 9.627032 6.243891
4.000000 9.647407 6.257222
4.000000 9.667783 6.270552
4.000000 9.688158 6.283883
4.000000 9.708533 6.297214
4.000000 9.728908 6.310545
4.000000 9.749283 6.323876
4.000000 9.769658 6.337207
4.000000 9.790033 6.350538
4.000000 9.810409 6.363869
4.000000 9.830784 6.377200
4.000000 9.851159 6.390531
4.000000 9.871534 6.410964
4.000000 9.891909 6.448812
4.000000 9.912284 6.486659
4.000000 9.932659 6.524506
4.000000 9.953035 6.562353
4.000000 9.973410 6.600201
4.000000 9.993785 6.638837
4.000000 10.014160 6.678571
4.000000 10.034535 6.718306
4.000000 10.054910 6.758040
4.000000 10.075285 6.797774
4.000000 10.095661 6.837509
4.000000 10.116036 6.877243
4.000000 10.136411 6.930486
4.000000 10.156786 6.989331
4.000000 10.177161 7.048175
4.000000 10.197536 7.107020
4.000000 10.217911 7.165864
4.000000 10.238287 7.224708
4.000000 10.258662 7.283553
4.000000 10.279037 7.342397
4.000000 10.299412 7.401242
4.000000 10.319787 7.460086
4.000000 10.340162 7.518930
4.000000 10.360537 7.570505
4.000000 10.380913 7.597260
4.000000 10.401288 7.624015
4.000000 10.421663 7.650769
4.000000 10.442038 7.677524
4.000000 10.462413 7.704279
4.000000 10.482788 7.731033
4.000000 10.503163 7.757788
4.000000 10.523539 7.784542
4.000000 10.543914 7.811297
4.000000 10.564289 7.838052
4.000000 10.584664 7.864806
4.000000 10.605039 7.891561
4.000000 10.625414 7.908906
4.000000 10.645789 7.925583
4.000000 10.666165 7.942261
4.000000 10.686540 7.958938
4.000000 10.706915 7.975616
4.000000 10.727290 7.992293
4.000000 10.747665 8.008971
4.000000 10.768040 8.025648
4.000000 10.788415 8.042325
4.000000 10.808791 8.059003
4.000000 10.829166 8.075680
4.000000 10.849541 8.092673
4.000000 10.869916 8.110864
4.000000 10.890291 8.129056
4.000000 10.910666 8.147247
4.000000 10.931041 8.165439
4.000000 10.951417 8.183631
4.000000 10.971792 8.201822
4.000000 10.992167 8.220014
4.000000 11.012542 8.238206
4.000000 11.032917 8.256397
4.000000 11.053292 8.274589
4.000000 11.073667 8.292781
4.000000 11.094043 8.330897
4.000000 11.114418 8.390512
4.000000 11.134793 8.450127
4.000000 11.155168 8.509743
4.000000 11.175543 8.569358
4.000000 11.195918 8.628974
4.000000 11.216293 8.688589
4.000000 11.236669 8.748205
4.000000 11.257044 8.807820
4.000000 11.277419 8.867436
4.000000 11.297794 8.927051
4.000000 11.318169 8.986667
5.000000 9.301030 6.148728
5.000000 9.319495 6.151069
5.000000 9.337959 6.154263
5.000000 9.356424 6.157472
5.000000 9.374889 6.160997
5.000000 9.393354 6.165698
5.000000 9.411819 6.170399
5.000000 9.430283 6.175100
5.000000 9.448748 6.179801
5.000000 9.467213 6.184501
5.000000 9.485678 6.189202
5.000000 9.504142 6.193903
5.000000 9.522607 6.198604
5.000000 9.541072 6.203305
5.000000 9.559537 6.208006
5.000000 9.578001 6.212706
5.000000 9.596466 6.217407
5.000000 9.614931 6.222108
5.000000 9.633396 6.232861
5.000000 9.651860 6.243765
5.000000 9.670325 6.254669
5.000000 9.688790 6.265573
5.000000 9.707255 6.276476
5.000000 9.725719 6.287380
5.000000 9.744184 6.298284
5.000000 9.762649 6.309188
5.000000 9.781114 6.320091
5.000000 9.799578 6.330995
5.000000 9.818043 6.341899
5.000000 9.836508 6.352803
5.000000 9.854973 6.363706
5.000000 9.873437 6.376165
5.000000 9.891902 6.400348
5.000000 9.910367 6.424531
5.000000 9.928832 6.448713
5.000000 9.947296 6.472896
5.000000 9.965761 6.497079
5.000000 9.984226 6.521262
5.000000 10.002691 6.545445
5.000000 10.021155 6.569627
5.000000 10.039620 6.593810
5.000000 10.058085 6.619250
5.000000 10.076550 6.645676
5.000000 10.095014 6.672102
5.000000 10.113479 6.698528
5.000000 10.131944 6.736213
5.000000 10.150409 6.775728
5.000000 10.168873 6.815243
5.000000 10.187338 6.854759
5.000000 10.205803 6.894274
5.000000 10.224268 6.933789
5.000000 10.242732 6.973305
5.000000 10.261197 7.012820
5.000000 10.279662 7.052335
5.000000 10.298127 7.091850
5.000000 10.316591 7.131366
5.000000 10.335056 7.170881
5.000000 10.353521 7.210396
5.000000 10.371986 7.239685
5.000000 10.390450 7.261817
5.000000 10.408915 7.283948
5.000000 10.427380 7.306080
5.000000 10.445845 7.328211
5.000000 10.464309 7.350342
5.000000 10.482774 7.372474
5.000000 10.501239 7.394605
5.000000 10.519704 7.416737
5.000000 10.538168 7.438868
5.000000 10.556633 7.461000
5.000000 10.575098 7.483131
5.000000 10.593563 7.505262
5.000000 10.612027 7.523215
5.000000 10.630492 7.532836
5.000000 10.648957 7.542458
5.000000 10.667422 7.552080
5.000000 10.685886 7.561702
5.000000 10.704351 7.571324
5.000000 10.722816 7.580946
5.000000 10.741281 7.590568
5.000000 10.759745 7.600190
5.000000 10.778210 7.609812
5.000000 10.796675 7.619434
5.000000 10.815140 7.629055
5.000000 10.833604 7.639619
5.000000 10.852069 7.652143
5.000000 10.870534 7.664666
5.000000 10.888999 7.677190
5.000000 10.907463 7.689714
5.000000 10.925928 7.702238
5.000000 10.944393 7.714762
5.000000 10.962858 7.727286
5.000000 10.981322 7.739809
5.000000 10.999787 7.752333
5.000000 11.018252 7.764857
5.000000 11.036717 7.777381
5.000000 11.055181 7.789905
5.000000 11.073646 7.802429
5.000000 11.092111 7.814952
5.000000 11.110576 7.827476
5.000000 11.129040 7.840000
