#Quasar bolometric luminosity function in different stellar mass bins from TRINITY PaperIII (Fig. 4, Zhang+2024, MNRAS, 529, 2777)
#z: 5.00
#log10(Lbol [erg/s])(0) log10(QLF_total [Mpc^-3 dex^-1])(1) log10(QLF(8<logMstar<9) [Mpc^-3 dex^-1])(2) log10(QLF(8<logMstar<9)_16th [Mpc^-3 dex^-1])(3) log10(QLF(8<logMstar<9)_84th [Mpc^-3 dex^-1])(4)
#log10(QLF(9<logMstar<10) [Mpc^-3 dex^-1])(5) log10(QLF(9<logMstar<10)_16th [Mpc^-3 dex^-1])(6) log10(QLF(9<logMstar<10)_84th [Mpc^-3 dex^-1])(7)
#log10(QLF(10<logMstar<11) [Mpc^-3 dex^-1])(8) log10(QLF(10<logMstar<11)_16th [Mpc^-3 dex^-1])(9) log10(QLF(10<logMstar<11)_84th [Mpc^-3 dex^-1])(10)
#log10(QLF(11<logMstar<12) [Mpc^-3 dex^-1])(11) log10(QLF(11<logMstar<12)_16th [Mpc^-3 dex^-1])(12) log10(QLF(11<logMstar<12)_84th [Mpc^-3 dex^-1])(13)
40.000000 -6.245276 -8.751019 -9.313691 -8.126603 -6.548350 -7.191862 -6.444081 -6.550880 -7.147243 -6.502759 -8.595355 -9.319200 -8.367275
40.040000 -6.232432 -8.705314 -9.285047 -8.095350 -6.535520 -7.176060 -6.431864 -6.538245 -7.130945 -6.490514 -8.581827 -9.301966 -8.352029
40.080000 -6.219956 -8.664128 -9.255745 -8.052626 -6.522988 -7.160892 -6.419969 -6.526027 -7.115070 -6.478548 -8.569215 -9.285220 -8.337407
40.120000 -6.207394 -8.626315 -9.219668 -8.021941 -6.510476 -7.145406 -6.407246 -6.513608 -7.098994 -6.466229 -8.556228 -9.268470 -8.322546
40.160000 -6.194762 -8.578917 -9.196331 -7.986264 -6.497858 -7.129864 -6.394608 -6.501242 -7.082964 -6.453965 -8.543653 -9.251713 -8.307821
40.200000 -6.182487 -8.548969 -9.155407 -7.967164 -6.485619 -7.113848 -6.382960 -6.489082 -7.067140 -6.441904 -8.531186 -9.235326 -8.293331
40.240000 -6.169693 -8.501187 -9.110724 -7.948975 -6.472883 -7.095920 -6.371498 -6.476546 -7.050942 -6.429468 -8.518502 -9.218514 -8.278474
40.280000 -6.157265 -8.471367 -9.059775 -7.930632 -6.460495 -7.078039 -6.359408 -6.464246 -7.034981 -6.417266 -8.506047 -9.202024 -8.263909
40.320000 -6.144670 -8.425300 -9.028124 -7.899008 -6.447997 -7.060016 -6.345064 -6.451894 -7.018968 -6.405013 -8.493591 -9.185466 -8.249278
40.360000 -6.131930 -8.392174 -8.976486 -7.866250 -6.435314 -7.041769 -6.330498 -6.439317 -7.002727 -6.392536 -8.480945 -9.168719 -8.234461
40.400000 -6.119554 -8.351522 -8.939515 -7.836044 -6.423053 -7.023926 -6.316343 -6.427151 -6.986894 -6.380468 -8.468710 -9.152389 -8.220135
40.440000 -6.106343 -8.316253 -8.891811 -7.808307 -6.409916 -7.005209 -6.301336 -6.414133 -6.970213 -6.367548 -8.455666 -9.135214 -8.205742
40.480000 -6.093523 -8.279250 -8.844608 -7.780523 -6.397223 -6.986893 -6.286710 -6.401495 -6.953917 -6.355009 -8.442993 -9.118436 -8.191839
40.520000 -6.080348 -8.243300 -8.805122 -7.752330 -6.384141 -6.968183 -6.271762 -6.388534 -6.937291 -6.342147 -8.430018 -9.101331 -8.177839
40.560000 -6.066861 -8.208830 -8.750197 -7.728292 -6.370783 -6.949165 -6.256456 -6.375215 -6.920306 -6.328927 -8.416682 -9.083879 -8.163483
40.600000 -6.053781 -8.172381 -8.717231 -7.703476 -6.357823 -6.930508 -6.241619 -6.362364 -6.903790 -6.316173 -8.403822 -9.066892 -8.149826
40.640000 -6.039236 -8.137796 -8.660211 -7.662261 -6.343414 -6.910365 -6.225265 -6.347998 -6.885764 -6.301905 -8.389449 -9.048396 -8.134957
40.680000 -6.025163 -8.098888 -8.624273 -7.617587 -6.329498 -6.890703 -6.209458 -6.334180 -6.868284 -6.288186 -8.375626 -9.030447 -8.120637
40.720000 -6.010125 -8.064621 -8.572162 -7.560634 -6.314593 -6.869957 -6.192633 -6.319342 -6.849781 -6.273447 -8.360784 -9.011480 -8.105299
40.760000 -5.994236 -8.022691 -8.531080 -7.487792 -6.298905 -6.848489 -6.175033 -6.303731 -6.830504 -6.257934 -8.345172 -8.991741 -8.089188
40.800000 -5.978907 -7.988663 -8.484131 -7.432280 -6.283714 -6.827283 -6.157935 -6.288626 -6.811613 -6.242927 -8.330066 -8.972508 -8.073581
40.840000 -5.959274 -7.941926 -8.434926 -7.380131 -6.264318 -6.802019 -6.136623 -6.269307 -6.788328 -6.223707 -8.310745 -8.949061 -8.053761
40.880000 -5.940490 -7.903121 -8.386041 -7.338713 -6.245701 -6.777195 -6.119063 -6.250787 -6.765841 -6.205286 -8.292225 -8.926414 -8.034740
40.920000 -5.917274 -7.852232 -8.334843 -7.264265 -6.222751 -6.748271 -6.098158 -6.227937 -6.739022 -6.182534 -8.269375 -8.899437 -8.011389
40.960000 -5.890340 -7.800808 -8.284353 -7.180328 -6.196064 -6.715207 -6.073511 -6.201347 -6.708464 -6.156042 -8.242784 -8.868719 -7.984298
41.000000 -5.864979 -7.747016 -8.227646 -7.124860 -6.170988 -6.683923 -6.050535 -6.176434 -6.679584 -6.131227 -8.217870 -8.839679 -7.958883
41.040000 -5.817132 -7.668138 -8.150310 -7.006320 -6.123497 -6.634375 -6.005128 -6.129086 -6.628270 -6.083123 -8.170522 -8.788204 -7.911034
41.080000 -5.774037 -7.594152 -8.081829 -6.867030 -6.080750 -6.592045 -5.964534 -6.086560 -6.581469 -6.039667 -8.127997 -8.741551 -7.868006
41.120000 -5.715415 -7.496233 -7.970867 -6.778473 -6.022642 -6.533988 -5.908594 -6.028689 -6.519070 -5.980866 -8.070127 -8.679554 -7.809635
41.160000 -5.647230 -7.388860 -7.860259 -6.636356 -5.955016 -6.466631 -5.838914 -5.961329 -6.446231 -5.912577 -8.002766 -8.608067 -7.741774
41.200000 -5.588312 -7.279791 -7.784766 -6.475065 -5.896878 -6.408650 -5.777204 -5.903597 -6.383020 -5.853916 -7.945034 -8.546207 -7.683541
41.240000 -5.578856 -7.219039 -7.756764 -6.405302 -5.888405 -6.400167 -5.765039 -5.895424 -6.369368 -5.844814 -7.936861 -8.533907 -7.674984
41.280000 -5.569601 -7.164476 -7.720361 -6.341645 -5.879964 -6.392105 -5.753104 -5.887598 -6.356062 -5.836057 -7.929035 -8.521954 -7.666898
41.320000 -5.565570 -7.108071 -7.663981 -6.293824 -5.877204 -6.388709 -5.746629 -5.885207 -6.348192 -5.832736 -7.926644 -8.515436 -7.664245
41.360000 -5.566618 -7.063121 -7.606932 -6.261221 -5.879255 -6.387514 -5.745289 -5.888126 -6.345632 -5.834726 -7.929562 -8.514228 -7.666903
41.400000 -5.567668 -7.010791 -7.579655 -6.225358 -5.881873 -6.386085 -5.744283 -5.891359 -6.343109 -5.837031 -7.932796 -8.513334 -7.669876
41.440000 -5.567963 -6.960191 -7.529622 -6.210717 -5.883677 -6.383988 -5.742673 -5.894201 -6.340164 -5.838942 -7.935638 -8.512049 -7.672457
41.480000 -5.568258 -6.910850 -7.487729 -6.183762 -5.885697 -6.382155 -5.733176 -5.897233 -6.337409 -5.841044 -7.938669 -8.510954 -7.675228
41.520000 -5.567779 -6.851726 -7.442163 -6.165993 -5.887650 -6.380645 -5.720359 -5.900331 -6.334720 -5.843213 -7.941768 -8.509925 -7.678065
41.560000 -5.566528 -6.811072 -7.399594 -6.164303 -5.887893 -6.380692 -5.708568 -5.902140 -6.330742 -5.844094 -7.943577 -8.507608 -7.679614
41.600000 -5.565280 -6.747696 -7.377034 -6.179258 -5.890090 -6.381673 -5.705032 -5.905566 -6.328379 -5.846589 -7.947002 -8.506905 -7.682779
41.640000 -5.562343 -6.715911 -7.356695 -6.168199 -5.888201 -6.378301 -5.699580 -5.905817 -6.322843 -5.845910 -7.947253 -8.503029 -7.682769
41.680000 -5.559426 -6.657875 -7.333871 -6.148272 -5.889047 -6.375777 -5.697296 -5.908083 -6.319320 -5.847247 -7.949519 -8.501168 -7.684774
41.720000 -5.555483 -6.625606 -7.299557 -6.108854 -5.886325 -6.367665 -5.691409 -5.908057 -6.313506 -5.846294 -7.949494 -8.496591 -7.684487
41.760000 -5.550541 -6.578899 -7.251007 -6.111094 -5.884518 -6.354156 -5.686254 -5.908215 -6.307871 -5.845522 -7.949652 -8.491116 -7.683029
41.800000 -5.545655 -6.541754 -7.185412 -6.110652 -5.881587 -6.347371 -5.679674 -5.908400 -6.302262 -5.844776 -7.949835 -8.485664 -7.682114
41.840000 -5.538022 -6.508104 -7.123658 -6.118422 -5.875583 -6.337672 -5.669460 -5.905257 -6.293321 -5.840704 -7.946693 -8.476883 -7.679197
41.880000 -5.530522 -6.460897 -7.059667 -6.114179 -5.871489 -6.329490 -5.665224 -5.904493 -6.286750 -5.839012 -7.945929 -8.470485 -7.678821
41.920000 -5.522142 -6.444682 -7.027759 -6.122207 -5.862166 -6.316694 -5.657201 -5.899310 -6.275760 -5.832900 -7.940745 -8.459668 -7.674028
41.960000 -5.512936 -6.395335 -7.001920 -6.121377 -5.857001 -6.307333 -5.649922 -5.897699 -6.268316 -5.830354 -7.939134 -8.453056 -7.672206
42.000000 -5.503922 -6.392305 -6.967861 -6.118295 -5.844569 -6.291398 -5.637976 -5.890551 -6.255347 -5.821302 -7.931987 -8.441886 -7.664844
42.040000 -5.494931 -6.353588 -6.947411 -6.115084 -5.838229 -6.280983 -5.628746 -5.888304 -6.248551 -5.817195 -7.929741 -8.435621 -7.662798
42.080000 -5.486122 -6.350416 -6.900284 -6.067879 -5.825642 -6.264642 -5.618053 -5.881819 -6.237593 -5.808679 -7.923255 -8.425120 -7.656948
42.120000 -5.476929 -6.325818 -6.854241 -6.064135 -5.816529 -6.251784 -5.606711 -5.877849 -6.229096 -5.802908 -7.919285 -8.417132 -7.653614
42.160000 -5.467379 -6.315773 -6.792565 -6.049153 -5.803872 -6.234755 -5.590192 -5.872049 -6.218745 -5.794507 -7.913489 -8.407312 -7.648450
42.200000 -5.458034 -6.305062 -6.743303 -6.058937 -5.791569 -6.217381 -5.580157 -5.866652 -6.208982 -5.782597 -7.908093 -8.397897 -7.643690
42.240000 -5.446349 -6.283478 -6.679576 -6.044912 -5.778297 -6.197719 -5.561780 -5.860491 -6.198402 -5.771022 -7.901936 -8.387724 -7.638168
42.280000 -5.434970 -6.284358 -6.623177 -6.039119 -5.760679 -6.175671 -5.536309 -5.852125 -6.184561 -5.755073 -7.893578 -8.375348 -7.630428
42.320000 -5.422208 -6.258676 -6.568640 -6.027721 -5.746530 -6.155488 -5.513199 -5.845915 -6.172594 -5.741459 -7.887381 -8.365128 -7.624817
42.360000 -5.408192 -6.268065 -6.506129 -5.998051 -5.723977 -6.130172 -5.494045 -5.833913 -6.154847 -5.721449 -7.875404 -8.349131 -7.613428
42.400000 -5.394614 -6.245090 -6.468369 -5.987209 -5.707771 -6.109834 -5.472558 -5.827219 -6.142285 -5.709405 -7.868739 -8.338451 -7.607352
42.440000 -5.378253 -6.252575 -6.415389 -5.981763 -5.682933 -6.080915 -5.442572 -5.813247 -6.122463 -5.695662 -7.854821 -8.321784 -7.594023
42.480000 -5.362487 -6.233911 -6.411576 -5.949376 -5.662850 -6.056479 -5.418372 -5.804389 -6.107589 -5.687156 -7.846031 -8.311978 -7.585818
42.520000 -5.345724 -6.234429 -6.400592 -5.904834 -5.638656 -6.018683 -5.391070 -5.791688 -6.088846 -5.675878 -7.833447 -8.298380 -7.573822
42.560000 -5.328097 -6.218286 -6.402576 -5.869901 -5.615252 -5.986653 -5.371233 -5.781794 -6.074437 -5.667442 -7.823719 -8.285158 -7.564684
42.600000 -5.311158 -6.210500 -6.393346 -5.832269 -5.592323 -5.959500 -5.349950 -5.770374 -6.061002 -5.652927 -7.812505 -8.270411 -7.554059
42.640000 -5.291110 -6.195276 -6.347873 -5.809948 -5.565315 -5.925293 -5.328216 -5.759163 -6.044730 -5.636145 -7.801705 -8.256076 -7.543844
42.680000 -5.271948 -6.180180 -6.316186 -5.793305 -5.540466 -5.890280 -5.296134 -5.747457 -6.025956 -5.619409 -7.790418 -8.241254 -7.533144
42.720000 -5.251580 -6.173300 -6.297723 -5.770853 -5.512394 -5.860501 -5.258541 -5.734696 -6.007646 -5.600258 -7.778406 -8.225709 -7.521722
42.760000 -5.230206 -6.151378 -6.288448 -5.753281 -5.485440 -5.834821 -5.225924 -5.722904 -5.987152 -5.582377 -7.767448 -8.211216 -7.511353
42.800000 -5.209835 -6.149246 -6.274904 -5.731272 -5.457662 -5.804572 -5.189279 -5.708756 -5.963973 -5.552667 -7.754531 -8.194765 -7.499022
42.840000 -5.187386 -6.125947 -6.265334 -5.716662 -5.429696 -5.776297 -5.157416 -5.696530 -5.948333 -5.532344 -7.743724 -8.180422 -7.488802
42.880000 -5.166041 -6.120507 -6.235216 -5.701497 -5.401809 -5.745441 -5.132617 -5.681533 -5.930447 -5.508872 -7.730748 -8.163911 -7.476416
42.920000 -5.143862 -6.095274 -6.220684 -5.694956 -5.374647 -5.707029 -5.109417 -5.670025 -5.915092 -5.486060 -7.721842 -8.151470 -7.463902
42.960000 -5.121022 -6.086459 -6.207938 -5.675592 -5.346116 -5.669200 -5.076750 -5.653273 -5.903644 -5.456871 -7.707909 -8.133509 -7.449272
43.000000 -5.099323 -6.061392 -6.199007 -5.700878 -5.320149 -5.643052 -5.052834 -5.641509 -5.899415 -5.433727 -7.700805 -8.121978 -7.439090
43.040000 -5.074115 -6.049795 -6.215715 -5.719284 -5.289510 -5.609726 -5.020766 -5.622613 -5.887630 -5.404675 -7.686146 -8.102891 -7.421172
43.080000 -5.050290 -6.031601 -6.232259 -5.721959 -5.261728 -5.584165 -4.990751 -5.605193 -5.856917 -5.383574 -7.675078 -8.087396 -7.407712
43.120000 -5.025775 -6.017926 -6.216003 -5.706424 -5.232624 -5.550033 -4.962969 -5.586782 -5.826737 -5.357427 -7.663031 -8.070906 -7.393266
43.160000 -5.000748 -6.006711 -6.219212 -5.678887 -5.204025 -5.517018 -4.929299 -5.564742 -5.799750 -5.331637 -7.648908 -8.052348 -7.376747
43.200000 -4.977086 -5.994618 -6.225461 -5.662323 -5.176644 -5.483712 -4.903407 -5.545445 -5.784239 -5.308175 -7.637816 -8.039644 -7.363253
43.240000 -4.951488 -5.985535 -6.211866 -5.644923 -5.148200 -5.448616 -4.870405 -5.520673 -5.763928 -5.279718 -7.623167 -8.025591 -7.346197
43.280000 -4.927316 -5.971283 -6.219935 -5.648364 -5.121806 -5.414301 -4.849562 -5.498293 -5.745749 -5.258004 -7.612019 -8.015036 -7.332891
43.320000 -4.903195 -5.968212 -6.215138 -5.644348 -5.095134 -5.379429 -4.825280 -5.473270 -5.719752 -5.230002 -7.598152 -8.001732 -7.318255
43.360000 -4.879185 -5.955468 -6.230645 -5.649006 -5.070372 -5.343482 -4.806927 -5.447407 -5.687552 -5.209471 -7.587247 -7.985709 -7.306584
43.400000 -4.856433 -5.960886 -6.252774 -5.639820 -5.045143 -5.317467 -4.786281 -5.422042 -5.656577 -5.183005 -7.574350 -7.966882 -7.292911
43.440000 -4.833307 -5.956359 -6.292871 -5.646949 -5.021808 -5.288545 -4.768750 -5.394099 -5.621595 -5.161695 -7.562299 -7.948892 -7.280083
43.480000 -4.811350 -5.967145 -6.334421 -5.629542 -4.998154 -5.259206 -4.754820 -5.367470 -5.587716 -5.136660 -7.549820 -7.930472 -7.265945
43.520000 -4.789767 -5.971810 -6.403172 -5.614792 -4.976707 -5.234217 -4.743626 -5.339158 -5.553851 -5.109147 -7.537468 -7.912166 -7.249365
43.560000 -4.768556 -5.988849 -6.489616 -5.595159 -4.954601 -5.211626 -4.732242 -5.311480 -5.517118 -5.082834 -7.524218 -7.892954 -7.232548
43.600000 -4.748332 -5.998952 -6.568824 -5.592429 -4.935256 -5.183986 -4.730293 -5.283126 -5.485142 -5.055332 -7.512500 -7.875251 -7.222625
43.640000 -4.728022 -6.017620 -6.663395 -5.568789 -4.915692 -5.153608 -4.710573 -5.254030 -5.454464 -5.025891 -7.499187 -7.855923 -7.211106
43.680000 -4.708620 -6.037467 -6.734919 -5.562808 -4.897323 -5.124593 -4.689285 -5.225964 -5.426327 -4.996617 -7.486317 -7.837012 -7.200031
43.720000 -4.690205 -6.060888 -6.812935 -5.574990 -4.881295 -5.106221 -4.671282 -5.196431 -5.394859 -4.969687 -7.473870 -7.818443 -7.188802
43.760000 -4.672691 -6.096677 -6.879538 -5.559637 -4.864960 -5.092519 -4.652941 -5.169705 -5.365332 -4.942806 -7.460629 -7.799066 -7.175874
43.800000 -4.655856 -6.126067 -6.968806 -5.540863 -4.851508 -5.076758 -4.636613 -5.141028 -5.332977 -4.918201 -7.447623 -7.779720 -7.162158
43.840000 -4.640648 -6.175953 -7.042136 -5.527855 -4.838479 -5.064413 -4.647975 -5.115445 -5.301502 -4.894608 -7.434476 -7.760229 -7.148209
43.880000 -4.625954 -6.212476 -7.134888 -5.544699 -4.827994 -5.053039 -4.647366 -5.088780 -5.268643 -4.872989 -7.421637 -7.743021 -7.134510
43.920000 -4.612588 -6.274835 -7.210753 -5.562040 -4.818120 -5.041916 -4.662942 -5.064002 -5.237002 -4.856924 -7.407664 -7.724685 -7.119567
43.960000 -4.600443 -6.316998 -7.317459 -5.598080 -4.811112 -5.032685 -4.662541 -5.039885 -5.206572 -4.838118 -7.395777 -7.708420 -7.106496
44.000000 -4.588628 -6.382546 -7.402589 -5.622511 -4.804800 -5.021566 -4.654919 -5.015269 -5.176007 -4.819342 -7.381166 -7.689290 -7.090660
44.040000 -4.579649 -6.440593 -7.516830 -5.651624 -4.801560 -5.008015 -4.650077 -4.994538 -5.147938 -4.806421 -7.369552 -7.671580 -7.077156
44.080000 -4.570851 -6.512170 -7.639192 -5.668917 -4.800159 -5.002154 -4.638161 -4.971917 -5.120336 -4.794229 -7.355901 -7.651119 -7.061785
44.120000 -4.563707 -6.592124 -7.793532 -5.724580 -4.799452 -5.010217 -4.627433 -4.953191 -5.093440 -4.793108 -7.343001 -7.634566 -7.043229
44.160000 -4.558138 -6.668485 -7.940714 -5.774200 -4.802774 -5.020475 -4.634199 -4.933628 -5.070633 -4.793124 -7.329785 -7.617387 -7.020586
44.200000 -4.552640 -6.767069 -8.118572 -5.836593 -4.805147 -5.025259 -4.643633 -4.916087 -5.049042 -4.784417 -7.315393 -7.599303 -6.997823
44.240000 -4.550562 -6.848124 -8.277375 -5.908725 -4.813049 -5.026978 -4.640091 -4.900459 -5.029727 -4.776299 -7.303101 -7.581993 -6.986536
44.280000 -4.548494 -6.965270 -8.483961 -5.980728 -4.820700 -5.034616 -4.654493 -4.885698 -5.011720 -4.767960 -7.288708 -7.562461 -6.972882
44.320000 -4.548297 -7.050093 -8.658935 -6.046050 -4.831293 -5.062332 -4.655314 -4.872721 -4.995105 -4.763448 -7.275722 -7.543401 -6.948039
44.360000 -4.549970 -7.171392 -8.882575 -6.107204 -4.844844 -5.088630 -4.652242 -4.861078 -4.984872 -4.759948 -7.261855 -7.522683 -6.913945
44.400000 -4.551650 -7.275265 -9.070316 -6.183076 -4.858212 -5.114480 -4.667222 -4.850582 -4.977330 -4.756005 -7.246960 -7.507069 -6.885594
44.440000 -4.556961 -7.402665 -9.310031 -6.258081 -4.877319 -5.163468 -4.695776 -4.842437 -4.972340 -4.756389 -7.233482 -7.496233 -6.859523
44.480000 -4.562338 -7.534371 -9.531130 -6.346011 -4.895284 -5.184096 -4.725812 -4.836302 -4.969917 -4.749547 -7.218343 -7.485873 -6.841350
44.520000 -4.569480 -7.664384 -9.784214 -6.435980 -4.917973 -5.219376 -4.753254 -4.830200 -4.968392 -4.744859 -7.202238 -7.474697 -6.804818
44.560000 -4.578475 -7.819151 -10.022606 -6.544022 -4.941080 -5.249761 -4.773272 -4.827923 -4.954737 -4.747824 -7.186761 -7.461384 -6.772198
44.600000 -4.587661 -7.948735 -10.276511 -6.651508 -4.966951 -5.270931 -4.795126 -4.824693 -4.959863 -4.759166 -7.168060 -7.419780 -6.740967
44.640000 -4.600317 -8.126260 -10.541782 -6.766931 -4.995817 -5.297145 -4.823589 -4.826062 -4.967830 -4.771476 -7.152008 -7.391820 -6.706052
44.680000 -4.613353 -8.261665 -10.763824 -6.896095 -5.026232 -5.344413 -4.850206 -4.827830 -4.969374 -4.780322 -7.131968 -7.368456 -6.675910
44.720000 -4.628157 -8.438946 -11.033220 -7.020983 -5.059557 -5.394148 -4.878437 -4.831420 -4.972827 -4.789430 -7.113568 -7.349465 -6.640616
44.760000 -4.644901 -8.600362 -11.230269 -7.166843 -5.094845 -5.447699 -4.906943 -4.837738 -4.978617 -4.805851 -7.090964 -7.328327 -6.607425
44.800000 -4.662317 -8.782714 -11.498934 -7.309029 -5.132961 -5.471757 -4.940328 -4.844312 -4.989040 -4.816334 -7.069400 -7.307372 -6.574145
44.840000 -4.682123 -8.972167 -11.750403 -7.467847 -5.172301 -5.515091 -4.977183 -4.854657 -5.003455 -4.833130 -7.044896 -7.285028 -6.543457
44.880000 -4.702875 -9.161726 -12.007440 -7.628106 -5.216114 -5.575087 -5.019353 -4.865037 -5.015604 -4.847773 -7.018447 -7.261631 -6.511337
44.920000 -4.725030 -9.372555 -12.273735 -7.778622 -5.259662 -5.635225 -5.062020 -4.878324 -5.029939 -4.866697 -6.993359 -7.237322 -6.479991
44.960000 -4.748757 -9.560283 -12.610484 -7.938302 -5.308118 -5.698302 -5.102316 -4.892602 -5.051208 -4.882503 -6.962956 -7.212062 -6.450584
45.000000 -4.773855 -9.796689 -12.929806 -8.105746 -5.357207 -5.759479 -5.144694 -4.909268 -5.075561 -4.898021 -6.937716 -7.187073 -6.422226
45.040000 -4.799846 -9.990841 -13.255942 -8.257808 -5.409297 -5.821096 -5.192445 -4.926904 -5.096382 -4.920345 -6.904269 -7.159371 -6.395316
45.080000 -4.827492 -10.223640 -13.609754 -8.460278 -5.464041 -5.889390 -5.242102 -4.946578 -5.121728 -4.942029 -6.877824 -7.134396 -6.369378
45.120000 -4.856086 -10.447937 -13.910619 -8.660492 -5.520984 -5.962164 -5.294963 -4.967697 -5.145579 -4.963385 -6.843177 -7.105996 -6.340959
45.160000 -4.885699 -10.686782 -14.271682 -8.932637 -5.580999 -6.034673 -5.349666 -4.990003 -5.171529 -4.980985 -6.813600 -7.079040 -6.311097
45.200000 -4.917480 -10.936244 -14.591886 -9.198857 -5.643157 -6.117617 -5.408202 -5.015330 -5.200217 -5.010066 -6.782135 -7.050577 -6.281946
45.240000 -4.948478 -11.188084 -14.923190 -9.478645 -5.708539 -6.199940 -5.467438 -5.039784 -5.229943 -5.035215 -6.748344 -7.021295 -6.251819
45.280000 -4.981860 -11.455402 -15.254490 -9.652878 -5.775829 -6.288226 -5.529948 -5.067494 -5.261465 -5.061427 -6.720593 -6.994070 -6.226252
45.320000 -5.015751 -11.704897 -15.560330 -9.844517 -5.847503 -6.377468 -5.596071 -5.095934 -5.294006 -5.092362 -6.687946 -6.966463 -6.200961
45.360000 -5.050054 -11.998834 -15.924434 -10.028200 -5.919769 -6.480659 -5.662872 -5.125484 -5.328541 -5.122110 -6.661743 -6.940913 -6.178813
45.400000 -5.087300 -12.260104 -16.236499 -10.235568 -5.998534 -6.584435 -5.735992 -5.158468 -5.366113 -5.156902 -6.632910 -6.916271 -6.159572
45.440000 -5.122021 -12.543652 -16.593687 -10.480795 -6.076434 -6.696075 -5.807794 -5.189449 -5.403206 -5.190476 -6.606972 -6.892344 -6.145973
45.480000 -5.159761 -12.837584 -16.960615 -10.704615 -6.160459 -6.814421 -5.889312 -5.224161 -5.448695 -5.228572 -6.580243 -6.869691 -6.131964
45.520000 -5.197609 -13.131718 -17.342983 -10.966522 -6.246896 -6.937861 -5.968911 -5.259583 -5.492000 -5.267810 -6.556986 -6.849444 -6.116463
45.560000 -5.235267 -13.440847 -17.710471 -11.208344 -6.335419 -7.069419 -6.054906 -5.295609 -5.533060 -5.305801 -6.533557 -6.829341 -6.101426
45.600000 -5.276504 -13.761469 -18.105801 -11.481573 -6.431799 -7.201510 -6.143801 -5.335908 -5.578329 -5.350378 -6.513802 -6.813724 -6.095433
45.640000 -5.313841 -14.082160 -18.567293 -11.785101 -6.526541 -7.345761 -6.218346 -5.373014 -5.622208 -5.386991 -6.493641 -6.788376 -6.089167
45.680000 -5.354693 -14.397622 -18.993888 -12.034032 -6.628359 -7.487753 -6.311133 -5.414633 -5.668848 -5.428378 -6.475800 -6.766680 -6.088599
45.720000 -5.395407 -14.749531 -19.514006 -12.334333 -6.732412 -7.637418 -6.412411 -5.456826 -5.716515 -5.473031 -6.461651 -6.748038 -6.090130
45.760000 -5.435526 -15.077681 -19.927986 -12.596203 -6.840381 -7.777075 -6.516322 -5.499490 -5.764352 -5.522595 -6.446157 -6.729114 -6.092844
45.800000 -5.479733 -15.415724 -20.383462 -12.910436 -6.955751 -7.931927 -6.628584 -5.547016 -5.824347 -5.577380 -6.437935 -6.717716 -6.101701
45.840000 -5.519074 -15.778622 -20.930303 -13.185767 -7.070273 -8.078912 -6.737836 -5.590818 -5.873219 -5.622884 -6.425072 -6.702515 -6.108995
45.880000 -5.562336 -16.127101 -21.388484 -13.517756 -7.191520 -8.241563 -6.856628 -5.639486 -5.927266 -5.665724 -6.418468 -6.693873 -6.122257
45.920000 -5.605400 -16.499406 -21.868962 -13.807187 -7.316859 -8.398931 -6.977743 -5.688991 -5.983028 -5.716655 -6.413247 -6.686910 -6.137460
45.960000 -5.647704 -16.882773 -22.293941 -14.112633 -7.445716 -8.576414 -7.104049 -5.738867 -6.038293 -5.773075 -6.408605 -6.681379 -6.153253
46.000000 -5.694578 -17.265609 -22.776339 -14.458560 -7.583841 -8.765758 -7.237889 -5.794227 -6.103088 -5.835459 -6.410994 -6.682600 -6.175008
46.040000 -5.736095 -17.642601 -23.174219 -14.754615 -7.719021 -8.975589 -7.370550 -5.845522 -6.166572 -5.887058 -6.409093 -6.680379 -6.192695
46.080000 -5.782005 -18.053337 -23.653219 -15.106438 -7.862938 -9.156015 -7.512644 -5.902101 -6.236241 -5.944184 -6.414110 -6.685211 -6.213337
46.120000 -5.827784 -18.452153 -24.096063 -15.441712 -8.011105 -9.366028 -7.658047 -5.959827 -6.307524 -6.001865 -6.420205 -6.702002 -6.235786
46.160000 -5.872788 -18.835274 -24.557527 -15.719421 -8.163825 -9.573413 -7.806417 -6.017714 -6.377743 -6.059614 -6.427780 -6.709102 -6.259087
46.200000 -5.923000 -19.277005 -25.060672 -16.065438 -8.324907 -9.793400 -7.955309 -6.082045 -6.453978 -6.123996 -6.442016 -6.721011 -6.283270
46.240000 -5.967298 -19.674179 -25.520387 -16.375234 -8.483413 -10.006100 -8.093057 -6.141484 -6.524473 -6.183005 -6.452282 -6.730446 -6.304611
46.280000 -6.016633 -20.110588 -26.040387 -16.705391 -8.651789 -10.217141 -8.238163 -6.206984 -6.601014 -6.248741 -6.469413 -6.745292 -6.339231
46.320000 -6.065953 -20.560543 -26.499971 -17.051027 -8.825099 -10.435682 -8.386577 -6.273607 -6.676531 -6.311154 -6.488091 -6.765913 -6.368757
46.360000 -6.114496 -20.998465 -27.026715 -17.385608 -9.002690 -10.653926 -8.537924 -6.340328 -6.754156 -6.375408 -6.507921 -6.787700 -6.397382
46.400000 -6.169157 -21.444584 -27.489688 -17.747605 -9.188473 -10.882724 -8.698515 -6.414332 -6.839198 -6.442423 -6.535269 -6.813889 -6.436463
46.440000 -6.217036 -21.911919 -28.014902 -18.080618 -9.372077 -11.110737 -8.854391 -6.482258 -6.919248 -6.506538 -6.557764 -6.831889 -6.475969
46.480000 -6.270856 -22.377741 -28.520733 -18.467675 -9.566090 -11.349869 -9.027031 -6.557200 -7.007704 -6.585516 -6.587547 -6.869443 -6.517834
46.520000 -6.324745 -22.812927 -29.035937 -18.805401 -9.766783 -11.592914 -9.232809 -6.632901 -7.096819 -6.663209 -6.619078 -6.908639 -6.556098
46.560000 -6.377733 -23.321501 -29.594369 -19.194422 -9.969000 -11.860935 -9.456726 -6.708585 -7.185025 -6.736199 -6.651074 -6.952791 -6.594090
46.600000 -6.438097 -23.780478 -30.115734 -19.562664 -10.181509 -12.166126 -9.694801 -6.792388 -7.281819 -6.816841 -6.691839 -7.004478 -6.641094
46.640000 -6.490244 -24.275898 -30.654566 -19.934128 -10.390614 -12.474506 -9.936144 -6.868439 -7.369641 -6.890525 -6.725876 -7.047187 -6.683881
46.680000 -6.549520 -24.791541 -31.138142 -20.326535 -10.613349 -12.795697 -10.176318 -6.952537 -7.466318 -6.971916 -6.768089 -7.088105 -6.734527
46.720000 -6.608878 -25.293824 -31.719428 -20.715234 -10.840038 -13.129082 -10.354683 -7.036864 -7.562283 -7.053034 -6.811845 -7.127121 -6.784144
46.760000 -6.666999 -25.791775 -32.311163 -21.112964 -11.068578 -13.465627 -10.535067 -7.120942 -7.657957 -7.133640 -6.855202 -7.165856 -6.831333
46.800000 -6.734117 -26.335057 -32.904623 -21.507418 -11.309197 -13.813700 -10.727026 -7.213808 -7.762589 -7.222649 -6.908964 -7.218355 -6.889248
46.840000 -6.790968 -26.854212 -33.519864 -21.932346 -11.545459 -14.161630 -10.911168 -7.297337 -7.857446 -7.302261 -6.953175 -7.268995 -6.941153
46.880000 -6.856397 -27.345799 -34.154190 -22.319529 -11.796408 -14.512858 -11.105128 -7.389249 -7.962653 -7.389868 -7.007126 -7.324268 -7.002642
46.920000 -6.921886 -27.926129 -34.805836 -22.756067 -12.051663 -14.854758 -11.301096 -7.481821 -8.067980 -7.480376 -7.061860 -7.380568 -7.061084
46.960000 -6.985599 -28.434574 -35.516800 -23.168260 -12.305146 -15.204298 -11.507573 -7.572793 -8.173928 -7.572617 -7.115647 -7.442030 -7.116019
47.000000 -7.060293 -29.007035 -36.178185 -23.605568 -12.575687 -15.570403 -11.803224 -7.674712 -8.290648 -7.677099 -7.181233 -7.503598 -7.182224
47.040000 -7.122135 -29.579062 -36.842309 -24.038840 -12.840492 -15.921169 -12.083294 -7.764606 -8.397521 -7.769093 -7.234449 -7.567088 -7.235350
47.080000 -7.194267 -30.147068 -37.580821 -24.504262 -13.119804 -16.277398 -12.387074 -7.864164 -8.514939 -7.871276 -7.298820 -7.641492 -7.299185
47.120000 -7.266385 -30.701074 -38.259892 -24.953889 -13.402074 -16.644899 -12.681844 -7.965125 -8.635138 -7.967683 -7.363424 -7.716144 -7.362583
47.160000 -7.335924 -31.306305 -38.953474 -25.408345 -13.683684 -17.016831 -12.931648 -8.062595 -8.754849 -8.062481 -7.426261 -7.788594 -7.424676
47.200000 -7.418762 -31.894398 -39.705203 -25.907733 -13.985918 -17.410810 -13.196283 -8.175041 -8.890420 -8.171552 -7.502553 -7.873433 -7.500897
47.240000 -7.485660 -32.437008 -40.413977 -26.347792 -14.277481 -17.772095 -13.432804 -8.270805 -9.012578 -8.266312 -7.563573 -7.937763 -7.567245
47.280000 -7.564774 -33.086345 -41.137619 -26.845648 -14.588812 -18.154530 -13.669418 -8.380262 -9.149131 -8.373450 -7.636997 -8.012403 -7.648075
47.320000 -7.643801 -33.659046 -41.969028 -27.357951 -14.895969 -18.521147 -13.907538 -8.489953 -9.289683 -8.482073 -7.710735 -8.086567 -7.726861
47.360000 -7.719241 -34.284606 -42.749798 -27.954390 -15.207870 -18.887442 -14.144291 -8.597030 -9.431826 -8.590747 -7.781161 -8.157205 -7.794287
47.400000 -7.810600 -34.941302 -43.563605 -28.549649 -15.541433 -19.283905 -14.400434 -8.721292 -9.594092 -8.712100 -7.867740 -8.244072 -7.877861
47.440000 -7.882473 -35.559251 -44.422324 -29.133337 -15.863840 -19.657421 -14.640189 -8.826477 -9.738400 -8.813897 -7.935182 -8.311484 -7.942201
47.480000 -7.968648 -36.167058 -45.231209 -29.768300 -16.200216 -20.044565 -14.895292 -8.948255 -9.901340 -8.932236 -8.017034 -8.393664 -8.020806
47.520000 -8.054663 -36.849983 -46.067215 -30.368540 -16.539357 -20.442828 -15.152116 -9.070539 -10.069489 -9.052882 -8.099041 -8.478301 -8.099576
47.560000 -8.135854 -37.476044 -46.970169 -30.961648 -16.879791 -20.839961 -15.415457 -9.190501 -10.237582 -9.168644 -8.176347 -8.560737 -8.170610
47.600000 -8.235795 -38.107063 -47.904959 -31.614218 -17.246881 -21.280300 -15.728795 -9.329940 -10.428300 -9.305837 -8.272712 -8.667119 -8.259764
47.640000 -8.312324 -38.806996 -48.784288 -32.221617 -17.598213 -21.691868 -16.019762 -9.448635 -10.599002 -9.419970 -8.345804 -8.746075 -8.324637
47.680000 -8.405285 -39.445951 -49.662334 -32.833914 -17.961167 -22.097434 -16.330670 -9.585648 -10.791101 -9.553265 -8.435550 -8.832623 -8.407152
47.720000 -8.498097 -40.138120 -50.543432 -33.408631 -18.331916 -22.522847 -16.649423 -9.725331 -10.985430 -9.687541 -8.525316 -8.927467 -8.489528
47.760000 -8.584796 -40.848938 -51.439907 -33.962153 -18.701673 -22.973349 -16.971436 -9.860498 -11.176718 -9.819065 -8.609228 -9.016142 -8.565359
47.800000 -8.693232 -41.548232 -52.408414 -34.470491 -19.106309 -23.439043 -17.319013 -10.020426 -11.392941 -9.977697 -8.715054 -9.128685 -8.667921
47.840000 -8.774293 -42.193243 -53.262551 -35.061704 -19.480059 -23.865875 -17.644776 -10.155072 -11.586975 -10.128058 -8.793742 -9.212394 -8.743317
47.880000 -8.874037 -42.949973 -54.174388 -35.538806 -19.875704 -24.322310 -17.998375 -10.312551 -11.806301 -10.300176 -8.891263 -9.317731 -8.839489
47.920000 -8.973742 -43.635387 -55.160765 -36.122279 -20.274301 -24.777067 -18.359779 -10.471437 -12.023744 -10.475527 -8.989011 -9.423725 -8.934262
47.960000 -9.065969 -44.318124 -56.034488 -36.652127 -20.680245 -25.248279 -18.718043 -10.626755 -12.240333 -10.648669 -9.079450 -9.522495 -9.022773
48.000000 -9.183212 -45.111040 -57.085460 -37.242630 -21.113924 -25.747329 -19.097791 -10.809057 -12.488868 -10.851592 -9.195137 -9.647472 -9.136283
48.040000 -9.268853 -45.795899 -58.010207 -37.811797 -21.515433 -26.290332 -19.452040 -10.964400 -12.706703 -11.026929 -9.279375 -9.742064 -9.218877
48.080000 -9.375638 -46.547122 -59.040955 -38.378580 -21.940376 -26.873029 -19.849259 -11.143702 -12.950036 -11.230200 -9.384952 -9.858005 -9.323511
48.120000 -9.482608 -47.339914 -60.192451 -38.979234 -22.374842 -27.439723 -20.279596 -11.325798 -13.183255 -11.435325 -9.490902 -9.972609 -9.432751
48.160000 -9.580599 -48.066549 -61.234411 -39.517389 -22.812648 -28.020314 -20.711803 -11.502798 -13.402767 -11.628644 -9.588021 -10.082118 -9.529329
48.200000 -9.707345 -48.805408 -62.272039 -40.183433 -23.279279 -28.634790 -21.163325 -11.710988 -13.652311 -11.835667 -9.714063 -10.219394 -9.650938
48.240000 -9.797804 -49.608059 -63.475776 -40.691009 -23.706303 -29.239982 -21.602269 -11.888915 -13.890371 -12.011788 -9.803923 -10.323282 -9.736959
48.280000 -9.912200 -50.352548 -64.531515 -41.323329 -24.160329 -29.840388 -22.048672 -12.091187 -14.160743 -12.213613 -9.917880 -10.449488 -9.849052
48.320000 -10.027147 -51.117202 -65.589610 -41.912086 -24.635308 -30.460059 -22.520072 -12.299965 -14.438009 -12.419194 -10.032474 -10.582248 -9.968886
48.360000 -10.131363 -51.948303 -66.801977 -42.524112 -25.098263 -31.086171 -22.957056 -12.498535 -14.703800 -12.615593 -10.136463 -10.705668 -10.077452
48.400000 -10.268759 -52.734100 -67.944334 -43.178861 -25.597128 -31.751173 -23.457078 -12.737836 -15.018079 -12.853482 -10.273703 -10.864283 -10.220993
48.440000 -10.364318 -53.514906 -69.014500 -43.771657 -26.048805 -32.378729 -23.902124 -12.935884 -15.291079 -13.044838 -10.369201 -10.983235 -10.309251
48.480000 -10.487013 -54.383897 -70.232376 -44.411635 -26.545600 -33.032926 -24.368314 -13.166491 -15.602660 -13.274572 -10.491911 -11.128912 -10.424034
48.520000 -10.610710 -55.168396 -71.316950 -45.015351 -27.047935 -33.701760 -24.786068 -13.398809 -15.908232 -13.521465 -10.615695 -11.272622 -10.552806
48.560000 -10.721416 -55.945495 -72.348029 -45.689633 -27.548744 -34.358378 -25.200652 -13.624714 -16.218005 -13.765521 -10.726558 -11.393205 -10.669359
48.600000 -10.870368 -56.854188 -73.609281 -46.308434 -28.070128 -35.092708 -25.652716 -13.891667 -16.562990 -14.071732 -10.875728 -11.554595 -10.814647
48.640000 -10.971165 -57.632032 -74.688548 -46.946934 -28.553398 -35.796096 -26.059153 -14.114213 -16.880307 -14.327599 -10.976820 -11.666448 -10.915583
48.680000 -11.102659 -58.467908 -75.772085 -47.586589 -29.085123 -36.566286 -26.490833 -14.369786 -17.235732 -14.568957 -11.108668 -11.811343 -11.053854
48.720000 -11.235906 -59.377202 -77.001225 -48.311625 -29.623090 -37.201648 -26.940971 -14.630686 -17.595201 -14.800165 -11.242355 -11.964040 -11.188001
48.760000 -11.353712 -60.184416 -78.165606 -48.932357 -30.142374 -37.886351 -27.372613 -14.882434 -17.941717 -15.019657 -11.360669 -12.106601 -11.304165
48.800000 -11.515880 -61.070805 -79.209138 -49.663486 -30.697870 -38.629358 -27.860981 -15.179584 -18.334499 -15.284780 -11.523447 -12.295563 -11.465799
48.840000 -11.622511 -61.977731 -80.272143 -50.342935 -31.222618 -39.334469 -28.275388 -15.426904 -18.668102 -15.495305 -11.630767 -12.429100 -11.575789
48.880000 -11.764150 -62.811661 -81.251264 -51.017358 -31.779787 -40.072272 -28.740174 -15.706865 -19.045572 -15.761935 -11.773230 -12.600759 -11.721542
48.920000 -11.908634 -63.680798 -82.254811 -51.731873 -32.361280 -40.829403 -29.212987 -16.001736 -19.414170 -16.080814 -11.918636 -12.779397 -11.869766
48.960000 -12.034510 -64.605756 -83.324662 -52.451228 -32.892775 -41.582691 -29.669967 -16.274618 -19.786129 -16.353821 -12.045599 -12.947337 -12.000589
49.000000 -12.212480 -65.506382 -84.379122 -53.165916 -33.496355 -42.403854 -30.179872 -16.610047 -20.201439 -16.643190 -12.224798 -13.169287 -12.182977
49.040000 -12.325824 -66.371926 -85.395649 -53.845445 -34.041909 -43.130097 -30.616927 -16.873210 -20.572347 -16.881555 -12.339545 -13.325730 -12.300874
49.080000 -12.479614 -67.346513 -86.540206 -54.619699 -34.649094 -43.914137 -31.113984 -17.190758 -20.965850 -17.179881 -12.494974 -13.525972 -12.461050
49.120000 -12.637974 -68.225764 -87.908238 -55.311493 -35.241460 -44.743436 -31.606215 -17.509575 -21.408545 -17.488107 -12.655118 -13.730435 -12.626086
49.160000 -12.773521 -69.125015 -89.018752 -56.039867 -35.806588 -45.524838 -32.099705 -17.815156 -21.824141 -17.791410 -12.792790 -13.900761 -12.771095
49.200000 -12.971640 -70.165334 -90.294553 -56.847477 -36.457527 -46.385466 -32.625831 -18.178996 -22.315473 -18.180894 -12.993158 -14.132821 -12.977657
49.240000 -13.093479 -71.013107 -91.668605 -57.533296 -37.033021 -47.152231 -33.097180 -18.469786 -22.713469 -18.490945 -13.117716 -14.294992 -13.110553
49.280000 -13.263435 -71.963793 -92.797917 -58.319100 -37.673866 -48.015820 -33.610945 -18.817950 -23.156067 -18.817729 -13.290492 -14.511170 -13.291983
49.320000 -13.441874 -72.969636 -94.063444 -59.137180 -38.289519 -48.867340 -34.149003 -19.170922 -23.669512 -19.149360 -13.472243 -14.741761 -13.500003
49.360000 -13.593024 -73.878034 -95.498637 -59.845357 -38.900608 -49.757238 -34.648302 -19.506086 -24.184126 -19.450103 -13.626840 -14.953301 -13.689029
49.400000 -13.826822 -74.898375 -96.714281 -60.709757 -39.586758 -50.622595 -35.229415 -19.906183 -24.698698 -19.848471 -13.864306 -15.242271 -13.937926
49.440000 -13.965229 -75.884233 -97.963326 -61.479591 -40.212791 -51.464507 -35.715276 -20.232390 -25.133195 -20.162090 -14.006413 -15.441294 -14.103417
49.480000 -14.169579 -76.821242 -99.451776 -62.297942 -40.866810 -52.363974 -36.262875 -20.605117 -25.636118 -20.526977 -14.214477 -15.707177 -14.327265
49.520000 -14.393201 -77.830269 -100.664249 -63.229487 -41.532940 -53.319352 -36.847743 -21.014428 -26.137793 -20.924839 -14.441867 -15.996736 -14.559255
49.560000 -14.574624 -78.857614 -101.941864 -64.027213 -42.165979 -54.165760 -37.351350 -21.352506 -26.606800 -21.258752 -14.626766 -16.243678 -14.740572
49.600000 -14.892055 -79.904549 -103.567476 -64.945386 -42.945032 -55.162424 -38.001519 -21.839806 -27.201652 -21.739650 -14.948053 -16.625128 -15.057668
