#Quasar bolometric luminosity function in different stellar mass bins from TRINITY PaperIII (Fig. 4, Zhang+2024, MNRAS, 529, 2777)
#z: 7.00
#log10(Lbol [erg/s])(0) log10(QLF_total [Mpc^-3 dex^-1])(1) log10(QLF(8<logMstar<9) [Mpc^-3 dex^-1])(2) log10(QLF(8<logMstar<9)_16th [Mpc^-3 dex^-1])(3) log10(QLF(8<logMstar<9)_84th [Mpc^-3 dex^-1])(4)
#log10(QLF(9<logMstar<10) [Mpc^-3 dex^-1])(5) log10(QLF(9<logMstar<10)_16th [Mpc^-3 dex^-1])(6) log10(QLF(9<logMstar<10)_84th [Mpc^-3 dex^-1])(7)
#log10(QLF(10<logMstar<11) [Mpc^-3 dex^-1])(8) log10(QLF(10<logMstar<11)_16th [Mpc^-3 dex^-1])(9) log10(QLF(10<logMstar<11)_84th [Mpc^-3 dex^-1])(10)
#log10(QLF(11<logMstar<12) [Mpc^-3 dex^-1])(11) log10(QLF(11<logMstar<12)_16th [Mpc^-3 dex^-1])(12) log10(QLF(11<logMstar<12)_84th [Mpc^-3 dex^-1])(13)
40.000000 -7.827800 -10.391899 -11.621057 -9.770428 -8.193775 -9.042571 -7.996428 -8.075200 -8.969400 -8.032082 -10.826517 -11.712477 -10.529078
40.040000 -7.812644 -10.241568 -11.330915 -9.692675 -8.178361 -9.022187 -7.977266 -8.061054 -8.951511 -8.017349 -10.785835 -11.679654 -10.500248
40.080000 -7.798000 -10.117105 -11.023543 -9.616617 -8.163293 -9.003032 -7.958920 -8.047625 -8.933894 -8.003316 -10.737363 -11.641063 -10.469180
40.120000 -7.783340 -10.015223 -10.927843 -9.577925 -8.148101 -8.983320 -7.940398 -8.034240 -8.916403 -7.990340 -10.702984 -11.612818 -10.443938
40.160000 -7.768683 -9.919533 -10.867424 -9.530138 -8.133469 -8.963267 -7.921600 -8.020558 -8.898600 -7.978328 -10.660257 -11.578703 -10.417472
40.200000 -7.754505 -9.841624 -10.819054 -9.476195 -8.118664 -8.943337 -7.903640 -8.007771 -8.881453 -7.966838 -10.629611 -11.552190 -10.396124
40.240000 -7.739775 -9.763105 -10.759882 -9.415271 -8.104199 -8.921525 -7.884495 -7.993892 -8.862776 -7.954638 -10.595148 -11.520078 -10.371981
40.280000 -7.725529 -9.700971 -10.715929 -9.365643 -8.089479 -8.901782 -7.866280 -7.980916 -8.844978 -7.943030 -10.565619 -11.490043 -10.351351
40.320000 -7.711090 -9.633945 -10.669968 -9.316971 -8.075287 -8.880210 -7.848980 -7.967382 -8.826653 -7.931095 -10.539341 -11.436940 -10.330323
40.360000 -7.696493 -9.581668 -10.589940 -9.267318 -8.060375 -8.859930 -7.831918 -7.953914 -8.808365 -7.919182 -10.512288 -11.395463 -10.309852
40.400000 -7.682371 -9.520819 -10.529108 -9.214862 -8.046362 -8.838918 -7.815605 -7.940892 -8.789423 -7.907716 -10.490409 -11.356992 -10.291339
40.440000 -7.667138 -9.462567 -10.484923 -9.148295 -8.031298 -8.817514 -7.797737 -7.926744 -8.769094 -7.895645 -10.465983 -11.333704 -10.271310
40.480000 -7.652420 -9.403260 -10.392386 -9.098944 -8.016689 -8.796452 -7.781168 -7.913325 -8.749492 -7.884241 -10.446061 -11.313831 -10.253686
40.520000 -7.637196 -9.341263 -10.326392 -9.048616 -8.002035 -8.774636 -7.763375 -7.899271 -8.729254 -7.872433 -10.424239 -11.293182 -10.234899
40.560000 -7.621534 -9.279503 -10.293314 -8.985259 -7.986673 -8.753160 -7.746054 -7.885142 -8.708941 -7.860412 -10.405371 -11.273904 -10.217164
40.600000 -7.606417 -9.213896 -10.267235 -8.933003 -7.972461 -8.731270 -7.728772 -7.871483 -8.689099 -7.849011 -10.386594 -11.254717 -10.199493
40.640000 -7.589083 -9.146599 -10.195482 -8.878057 -7.955875 -8.708486 -7.710080 -7.855973 -8.667405 -7.835688 -10.367317 -11.234502 -10.180550
40.680000 -7.572415 -9.076021 -10.134915 -8.816040 -7.940454 -8.685395 -7.696283 -7.841263 -8.646508 -7.823227 -10.349581 -11.214992 -10.162411
40.720000 -7.554119 -9.000883 -10.060435 -8.714877 -7.923619 -8.665078 -7.680495 -7.825351 -8.624412 -7.809580 -10.330918 -11.194611 -10.143188
40.760000 -7.534420 -8.920869 -10.017036 -8.603563 -7.905811 -8.644041 -7.665508 -7.808473 -8.601353 -7.794956 -10.312034 -11.173339 -10.123305
40.800000 -7.515576 -8.837236 -9.977539 -8.548945 -7.889550 -8.624681 -7.650097 -7.792973 -8.579674 -7.781767 -10.294626 -11.153525 -10.104681
40.840000 -7.489360 -8.742543 -9.918421 -8.481657 -7.866443 -8.598313 -7.630290 -7.770986 -8.551503 -7.762059 -10.271322 -11.127386 -10.079893
40.880000 -7.464638 -8.642212 -9.865852 -8.409056 -7.846216 -8.575017 -7.611182 -7.751512 -8.525848 -7.744906 -10.250494 -11.103738 -10.057480
40.920000 -7.432271 -8.529197 -9.828971 -8.302190 -7.819487 -8.545252 -7.586894 -7.726076 -8.494233 -7.721772 -10.224263 -11.074253 -10.029326
40.960000 -7.393940 -8.405172 -9.781225 -8.182116 -7.788982 -8.511847 -7.553418 -7.696459 -8.458437 -7.694475 -10.193796 -11.040579 -9.996916
41.000000 -7.358719 -8.277900 -9.733666 -8.006210 -7.764201 -8.484392 -7.519339 -7.673077 -8.428876 -7.673418 -10.169872 -11.013185 -9.970973
41.040000 -7.285422 -8.105812 -9.652347 -7.761954 -7.705734 -8.423139 -7.449327 -7.615759 -8.365374 -7.618417 -10.112066 -10.951863 -9.911174
41.080000 -7.222727 -7.937110 -9.465862 -7.682433 -7.664193 -8.379188 -7.396495 -7.575636 -8.319073 -7.576266 -10.071582 -10.907752 -9.868625
41.120000 -7.113203 -7.719681 -9.345167 -7.399689 -7.584167 -8.296627 -7.310244 -7.497130 -8.234388 -7.494709 -9.992773 -10.825269 -9.787726
41.160000 -6.985664 -7.483202 -9.235639 -7.137091 -7.498604 -8.208779 -7.226547 -7.412983 -8.144064 -7.407558 -9.908391 -10.737148 -9.701198
41.200000 -6.887202 -7.277476 -9.155453 -6.906577 -7.459865 -8.167218 -7.190313 -7.376213 -8.101114 -7.367522 -9.871446 -10.696413 -9.662085
41.240000 -6.805273 -7.092257 -9.134680 -6.870593 -7.465613 -8.170311 -7.198500 -7.383480 -8.102200 -7.371629 -9.878554 -10.699712 -9.667003
41.280000 -6.736375 -6.940872 -9.125965 -6.802123 -7.505172 -8.207524 -7.241076 -7.425487 -8.138028 -7.410099 -9.920474 -10.737759 -9.706691
41.320000 -6.712216 -6.872104 -9.128209 -6.805238 -7.566128 -8.265765 -7.304629 -7.488285 -8.194647 -7.469461 -9.983179 -10.796595 -9.767165
41.360000 -6.725688 -6.905219 -9.019336 -6.803043 -7.536937 -8.234718 -7.273902 -7.461889 -8.162071 -7.443276 -9.956731 -10.766240 -9.738464
41.400000 -6.739591 -6.896345 -9.009971 -6.839120 -7.597746 -8.293030 -7.331267 -7.525204 -8.219204 -7.507078 -10.019995 -10.825595 -9.799468
41.440000 -6.746173 -6.920111 -8.893052 -6.846923 -7.565650 -8.259225 -7.296597 -7.495970 -8.186121 -7.478320 -9.990728 -10.791180 -9.767932
41.480000 -6.752856 -6.919987 -8.834350 -6.866145 -7.584620 -8.276329 -7.312754 -7.518401 -8.205476 -7.501074 -10.013131 -10.807988 -9.788066
41.520000 -6.758383 -6.928614 -8.747246 -6.880292 -7.582061 -8.271918 -7.306713 -7.518732 -8.202734 -7.501827 -10.013443 -10.802697 -9.786101
41.560000 -6.762707 -6.947799 -8.631579 -6.870430 -7.554605 -8.243334 -7.277198 -7.495669 -8.176599 -7.478885 -9.990365 -10.774012 -9.760747
41.600000 -6.767076 -6.936252 -8.586123 -6.907453 -7.588836 -8.272647 -7.307239 -7.533214 -8.211074 -7.516697 -10.027898 -10.805936 -9.795996
41.640000 -6.765672 -6.965892 -8.418506 -6.856373 -7.525967 -8.199893 -7.242802 -7.475470 -8.150264 -7.460193 -9.970148 -10.742572 -9.735961
41.680000 -6.764273 -6.942158 -8.388562 -6.889206 -7.563281 -8.225833 -7.276137 -7.517123 -8.188836 -7.495446 -10.011794 -10.778606 -9.775325
41.720000 -6.762847 -6.975774 -8.218163 -6.854895 -7.497103 -8.149637 -7.207923 -7.456412 -8.125041 -7.425846 -9.951080 -10.712274 -9.712325
41.760000 -6.761395 -6.961683 -8.167456 -6.852800 -7.513342 -8.153234 -7.204466 -7.478512 -8.144065 -7.439967 -9.973177 -10.728755 -9.731620
41.800000 -6.759948 -6.982516 -8.034983 -6.832456 -7.473497 -8.095424 -7.148051 -7.444120 -8.106576 -7.395616 -9.938783 -10.688743 -9.694894
41.840000 -6.758980 -6.991658 -7.974019 -6.838086 -7.453880 -8.067958 -7.126838 -7.432205 -8.091572 -7.375201 -9.926868 -10.671211 -9.680428
41.880000 -6.758014 -6.991601 -7.905611 -6.826696 -7.448700 -8.053260 -7.124264 -7.432761 -8.088992 -7.374688 -9.927423 -10.666150 -9.678038
41.920000 -6.758576 -7.028660 -7.818856 -6.831154 -7.398127 -7.989662 -7.079486 -7.391216 -8.044316 -7.333712 -9.885878 -10.618985 -9.633547
41.960000 -6.760672 -7.008685 -7.781224 -6.843061 -7.423712 -8.001679 -7.095550 -7.423941 -8.073822 -7.366982 -9.918604 -10.646093 -9.663327
42.000000 -6.762778 -7.060575 -7.684440 -6.829709 -7.363925 -7.929236 -7.017748 -7.373693 -8.020041 -7.317205 -9.868361 -10.590230 -9.610138
42.040000 -6.765909 -7.041460 -7.648918 -6.855064 -7.386204 -7.936890 -7.045013 -7.405440 -8.048259 -7.349296 -9.900112 -10.617130 -9.638943
42.080000 -6.769062 -7.088504 -7.563418 -6.832978 -7.340047 -7.880441 -7.003796 -7.368687 -8.007832 -7.312894 -9.863368 -10.576159 -9.599605
42.120000 -6.770360 -7.089706 -7.578107 -6.847210 -7.335768 -7.880709 -7.007431 -7.376189 -8.011765 -7.320441 -9.870885 -10.579442 -9.605043
42.160000 -6.769786 -7.108806 -7.473119 -6.843578 -7.313376 -7.860437 -6.988594 -7.363188 -7.994887 -7.307591 -9.857904 -10.562227 -9.593001
42.200000 -6.769212 -7.133633 -7.472919 -6.841392 -7.285832 -7.839630 -6.960816 -7.349737 -7.977740 -7.293739 -9.844497 -10.547399 -9.581336
42.240000 -6.764012 -7.124530 -7.408304 -6.882311 -7.278855 -7.833901 -6.946933 -7.353104 -7.976975 -7.296848 -9.847900 -10.549643 -9.586483
42.280000 -6.758874 -7.161896 -7.381124 -6.833124 -7.236595 -7.798122 -6.904317 -7.326045 -7.945879 -7.268828 -9.820946 -10.521527 -9.561273
42.320000 -6.751127 -7.139309 -7.354506 -6.872969 -7.233094 -7.797403 -6.892715 -7.335413 -7.950974 -7.277025 -9.830383 -10.529801 -9.572452
42.360000 -6.740912 -7.171893 -7.317478 -6.855030 -7.189014 -7.758189 -6.841868 -7.306238 -7.917252 -7.246451 -9.801440 -10.499698 -9.545251
42.400000 -6.730931 -7.155386 -7.404056 -6.858289 -7.176060 -7.750092 -6.822924 -7.309277 -7.915476 -7.247150 -9.804685 -10.501783 -9.550241
42.440000 -6.715839 -7.170779 -7.370585 -6.830898 -7.137679 -7.713699 -6.776086 -7.284869 -7.884956 -7.220152 -9.780660 -10.476597 -9.527961
42.480000 -6.701255 -7.165988 -7.482755 -6.790601 -7.110468 -7.692524 -6.743548 -7.275685 -7.869800 -7.192656 -9.772004 -10.466778 -9.521046
42.520000 -6.685003 -7.163361 -7.447871 -6.790898 -7.081663 -7.664100 -6.705634 -7.260794 -7.847944 -7.163452 -9.757668 -10.451044 -9.508453
42.560000 -6.667281 -7.166648 -7.426759 -6.768763 -7.046221 -7.634672 -6.664935 -7.244720 -7.823127 -7.129441 -9.742685 -10.433578 -9.495215
42.600000 -6.650255 -7.153833 -7.466787 -6.765774 -7.021450 -7.609658 -6.634032 -7.235057 -7.802775 -7.116758 -9.733859 -10.420793 -9.488133
42.640000 -6.629129 -7.154205 -7.457560 -6.753889 -6.983685 -7.576947 -6.598436 -7.216374 -7.769751 -7.090304 -9.717158 -10.399349 -9.473174
42.680000 -6.608983 -7.144665 -7.468373 -6.761651 -6.952829 -7.545424 -6.576170 -7.202691 -7.740640 -7.055939 -9.704788 -10.381654 -9.462547
42.720000 -6.588321 -7.142548 -7.504990 -6.747813 -6.918599 -7.514983 -6.531042 -7.185772 -7.712741 -7.039503 -9.691103 -10.362643 -9.450607
42.760000 -6.567253 -7.133968 -7.518112 -6.767563 -6.886373 -7.481559 -6.489527 -7.172046 -7.696000 -7.026822 -9.680210 -10.346419 -9.441045
42.800000 -6.547160 -7.134773 -7.493510 -6.771495 -6.853585 -7.451351 -6.444299 -7.154540 -7.678119 -7.007974 -9.666766 -10.327955 -9.428614
42.840000 -6.524692 -7.120676 -7.545333 -6.785213 -6.822309 -7.418306 -6.412317 -7.141239 -7.666133 -6.996769 -9.658752 -10.317854 -9.418164
42.880000 -6.503329 -7.128741 -7.599857 -6.762987 -6.786843 -7.381127 -6.363827 -7.119902 -7.645380 -6.978375 -9.642001 -10.298798 -9.395647
42.920000 -6.480588 -7.116195 -7.637010 -6.788014 -6.755758 -7.350529 -6.338336 -7.105460 -7.621720 -6.966188 -9.635588 -10.290469 -9.383462
42.960000 -6.456726 -7.125419 -7.695429 -6.795045 -6.718241 -7.294318 -6.315592 -7.081536 -7.584899 -6.935946 -9.617327 -10.268618 -9.361476
43.000000 -6.434108 -7.115222 -7.735046 -6.810817 -6.688036 -7.252649 -6.305571 -7.065516 -7.556995 -6.915134 -9.612155 -10.259485 -9.352932
43.040000 -6.408540 -7.129983 -7.659098 -6.817179 -6.648739 -7.193942 -6.276545 -7.038852 -7.526761 -6.880134 -9.592715 -10.236084 -9.330119
43.080000 -6.384395 -7.127713 -7.747635 -6.806079 -6.616666 -7.153226 -6.270687 -7.017019 -7.502407 -6.850256 -9.584297 -10.223706 -9.318326
43.120000 -6.358980 -7.134248 -7.728768 -6.803377 -6.581660 -7.110007 -6.227697 -6.992080 -7.478966 -6.825469 -9.570699 -10.206148 -9.301347
43.160000 -6.332579 -7.151439 -7.764394 -6.807879 -6.545032 -7.070265 -6.189572 -6.962393 -7.454028 -6.794269 -9.554245 -10.185734 -9.281512
43.200000 -6.307691 -7.143392 -7.730001 -6.772298 -6.515056 -7.039267 -6.185565 -6.940159 -7.437563 -6.765852 -9.547797 -10.175325 -9.271679
43.240000 -6.279840 -7.185765 -7.697903 -6.805494 -6.475350 -6.989418 -6.153450 -6.903760 -7.402626 -6.725505 -9.523671 -10.147238 -9.244150
43.280000 -6.253669 -7.178512 -7.815135 -6.762200 -6.444659 -6.958640 -6.134411 -6.880062 -7.381997 -6.701422 -9.518319 -10.137927 -9.235394
43.320000 -6.227214 -7.230356 -7.888105 -6.787437 -6.408509 -6.908343 -6.101995 -6.844379 -7.345415 -6.662729 -9.495414 -10.111062 -9.209040
43.360000 -6.200614 -7.233043 -8.041996 -6.758096 -6.377367 -6.876015 -6.079698 -6.818545 -7.327589 -6.637545 -9.489231 -10.100919 -9.199413
43.400000 -6.175550 -7.289115 -8.058885 -6.767136 -6.345376 -6.827917 -6.042160 -6.784357 -7.286184 -6.600348 -9.468700 -10.076426 -9.175980
43.440000 -6.149947 -7.313924 -8.185458 -6.797962 -6.315787 -6.792019 -6.017893 -6.754853 -7.254316 -6.572560 -9.459239 -10.063007 -9.163830
43.480000 -6.125770 -7.353445 -8.278240 -6.764541 -6.288154 -6.752032 -5.992982 -6.723892 -7.218918 -6.536137 -9.444985 -10.044792 -9.146778
43.520000 -6.101844 -7.415697 -8.414633 -6.769888 -6.260783 -6.715990 -5.965834 -6.691132 -7.180183 -6.499223 -9.429734 -10.025581 -9.128655
43.560000 -6.078198 -7.433294 -8.586439 -6.775696 -6.235670 -6.682373 -5.959814 -6.664011 -7.153619 -6.468429 -9.421670 -10.013556 -9.117629
43.600000 -6.055774 -7.534399 -8.692038 -6.777550 -6.211530 -6.659288 -5.928488 -6.628117 -7.111552 -6.428476 -9.400829 -9.988756 -9.093504
43.640000 -6.033893 -7.557639 -8.914908 -6.757844 -6.188042 -6.634160 -5.930281 -6.605092 -7.087025 -6.404199 -9.396921 -9.980887 -9.086377
43.680000 -6.013063 -7.668713 -9.022107 -6.749145 -6.167781 -6.608323 -5.899841 -6.570311 -7.044749 -6.365476 -9.376549 -9.956556 -9.062064
43.720000 -5.992695 -7.710177 -9.254151 -6.742295 -6.146223 -6.586604 -5.879262 -6.548339 -7.019551 -6.342273 -9.372944 -9.948990 -9.054647
43.760000 -5.972770 -7.821664 -9.355191 -6.733139 -6.128657 -6.550658 -5.856201 -6.514874 -6.974680 -6.310084 -9.353533 -9.925619 -9.030477
43.800000 -5.953720 -7.891564 -9.605098 -6.750673 -6.110495 -6.524237 -5.870219 -6.489725 -6.941966 -6.295733 -9.345654 -9.913781 -9.017768
43.840000 -5.934674 -7.977404 -9.760478 -6.686652 -6.094289 -6.486324 -5.867864 -6.460325 -6.909585 -6.275384 -9.330992 -9.895160 -8.997291
43.880000 -5.916428 -8.094030 -9.973001 -6.732857 -6.079508 -6.451642 -5.858854 -6.430683 -6.878908 -6.254647 -9.316181 -9.876391 -8.975826
43.920000 -5.898855 -8.152476 -10.146105 -6.722530 -6.064121 -6.424330 -5.860153 -6.406737 -6.853504 -6.232193 -9.307128 -9.863379 -8.959859
43.960000 -5.881904 -8.314475 -10.348236 -6.731337 -6.053567 -6.427759 -5.818417 -6.373490 -6.810884 -6.199396 -9.286421 -9.838717 -8.933771
44.000000 -5.865591 -8.379732 -10.553672 -6.744353 -6.038614 -6.427495 -5.806383 -6.353493 -6.779205 -6.190576 -9.280225 -9.828567 -8.922914
44.040000 -5.849470 -8.550570 -10.698067 -6.712546 -6.030165 -6.394771 -5.774779 -6.320575 -6.727657 -6.165666 -9.258430 -9.802827 -8.894591
44.080000 -5.833926 -8.636255 -10.982032 -6.788409 -6.016570 -6.401575 -5.767271 -6.300718 -6.697616 -6.143799 -9.250783 -9.791237 -8.880114
44.120000 -5.819669 -8.808994 -11.073402 -6.784760 -6.010585 -6.411954 -5.736860 -6.270308 -6.660117 -6.114758 -9.230072 -9.766597 -8.852772
44.160000 -5.806593 -8.924009 -11.407693 -6.820521 -6.002099 -6.389765 -5.722968 -6.248689 -6.632353 -6.107349 -9.218769 -9.751385 -8.834358
44.200000 -5.793899 -9.063154 -11.546757 -6.840145 -5.996726 -6.371632 -5.710298 -6.223113 -6.599362 -6.095317 -9.201657 -9.728324 -8.811363
44.240000 -5.784219 -9.235758 -11.847658 -6.896283 -5.995182 -6.359237 -5.695609 -6.199865 -6.568483 -6.075157 -9.186202 -9.706255 -8.786057
44.280000 -5.774751 -9.343846 -12.152533 -6.936647 -5.991219 -6.349640 -5.720774 -6.181628 -6.542744 -6.058826 -9.174808 -9.692574 -8.774130
44.320000 -5.767339 -9.567930 -12.468441 -6.996515 -5.995794 -6.345324 -5.726088 -6.156159 -6.509547 -6.036357 -9.154285 -9.669962 -8.757065
44.360000 -5.761883 -9.686171 -12.772220 -7.097228 -5.994794 -6.360299 -5.724943 -6.144296 -6.489659 -6.029018 -9.147000 -9.652976 -8.748891
44.400000 -5.756494 -9.922209 -13.129797 -7.167642 -6.002666 -6.341981 -5.707947 -6.120825 -6.454531 -6.009350 -9.125714 -9.617679 -8.728580
44.440000 -5.754480 -10.062076 -13.474730 -7.294102 -6.006123 -6.352173 -5.711291 -6.111718 -6.432674 -5.996817 -9.118247 -9.595186 -8.721215
44.480000 -5.752476 -10.307420 -13.841475 -7.352825 -6.017813 -6.340459 -5.721393 -6.092852 -6.402650 -5.982662 -9.098591 -9.558709 -8.692826
44.520000 -5.752558 -10.470067 -14.226855 -7.484312 -6.026782 -6.345960 -5.729878 -6.082606 -6.384080 -5.975199 -9.086400 -9.530429 -8.678710
44.560000 -5.754728 -10.675562 -14.552038 -7.585976 -6.041678 -6.373240 -5.727755 -6.070755 -6.363531 -5.973351 -9.070738 -9.501543 -8.651898
44.600000 -5.756908 -10.903585 -14.890118 -7.712076 -6.057606 -6.420793 -5.719120 -6.058717 -6.342762 -5.962546 -9.052172 -9.487421 -8.618679
44.640000 -5.762553 -11.072895 -15.253496 -7.849824 -6.073712 -6.477679 -5.744449 -6.054138 -6.324427 -5.957102 -9.040375 -9.478411 -8.600600
44.680000 -5.768271 -11.359789 -15.543385 -7.985385 -6.098890 -6.526124 -5.728445 -6.042062 -6.296596 -5.943748 -9.016218 -9.453547 -8.567857
44.720000 -5.775752 -11.535406 -15.933739 -8.139556 -6.116016 -6.582021 -5.730381 -6.041276 -6.280710 -5.951410 -9.003288 -9.435496 -8.548646
44.760000 -5.785087 -11.841750 -16.232144 -8.273686 -6.147077 -6.635401 -5.751719 -6.033163 -6.253265 -5.947422 -8.978150 -9.397425 -8.512017
44.800000 -5.794627 -12.031435 -16.538666 -8.419741 -6.168418 -6.672322 -5.796515 -6.033870 -6.253135 -5.940813 -8.960157 -9.369099 -8.476061
44.840000 -5.807237 -12.358171 -16.929268 -8.582094 -6.203880 -6.732577 -5.785674 -6.030493 -6.255705 -5.934201 -8.935153 -9.326772 -8.439517
44.880000 -5.820225 -12.561337 -17.271533 -8.731820 -6.233713 -6.803926 -5.801537 -6.032583 -6.249675 -5.940096 -8.911317 -9.297219 -8.403459
44.920000 -5.834589 -12.834899 -17.629667 -8.929346 -6.271061 -6.879017 -5.824937 -6.033136 -6.235895 -5.943393 -8.885590 -9.258741 -8.367289
44.960000 -5.850457 -13.117194 -18.111310 -9.098748 -6.311017 -6.950636 -5.849889 -6.035732 -6.241745 -5.949063 -8.854064 -9.225016 -8.329453
45.000000 -5.866926 -13.346612 -18.482697 -9.356443 -6.348178 -7.026620 -5.895488 -6.041675 -6.249186 -5.956133 -8.828841 -9.187610 -8.288460
45.040000 -5.886354 -13.696842 -18.910239 -9.531093 -6.400853 -7.105746 -5.946146 -6.045677 -6.255665 -5.959370 -8.791200 -9.149144 -8.246239
45.080000 -5.906691 -13.929961 -19.426548 -9.773003 -6.441863 -7.181708 -5.999244 -6.057281 -6.284334 -5.970007 -8.763993 -9.124026 -8.209742
45.120000 -5.928781 -14.308708 -19.796672 -9.954243 -6.501461 -7.278744 -6.040079 -6.064918 -6.308637 -5.975791 -8.726517 -9.087043 -8.166871
45.160000 -5.952850 -14.547559 -20.250756 -10.166427 -6.550246 -7.379773 -6.095292 -6.080408 -6.332718 -5.990812 -8.695321 -9.060435 -8.132390
45.200000 -5.978332 -14.962271 -20.692459 -10.376775 -6.615955 -7.476026 -6.127884 -6.093210 -6.340778 -6.005686 -8.660506 -9.024337 -8.091480
45.240000 -6.005392 -15.201112 -20.962117 -10.585303 -6.675373 -7.591179 -6.156910 -6.111187 -6.375787 -6.026100 -8.626069 -8.994830 -8.057369
45.280000 -6.034250 -15.549633 -21.366439 -10.845213 -6.746444 -7.694244 -6.181981 -6.129406 -6.374382 -6.043418 -8.593247 -8.968213 -8.021782
45.320000 -6.064352 -15.886849 -21.722409 -11.035294 -6.819677 -7.821429 -6.220153 -6.149947 -6.387132 -6.060409 -8.556251 -8.935533 -7.988084
45.360000 -6.095824 -16.183603 -22.249296 -11.336567 -6.890464 -7.931943 -6.266371 -6.173707 -6.415109 -6.087572 -8.525830 -8.907190 -7.953308
45.400000 -6.129757 -16.601434 -22.577278 -11.569787 -6.981860 -8.065041 -6.301446 -6.197764 -6.423889 -6.111163 -8.488635 -8.874584 -7.918199
45.440000 -6.163194 -16.892841 -23.284590 -11.871182 -7.055236 -8.189536 -6.368003 -6.225324 -6.456179 -6.141519 -8.457591 -8.838955 -7.886748
45.480000 -6.199423 -17.351947 -23.735197 -12.165823 -7.155321 -8.319541 -6.422756 -6.253296 -6.487152 -6.165085 -8.423235 -8.803475 -7.853357
45.520000 -6.236183 -17.636315 -24.344913 -12.452101 -7.238065 -8.465148 -6.498118 -6.285109 -6.534054 -6.192825 -8.392630 -8.768277 -7.824900
45.560000 -6.273330 -18.147405 -24.714280 -12.812206 -7.343438 -8.595273 -6.563718 -6.315861 -6.576592 -6.216584 -8.359771 -8.726262 -7.792917
45.600000 -6.313953 -18.418904 -25.291412 -13.100853 -7.441245 -8.757952 -6.642082 -6.352153 -6.627175 -6.248276 -8.331409 -8.693500 -7.766543
45.640000 -6.351711 -18.842204 -25.705143 -13.449078 -7.550567 -8.893095 -6.720233 -6.385362 -6.668984 -6.268992 -8.298777 -8.659873 -7.738597
45.680000 -6.393067 -19.235449 -26.285670 -13.741332 -7.664743 -9.067603 -6.796182 -6.423083 -6.710681 -6.297360 -8.269709 -8.633104 -7.715554
45.720000 -6.434599 -19.599332 -26.886593 -13.949836 -7.772265 -9.217399 -6.891743 -6.462185 -6.751753 -6.328182 -8.241762 -8.605337 -7.692542
45.760000 -6.475928 -20.083977 -27.337640 -14.244353 -7.908028 -9.398742 -6.969530 -6.500662 -6.787945 -6.363633 -8.211456 -8.578529 -7.668778
45.800000 -6.521608 -20.436243 -27.950269 -14.559194 -8.019665 -9.570491 -7.073995 -6.545406 -6.834965 -6.400685 -8.187976 -8.553688 -7.653532
45.840000 -6.562418 -20.973788 -28.465253 -14.856868 -8.162821 -9.742685 -7.157749 -6.584918 -6.879303 -6.435651 -8.157707 -8.525680 -7.633775
45.880000 -6.607464 -21.301331 -29.191770 -15.249251 -8.282215 -9.937585 -7.266721 -6.630153 -6.927150 -6.478685 -8.133912 -8.504671 -7.620500
45.920000 -6.652415 -21.914427 -29.924952 -15.525113 -8.434608 -10.112791 -7.365759 -6.675367 -6.974527 -6.520896 -8.108782 -8.482150 -7.606790
45.960000 -6.696671 -22.210467 -30.605827 -15.963418 -8.569701 -10.321341 -7.474962 -6.720908 -7.030383 -6.566046 -8.085125 -8.462008 -7.594972
46.000000 -6.745955 -22.717100 -31.405065 -16.237712 -8.729653 -10.506854 -7.595360 -6.772044 -7.092033 -6.602962 -8.065433 -8.445199 -7.583797
46.040000 -6.789165 -23.163535 -32.044219 -16.677397 -8.885868 -10.718224 -7.700985 -6.817828 -7.150368 -6.651839 -8.042027 -8.424191 -7.571297
46.080000 -6.837155 -23.597232 -32.716720 -16.972221 -9.033301 -10.910897 -7.838474 -6.869356 -7.213780 -6.705651 -8.023589 -8.404457 -7.565201
46.120000 -6.884691 -24.153526 -33.382533 -17.380924 -9.225283 -11.173528 -7.954162 -6.920987 -7.278901 -6.758913 -8.006102 -8.385544 -7.559398
46.160000 -6.930927 -24.560611 -34.049114 -17.752695 -9.367765 -11.434600 -8.094854 -6.972468 -7.345537 -6.811635 -7.988613 -8.365509 -7.565348
46.200000 -6.982679 -25.187749 -34.617330 -18.114385 -9.572255 -11.761899 -8.225087 -7.030226 -7.415187 -6.873639 -7.977813 -8.351217 -7.585710
46.240000 -7.027208 -25.553548 -35.412635 -18.567231 -9.724841 -12.034124 -8.372978 -7.081865 -7.480127 -6.931919 -7.961821 -8.330959 -7.601550
46.280000 -7.076829 -26.270711 -35.962238 -18.894784 -9.931287 -12.365421 -8.514706 -7.139644 -7.552193 -6.997922 -7.952113 -8.317820 -7.613626
46.320000 -7.125903 -26.595382 -36.832600 -19.404257 -10.111476 -12.683372 -8.671307 -7.198001 -7.633864 -7.063130 -7.944257 -8.305903 -7.621128
46.360000 -7.173465 -27.175110 -37.361779 -19.719337 -10.317713 -13.006827 -8.831138 -7.256234 -7.709781 -7.128025 -7.935906 -8.289021 -7.626853
46.400000 -7.226884 -27.687195 -38.236564 -20.232552 -10.530918 -13.320659 -9.049289 -7.321488 -7.795373 -7.202058 -7.936306 -8.280544 -7.641747
46.440000 -7.272542 -28.186051 -38.786551 -20.587055 -10.715314 -13.626836 -9.243981 -7.380554 -7.880283 -7.261795 -7.930452 -8.264815 -7.651682
46.480000 -7.323571 -28.811761 -39.538817 -21.038899 -10.969074 -13.849125 -9.479027 -7.446359 -7.972607 -7.327861 -7.932546 -8.257039 -7.686942
46.520000 -7.374158 -29.281207 -40.272313 -21.503641 -11.149292 -14.182868 -9.670811 -7.513486 -8.056823 -7.390337 -7.935972 -8.247770 -7.712182
46.560000 -7.423303 -29.981896 -40.907892 -21.908779 -11.408464 -14.399314 -9.845262 -7.580780 -8.147518 -7.457240 -7.940382 -8.244948 -7.737109
46.600000 -7.478727 -30.399011 -41.789501 -22.426134 -11.609877 -14.681777 -10.090473 -7.656117 -8.252279 -7.527476 -7.953359 -8.247637 -7.755519
46.640000 -7.526194 -31.210816 -42.392820 -22.830100 -11.869350 -14.939019 -10.324042 -7.725336 -8.338254 -7.594503 -7.960644 -8.246828 -7.770677
46.680000 -7.579493 -31.564423 -43.279145 -23.198759 -12.097044 -15.243580 -10.584263 -7.802262 -8.440371 -7.666366 -7.976089 -8.274517 -7.807914
46.720000 -7.632511 -32.223092 -43.894798 -23.685334 -12.363518 -15.604562 -10.785168 -7.881103 -8.552456 -7.738695 -7.993211 -8.307402 -7.833131
46.760000 -7.684174 -32.787901 -44.789309 -24.004364 -12.622022 -15.919666 -11.008227 -7.960362 -8.664439 -7.812431 -8.011566 -8.340181 -7.863876
46.800000 -7.742824 -33.368475 -45.380020 -24.482625 -12.863621 -16.289130 -11.219368 -8.048823 -8.776680 -7.897132 -8.038948 -8.373009 -7.907867
46.840000 -7.792902 -34.053368 -46.170200 -24.838290 -13.175535 -16.677492 -11.500411 -8.130707 -8.883524 -7.977092 -8.060034 -8.410614 -7.945870
46.880000 -7.849518 -34.588535 -46.926568 -25.342692 -13.399298 -17.068550 -11.776168 -8.221467 -8.998190 -8.063736 -8.089605 -8.453023 -7.992456
46.920000 -7.905956 -35.364124 -47.611628 -25.776792 -13.723287 -17.457726 -12.078392 -8.314266 -9.116560 -8.154562 -8.121030 -8.492772 -8.040854
46.960000 -7.960973 -35.821524 -48.524222 -26.286989 -13.966579 -17.879091 -12.366020 -8.407567 -9.234346 -8.241987 -8.153175 -8.520381 -8.092000
47.000000 -8.023985 -36.737785 -49.200206 -26.817977 -14.298080 -18.260113 -12.685233 -8.511313 -9.363509 -8.345286 -8.195065 -8.551736 -8.152405
47.040000 -8.077344 -37.117125 -50.151889 -27.286818 -14.569544 -18.685782 -12.973952 -8.607316 -9.483415 -8.435503 -8.229244 -8.596540 -8.192716
47.080000 -8.138190 -37.854997 -50.842809 -27.852536 -14.903317 -19.092927 -13.289264 -8.713698 -9.614179 -8.540094 -8.272356 -8.651313 -8.249870
47.120000 -8.198923 -38.479615 -51.739080 -28.352754 -15.214231 -19.522549 -13.605876 -8.821364 -9.746742 -8.645017 -8.317280 -8.693061 -8.296534
47.160000 -8.258020 -39.130836 -52.440856 -28.919258 -15.504659 -19.968320 -13.933182 -8.930037 -9.880442 -8.752559 -8.361944 -8.742395 -8.344689
47.200000 -8.326444 -39.885341 -53.218693 -29.425736 -15.889880 -20.419701 -14.281316 -9.049913 -10.025988 -8.872413 -8.417446 -8.808697 -8.400792
47.240000 -8.383725 -40.482987 -54.069628 -30.037768 -16.157574 -20.869550 -14.602762 -9.161071 -10.162817 -8.984158 -8.463075 -8.857724 -8.449688
47.280000 -8.449725 -41.324598 -54.736353 -30.524253 -16.544577 -21.303755 -14.944807 -9.283334 -10.315589 -9.108010 -8.518626 -8.913400 -8.512239
47.320000 -8.515672 -41.834911 -55.623440 -31.099133 -16.845646 -21.762781 -15.248448 -9.406679 -10.485852 -9.232912 -8.575430 -8.969826 -8.574190
47.360000 -8.579622 -42.830997 -56.268340 -31.679508 -17.233102 -22.179698 -15.512483 -9.531263 -10.656057 -9.362249 -8.631115 -9.028092 -8.636484
47.400000 -8.654643 -43.260937 -57.027185 -32.224473 -17.569015 -22.604742 -15.789803 -9.667720 -10.840654 -9.502689 -8.698989 -9.098061 -8.714760
47.440000 -8.716509 -44.070348 -57.851605 -32.834848 -17.965846 -23.011228 -16.062787 -9.795148 -11.015561 -9.628271 -8.754369 -9.157738 -8.780692
47.480000 -8.788675 -44.752679 -58.467427 -33.409841 -18.326797 -23.444064 -16.339380 -9.932432 -11.203379 -9.769181 -8.821070 -9.228460 -8.850388
47.520000 -8.860813 -45.489745 -59.406894 -34.022417 -18.681585 -23.915808 -16.628492 -10.073710 -11.394114 -9.912132 -8.888297 -9.303328 -8.919854
47.560000 -8.930348 -46.286670 -60.051639 -34.575022 -19.116557 -24.340386 -16.908994 -10.213145 -11.584785 -10.044594 -8.953647 -9.378175 -8.982565
47.600000 -9.013179 -46.974405 -61.001010 -35.244254 -19.459312 -24.875536 -17.281052 -10.369255 -11.793245 -10.191544 -9.032795 -9.464515 -9.058914
47.640000 -9.080109 -47.861504 -61.695268 -35.779887 -19.894443 -25.291290 -17.604765 -10.511020 -11.989308 -10.325693 -9.096581 -9.534867 -9.130044
47.680000 -9.159267 -48.429664 -62.660247 -36.390667 -20.259740 -25.830343 -18.012063 -10.666276 -12.195972 -10.474115 -9.173075 -9.619956 -9.215656
47.720000 -9.238372 -49.508817 -63.333875 -37.040430 -20.714086 -26.261494 -18.364221 -10.825306 -12.400897 -10.625557 -9.249861 -9.710854 -9.295276
47.760000 -9.313938 -49.974089 -64.131963 -37.611457 -21.092016 -26.841858 -18.747286 -10.981408 -12.602518 -10.777450 -9.323503 -9.785560 -9.368505
47.800000 -9.405480 -50.883732 -65.028763 -38.299313 -21.580432 -27.306660 -19.160371 -11.158459 -12.824674 -10.947337 -9.413372 -9.885544 -9.458893
47.840000 -9.477754 -51.608384 -65.866941 -38.895600 -21.976836 -27.903283 -19.533828 -11.314705 -13.032255 -11.100632 -9.484313 -9.967567 -9.529993
47.880000 -9.564506 -52.435543 -66.853515 -39.563032 -22.398689 -28.472498 -19.956437 -11.491387 -13.268491 -11.271531 -9.569914 -10.065474 -9.616636
47.920000 -9.651229 -53.281099 -68.061509 -40.161750 -22.893035 -29.056757 -20.344290 -11.668311 -13.528576 -11.446660 -9.655720 -10.167124 -9.703309
47.960000 -9.733236 -54.034835 -69.086973 -40.867720 -23.290088 -29.676449 -20.785768 -11.845474 -13.786700 -11.621065 -9.736969 -10.268528 -9.784052
48.000000 -9.834421 -54.989403 -70.377447 -41.484632 -23.799684 -30.302769 -21.180573 -12.042028 -14.071803 -11.817604 -9.837576 -10.374984 -9.881176
48.040000 -9.912310 -55.604613 -71.412414 -42.135998 -24.218296 -30.983313 -21.631887 -12.218684 -14.322255 -11.994017 -9.915021 -10.465573 -9.947163
48.080000 -10.007288 -56.756343 -72.591306 -42.850542 -24.735715 -31.630405 -22.044046 -12.415936 -14.617814 -12.193148 -10.009677 -10.574945 -10.034838
48.120000 -10.102374 -57.283927 -73.576940 -43.484630 -25.174094 -32.351283 -22.471724 -12.616025 -14.918067 -12.407684 -10.104555 -10.679893 -10.126454
48.160000 -10.191343 -58.261590 -74.718687 -44.205929 -25.718295 -33.026192 -22.882277 -12.813289 -15.212006 -12.619446 -10.193420 -10.779606 -10.206638
48.200000 -10.303361 -59.065419 -75.881583 -44.914092 -26.190210 -33.720916 -23.349131 -13.034264 -15.503934 -12.825730 -10.305436 -10.906076 -10.309602
48.240000 -10.387162 -59.966438 -76.968271 -45.586326 -26.660245 -34.366166 -23.763747 -13.232803 -15.755359 -13.014351 -10.389320 -11.005216 -10.384200
48.280000 -10.491096 -60.851860 -78.114329 -46.301043 -27.209038 -34.989360 -24.208280 -13.453834 -16.027375 -13.226556 -10.493427 -11.123801 -10.479381
48.320000 -10.595464 -61.695636 -79.069789 -47.025897 -27.687219 -35.688063 -24.672369 -13.679128 -16.301767 -13.466066 -10.598054 -11.244115 -10.574191
48.360000 -10.692086 -62.668958 -80.420378 -47.774267 -28.225938 -36.362102 -25.113378 -13.897531 -16.574671 -13.702722 -10.695023 -11.355889 -10.669369
48.400000 -10.816547 -63.383321 -81.855601 -48.438776 -28.747941 -37.086178 -25.603070 -14.148383 -16.880691 -13.973584 -10.819915 -11.496746 -10.782634
48.440000 -10.907018 -64.575980 -83.101346 -49.335814 -29.302782 -37.732092 -26.055365 -14.368963 -17.173524 -14.190843 -10.910900 -11.605523 -10.862053
48.480000 -11.021433 -65.174517 -84.220464 -49.833355 -29.801621 -38.519447 -26.538095 -14.617334 -17.509013 -14.447276 -11.025906 -11.741322 -10.964253
48.520000 -11.137098 -66.247604 -85.445681 -50.662238 -30.422730 -39.158678 -27.012292 -14.867471 -17.850281 -14.710779 -11.142245 -11.879335 -11.070266
48.560000 -11.243298 -67.082904 -86.669118 -51.304185 -30.928313 -39.908866 -27.509945 -15.112275 -18.182869 -14.969452 -11.249179 -12.007580 -11.178784
48.600000 -11.384176 -68.114653 -87.918946 -52.078668 -31.500508 -40.694805 -28.019285 -15.394899 -18.549051 -15.266535 -11.390852 -12.172294 -11.327576
48.640000 -11.483609 -69.008852 -89.266118 -52.984345 -32.077289 -41.424655 -28.493395 -15.641473 -18.874128 -15.524182 -11.491099 -12.295780 -11.437412
48.680000 -11.612784 -69.940823 -90.516535 -53.929388 -32.635954 -42.229642 -29.014708 -15.915882 -19.257454 -15.813014 -11.621140 -12.448326 -11.575907
48.720000 -11.744911 -70.960834 -91.947685 -54.793849 -33.235237 -42.991290 -29.528187 -16.197617 -19.665920 -16.112896 -11.754092 -12.602183 -11.718431
48.760000 -11.865008 -71.722857 -93.202187 -55.610617 -33.804070 -43.724711 -30.039375 -16.467997 -20.045865 -16.400770 -11.875039 -12.735026 -11.847531
48.800000 -12.031574 -73.019407 -94.550728 -56.497998 -34.466124 -44.556284 -30.602448 -16.790896 -20.467571 -16.739847 -12.042350 -12.923433 -12.023097
48.840000 -12.143089 -73.667940 -95.776336 -57.229833 -34.995780 -45.289924 -31.110406 -17.056832 -20.827929 -16.993441 -12.154631 -13.055975 -12.132944
48.880000 -12.293517 -74.831286 -97.164162 -58.072093 -35.681867 -46.051370 -31.705454 -17.362697 -21.237229 -17.283987 -12.305711 -13.209282 -12.273258
48.920000 -12.448739 -75.743254 -98.601848 -58.933001 -36.272921 -46.914239 -32.281714 -17.676394 -21.635042 -17.576859 -12.461616 -13.371820 -12.416754
48.960000 -12.583925 -76.825676 -99.962337 -59.701994 -36.865833 -47.654626 -32.721711 -17.972840 -22.027163 -17.854207 -12.597375 -13.529996 -12.558957
49.000000 -12.781265 -77.815668 -101.484896 -60.580618 -37.562585 -48.465113 -33.325654 -18.336603 -22.474820 -18.193272 -12.795395 -13.748412 -12.751325
49.040000 -12.902368 -78.788581 -102.863494 -61.427694 -38.153177 -49.246614 -33.799427 -18.617841 -22.854997 -18.460514 -12.917124 -13.899837 -12.861854
49.080000 -13.070887 -79.842382 -104.369552 -62.246377 -38.805229 -50.090518 -34.353390 -18.957345 -23.272902 -18.773967 -13.086391 -14.106474 -13.022238
49.120000 -13.246627 -80.709150 -105.624391 -63.104386 -39.468629 -50.984160 -34.922145 -19.299844 -23.711993 -19.095682 -13.262882 -14.316067 -13.190609
49.160000 -13.393561 -82.000485 -106.913021 -64.013241 -40.138405 -51.919771 -35.471370 -19.628200 -24.113469 -19.393510 -13.410747 -14.486483 -13.336005
49.200000 -13.617295 -82.819211 -108.252170 -64.870221 -40.809117 -53.068001 -36.103009 -20.020418 -24.607745 -19.782142 -13.635570 -14.731503 -13.555044
49.240000 -13.748399 -84.013334 -109.654856 -65.720656 -41.497064 -54.088557 -36.612661 -20.332686 -24.990831 -20.083219 -13.767819 -14.891713 -13.686889
49.280000 -13.937091 -84.989115 -111.023300 -66.642884 -42.164071 -55.250956 -37.212323 -20.696882 -25.448393 -20.443597 -13.957929 -15.106430 -13.887236
49.320000 -14.140432 -86.187257 -112.436750 -67.504910 -42.846165 -56.160554 -37.826973 -21.088063 -25.909266 -20.805876 -14.162804 -15.352526 -14.107225
49.360000 -14.311236 -87.144421 -113.881295 -68.377886 -43.537652 -57.000762 -38.382695 -21.436651 -26.393533 -21.137296 -14.335346 -15.574655 -14.291833
49.400000 -14.596781 -88.316509 -115.318802 -69.408599 -44.315318 -57.952305 -39.069790 -21.893133 -27.003900 -21.608313 -14.622508 -15.904784 -14.590659
49.440000 -14.754066 -89.334751 -116.821991 -70.222014 -44.957456 -58.839871 -39.615356 -22.220907 -27.464208 -21.946218 -14.781357 -16.118908 -14.759710
49.480000 -15.003119 -90.299496 -118.148709 -71.139804 -45.695313 -59.973852 -40.242677 -22.629530 -28.026389 -22.368759 -15.032008 -16.424523 -15.021420
49.520000 -15.293488 -91.690750 -119.581221 -72.176771 -46.490608 -61.143911 -40.899880 -23.076221 -28.596774 -22.768747 -15.323642 -16.773694 -15.320411
49.560000 -15.509403 -92.509173 -120.940565 -72.981484 -47.119713 -61.950058 -41.495943 -23.422960 -29.135088 -23.161872 -15.541308 -17.042077 -15.541535
49.600000 -15.958016 -93.979051 -122.627973 -74.090442 -48.057050 -63.058796 -42.250465 -24.002474 -29.847594 -23.725418 -15.990363 -17.552578 -16.017599
