#Quasar bolometric luminosity function in different stellar mass bins from TRINITY PaperIII (Fig. 4, Zhang+2024, MNRAS, 529, 2777)
#z: 10.00
#log10(Lbol [erg/s])(0) log10(QLF_total [Mpc^-3 dex^-1])(1) log10(QLF(8<logMstar<9) [Mpc^-3 dex^-1])(2) log10(QLF(8<logMstar<9)_16th [Mpc^-3 dex^-1])(3) log10(QLF(8<logMstar<9)_84th [Mpc^-3 dex^-1])(4)
#log10(QLF(9<logMstar<10) [Mpc^-3 dex^-1])(5) log10(QLF(9<logMstar<10)_16th [Mpc^-3 dex^-1])(6) log10(QLF(9<logMstar<10)_84th [Mpc^-3 dex^-1])(7)
#log10(QLF(10<logMstar<11) [Mpc^-3 dex^-1])(8) log10(QLF(10<logMstar<11)_16th [Mpc^-3 dex^-1])(9) log10(QLF(10<logMstar<11)_84th [Mpc^-3 dex^-1])(10)
#log10(QLF(11<logMstar<12) [Mpc^-3 dex^-1])(11) log10(QLF(11<logMstar<12)_16th [Mpc^-3 dex^-1])(12) log10(QLF(11<logMstar<12)_84th [Mpc^-3 dex^-1])(13)
40.000000 -10.388153 -13.294897 -15.409185 -11.976949 -11.095329 -12.474865 -10.614667 -10.483786 -11.932484 -10.633553 -14.215233 -16.577859 -13.867049
40.040000 -10.369312 -13.206233 -15.340602 -11.931890 -11.074676 -12.415652 -10.587527 -10.465519 -11.906600 -10.599170 -14.133800 -16.417707 -13.766042
40.080000 -10.351254 -13.139740 -15.181501 -11.896426 -11.051470 -12.382630 -10.566045 -10.448865 -11.885675 -10.564116 -13.976771 -16.223704 -13.717521
40.120000 -10.333249 -13.033994 -15.089210 -11.845885 -11.031762 -12.322994 -10.537268 -10.431506 -11.858966 -10.526974 -13.894155 -16.085107 -13.627739
40.160000 -10.315319 -12.992095 -14.623747 -11.809261 -11.010674 -12.286949 -10.516365 -10.414478 -11.797672 -10.501551 -13.764069 -15.911398 -13.566097
40.200000 -10.298100 -12.886941 -14.488653 -11.766060 -10.991244 -12.248068 -10.489565 -10.398120 -11.757789 -10.465390 -13.663744 -15.803959 -13.488525
40.240000 -10.278455 -12.778614 -14.271300 -11.678561 -10.970277 -12.214380 -10.465387 -10.379175 -11.716920 -10.445584 -13.572663 -15.607792 -13.365529
40.280000 -10.259662 -12.354983 -14.044669 -11.627496 -10.950747 -12.175158 -10.440525 -10.363310 -11.687548 -10.427076 -13.466260 -15.477650 -13.320281
40.320000 -10.240715 -12.179158 -13.845175 -11.600024 -10.932655 -12.139994 -10.414392 -10.346108 -11.655755 -10.411324 -13.403065 -15.361245 -13.280187
40.360000 -10.221670 -12.035504 -13.612660 -11.525217 -10.912523 -12.097330 -10.379943 -10.329551 -11.631014 -10.393721 -13.302577 -15.240182 -13.214173
40.400000 -10.203424 -11.890519 -13.513929 -11.435143 -10.895517 -12.056013 -10.342850 -10.313923 -11.600105 -10.378956 -13.250598 -15.161764 -13.167744
40.440000 -10.183813 -11.803297 -13.273275 -11.322405 -10.874754 -12.020317 -10.318623 -10.296651 -11.577577 -10.360787 -13.158534 -15.011012 -13.061530
40.480000 -10.165050 -11.679744 -12.969992 -11.218299 -10.856552 -11.975316 -10.294403 -10.281496 -11.549989 -10.345265 -13.104159 -14.893782 -12.987013
40.520000 -10.145579 -11.607408 -12.780336 -11.128352 -10.836610 -11.944676 -10.274379 -10.264488 -11.527648 -10.328173 -13.032591 -14.800667 -12.930558
40.560000 -10.125524 -11.502332 -12.651372 -11.025456 -10.816396 -11.900521 -10.253274 -10.248838 -11.501105 -10.311347 -12.970003 -14.715410 -12.887797
40.600000 -10.106355 -11.421576 -12.518849 -10.931646 -10.798139 -11.871899 -10.231713 -10.233183 -11.473118 -10.296359 -12.922474 -14.656332 -12.858897
40.640000 -10.083635 -11.326842 -12.406714 -10.826560 -10.775004 -11.827913 -10.206776 -10.215772 -11.449807 -10.277547 -12.859144 -14.565685 -12.809693
40.680000 -10.062045 -11.237364 -12.288804 -10.728103 -10.755491 -11.796611 -10.179124 -10.199365 -11.421838 -10.262056 -12.822779 -14.463894 -12.773245
40.720000 -10.037844 -11.144833 -12.172493 -10.615736 -10.731783 -11.763639 -10.154292 -10.181938 -11.400173 -10.243624 -12.766943 -14.381838 -12.728736
40.760000 -10.011500 -11.048229 -12.058507 -10.501781 -10.708464 -11.731389 -10.117322 -10.163140 -11.371336 -10.225476 -12.731302 -14.306996 -12.695128
40.800000 -9.986664 -10.951001 -11.941108 -10.398747 -10.686547 -11.700005 -10.084466 -10.147903 -11.351699 -10.209524 -12.685464 -14.253894 -12.660893
40.840000 -9.949682 -10.836926 -11.816426 -10.275759 -10.654897 -11.660895 -10.036556 -10.122843 -11.319114 -10.184564 -12.642354 -14.199989 -12.621825
40.880000 -9.915604 -10.724396 -11.673237 -10.142300 -10.629084 -11.625404 -9.984899 -10.103223 -11.294256 -10.164970 -12.602853 -14.152548 -12.590667
40.920000 -9.869217 -10.596927 -11.493151 -9.977273 -10.593358 -11.582425 -9.918807 -10.075419 -11.261621 -10.136969 -12.555583 -14.097743 -12.549585
40.960000 -9.814305 -10.458914 -11.303612 -9.801326 -10.555428 -11.535427 -9.842947 -10.043578 -11.224066 -10.105772 -12.513170 -14.044150 -12.510796
41.000000 -9.765563 -10.322478 -11.147736 -9.624227 -10.529525 -11.501522 -9.777374 -10.026404 -11.204023 -10.088416 -12.479130 -14.002171 -12.482993
41.040000 -9.659601 -10.127619 -10.982656 -9.399003 -10.457930 -11.421473 -9.701425 -9.961745 -11.134213 -10.024732 -12.407755 -13.919932 -12.412797
41.080000 -9.574488 -9.956705 -10.819798 -9.165314 -10.417953 -11.371853 -9.664997 -9.930803 -11.100644 -9.993928 -12.364058 -13.867038 -12.373759
41.120000 -9.428266 -9.730823 -10.571484 -8.892266 -10.332481 -11.278663 -9.581552 -9.853454 -11.019039 -9.917576 -12.280829 -13.774665 -12.291138
41.160000 -9.268506 -9.495972 -10.324673 -8.606525 -10.256006 -11.201442 -9.508258 -9.786160 -10.948994 -9.850709 -12.204354 -13.689687 -12.185030
41.200000 -9.151968 -9.312868 -10.146224 -8.393850 -10.251924 -11.191939 -9.507461 -9.791614 -10.951194 -9.857066 -12.203751 -13.681059 -12.171452
41.240000 -8.874921 -8.982278 -9.837585 -8.196443 -10.118652 -11.058894 -9.376326 -9.667206 -10.823874 -9.733466 -12.073960 -13.534022 -12.027589
41.280000 -8.707127 -8.775482 -9.776212 -8.191833 -10.120707 -11.058325 -9.381792 -9.679271 -10.833506 -9.746393 -12.080148 -13.510425 -12.006697
41.320000 -8.643449 -8.685604 -9.744593 -8.295854 -10.247510 -11.184887 -9.489202 -9.815120 -10.966477 -9.883343 -12.213276 -13.622832 -12.125400
41.360000 -8.645192 -8.674873 -9.952351 -8.495819 -10.387895 -11.325616 -9.627593 -9.965923 -11.115275 -10.035068 -12.359521 -13.742227 -12.258201
41.400000 -8.646942 -8.682606 -9.858016 -8.383199 -10.305578 -11.245527 -9.544475 -9.893657 -11.040547 -9.964072 -12.285389 -13.654567 -12.181214
41.440000 -8.647260 -8.684471 -10.002311 -8.387011 -10.280281 -11.224633 -9.419826 -9.879412 -11.024244 -9.950940 -12.267898 -13.630729 -12.166268
41.480000 -8.647579 -8.686031 -10.023177 -8.399386 -10.259053 -11.206230 -9.416576 -9.869261 -11.012447 -9.942419 -12.256101 -13.610766 -12.154886
41.520000 -8.659332 -8.706345 -10.065079 -8.293690 -10.179511 -11.107950 -9.267604 -9.801312 -10.942813 -9.876084 -12.185949 -13.535258 -12.088073
41.560000 -8.683493 -8.725524 -10.112458 -8.423431 -10.241171 -11.158289 -9.326977 -9.875364 -11.015390 -9.951787 -12.258412 -13.600672 -12.162203
41.600000 -8.709077 -8.766524 -9.935134 -8.338850 -10.130210 -11.047641 -9.190978 -9.776470 -10.914774 -9.856101 -12.158298 -13.494951 -12.064552
41.640000 -8.734441 -8.781943 -10.035552 -8.446087 -10.224062 -11.143345 -9.244919 -9.883639 -11.020421 -9.967380 -12.264058 -13.594435 -12.172565
41.680000 -8.761377 -8.824828 -9.976777 -8.341761 -10.124139 -11.045109 -9.129504 -9.796783 -10.931977 -9.883996 -12.176582 -13.501187 -12.086936
41.720000 -8.785489 -8.846265 -10.064824 -8.416758 -10.155519 -11.078627 -9.127961 -9.843135 -10.976573 -9.934535 -12.221944 -13.540704 -12.134782
41.760000 -8.806186 -8.876712 -10.002170 -8.397212 -10.106185 -11.028565 -9.101069 -9.808981 -10.941137 -9.903781 -12.187342 -13.500299 -12.101972
41.800000 -8.827919 -8.902903 -10.075056 -8.418717 -10.091895 -10.979112 -9.023978 -9.812202 -10.942455 -9.894728 -12.189887 -13.497497 -12.107049
41.840000 -8.841041 -8.920773 -10.184136 -8.431320 -10.068909 -10.902538 -9.045905 -9.807235 -10.936309 -9.889710 -12.184546 -13.486495 -12.103664
41.880000 -8.854573 -8.943356 -10.178273 -8.392302 -10.026819 -10.844008 -8.964127 -9.785874 -10.912962 -9.866696 -12.162762 -13.459601 -12.084283
41.920000 -8.863356 -8.953821 -10.383928 -8.426617 -10.014943 -10.816722 -8.978544 -9.795131 -10.920864 -9.869643 -12.171724 -13.463065 -12.095348
41.960000 -8.867093 -8.971110 -10.443834 -8.317545 -9.948865 -10.758217 -8.930545 -9.754476 -10.878488 -9.822836 -12.130865 -13.417050 -12.056705
42.000000 -8.870863 -8.974469 -10.592706 -8.396999 -9.939884 -10.765153 -8.921241 -9.769108 -10.891551 -9.830544 -12.145298 -13.426180 -12.073365
42.040000 -8.866184 -8.985392 -10.531085 -8.325904 -9.864095 -10.711765 -8.855478 -9.723256 -10.844348 -9.780343 -12.099395 -13.375099 -12.029570
42.080000 -8.861555 -8.986555 -10.451218 -8.393373 -9.825096 -10.677906 -8.821376 -9.713090 -10.829248 -9.764050 -12.089198 -13.359692 -12.020782
42.120000 -8.859655 -8.998822 -10.340209 -8.346090 -9.764860 -10.645819 -8.795569 -9.686024 -10.793631 -9.732009 -12.062185 -13.327495 -11.990301
42.160000 -8.860449 -9.006109 -10.245717 -8.379291 -9.728841 -10.589346 -8.775285 -9.687495 -10.786216 -9.725927 -12.063774 -13.323989 -11.988448
42.200000 -8.861244 -9.027802 -10.277002 -8.361620 -9.664611 -10.550927 -8.762211 -9.655507 -10.744597 -9.687387 -12.032051 -13.287120 -11.953511
42.240000 -8.859242 -9.024207 -10.175294 -8.389175 -9.640898 -10.570220 -8.775449 -9.682931 -10.761154 -9.706346 -12.059776 -13.309775 -11.978703
42.280000 -8.857249 -9.053863 -10.096510 -8.406871 -9.565116 -10.514616 -8.725794 -9.633343 -10.701359 -9.647552 -12.010815 -13.255696 -11.927117
42.320000 -8.854222 -9.050797 -10.229925 -8.380827 -9.534037 -10.515226 -8.741338 -9.665627 -10.720314 -9.671299 -12.043677 -13.283499 -11.957422
42.360000 -8.850185 -9.080405 -10.292943 -8.419182 -9.468645 -10.386120 -8.683793 -9.619713 -10.665320 -9.613646 -11.998803 -13.233545 -11.909969
42.400000 -8.846184 -9.090193 -10.507517 -8.355649 -9.422244 -10.383358 -8.712712 -9.632028 -10.674084 -9.620970 -12.012173 -13.241845 -11.920769
42.440000 -8.840116 -9.113183 -10.496028 -8.432913 -9.369394 -10.347597 -8.665653 -9.608578 -10.647232 -9.576478 -11.990273 -13.214865 -11.896323
42.480000 -8.834131 -9.139742 -10.707422 -8.374610 -9.314108 -10.324439 -8.655741 -9.595130 -10.627316 -9.537611 -11.978598 -13.198131 -11.882079
42.520000 -8.824576 -9.147989 -10.570438 -8.472907 -9.271745 -10.316867 -8.633938 -9.601096 -10.623414 -9.522254 -11.986670 -13.201152 -11.887624
42.560000 -8.811684 -9.197030 -10.733970 -8.402786 -9.205092 -10.254930 -8.542609 -9.548554 -10.560051 -9.469082 -11.937241 -13.146663 -11.838771
42.600000 -8.799163 -9.179657 -10.771590 -8.444672 -9.174092 -10.284147 -8.604472 -9.591837 -10.593619 -9.508785 -11.983286 -13.187646 -11.888421
42.640000 -8.775703 -9.243613 -10.997938 -8.395284 -9.100654 -10.189352 -8.477329 -9.507190 -10.503059 -9.422019 -11.903297 -13.102602 -11.813159
42.680000 -8.753446 -9.222290 -11.041152 -8.378390 -9.056330 -10.214038 -8.509270 -9.544633 -10.524137 -9.454712 -11.944732 -13.138996 -11.858056
42.720000 -8.729488 -9.285645 -11.147713 -8.376345 -8.998976 -10.118731 -8.418827 -9.465280 -10.433481 -9.372673 -11.871012 -13.060228 -11.779503
42.760000 -8.704155 -9.294525 -11.130817 -8.370529 -8.948133 -10.098339 -8.403836 -9.467823 -10.419312 -9.370974 -11.879373 -13.063534 -11.787668
42.800000 -8.680218 -9.338714 -11.087593 -8.385963 -8.902250 -10.039244 -8.387982 -9.424874 -10.361686 -9.313502 -11.842774 -13.021886 -11.754823
42.840000 -8.652763 -9.387814 -11.118210 -8.388723 -8.852448 -9.938789 -8.348447 -9.388325 -10.313781 -9.262702 -11.814042 -12.988111 -11.729856
42.880000 -8.626940 -9.406415 -11.326446 -8.413895 -8.809381 -9.916177 -8.338249 -9.380935 -10.291163 -9.241697 -11.813742 -12.982761 -11.733317
42.920000 -8.606156 -9.512656 -11.245626 -8.402793 -8.774015 -9.791699 -8.256793 -9.314239 -10.213545 -9.180365 -11.757508 -12.923237 -11.680833
42.960000 -8.589778 -9.502282 -11.338693 -8.389830 -8.742241 -9.805064 -8.317269 -9.351418 -10.235430 -9.220381 -11.802866 -12.965834 -11.729942
43.000000 -8.573996 -9.645890 -11.474823 -8.361179 -8.719874 -9.718532 -8.232397 -9.273244 -10.143307 -9.145009 -11.736915 -12.897135 -11.667756
43.040000 -8.561875 -9.653743 -11.709051 -8.378875 -8.692111 -9.751001 -8.254966 -9.312522 -10.169122 -9.181058 -11.786740 -12.944216 -11.721345
43.080000 -8.550083 -9.793023 -11.943662 -8.447565 -8.680234 -9.675296 -8.191862 -9.246593 -10.089617 -9.109474 -11.732862 -12.885288 -11.670598
43.120000 -8.537595 -9.854645 -12.091792 -8.424972 -8.658359 -9.634687 -8.189446 -9.249898 -10.108889 -9.111981 -11.749420 -12.895829 -11.689951
43.160000 -8.524476 -9.958677 -12.419676 -8.467481 -8.642999 -9.591086 -8.175631 -9.220372 -10.094468 -9.076330 -11.731485 -12.871886 -11.674824
43.200000 -8.511742 -10.082941 -12.501995 -8.464225 -8.629919 -9.575605 -8.137829 -9.187947 -10.080588 -9.044170 -11.714129 -12.848174 -11.660278
43.240000 -8.497266 -10.150223 -12.876665 -8.483804 -8.608083 -9.557556 -8.134557 -9.191078 -10.098762 -9.036738 -11.729061 -12.856395 -11.678011
43.280000 -8.483257 -10.340411 -12.878492 -8.479022 -8.603267 -9.500140 -8.055388 -9.127400 -10.038234 -8.971463 -11.682238 -12.803408 -11.633982
43.320000 -8.468139 -10.351097 -13.285781 -8.491713 -8.576165 -9.531758 -8.076315 -9.153081 -10.054185 -8.984677 -11.720872 -12.837073 -11.675422
43.360000 -8.452040 -10.571936 -13.367149 -8.499509 -8.573044 -9.454239 -8.043928 -9.081019 -9.975859 -8.910006 -11.665833 -12.777066 -11.623194
43.400000 -8.436516 -10.606269 -13.653536 -8.481027 -8.547742 -9.464588 -8.107913 -9.096809 -9.981370 -8.914214 -11.697031 -12.803291 -11.655896
43.440000 -8.417861 -10.807267 -13.926417 -8.499275 -8.540158 -9.404177 -8.041541 -9.036275 -9.907311 -8.846387 -11.651873 -12.753157 -11.607764
43.480000 -8.399974 -10.913981 -14.204300 -8.478193 -8.522158 -9.365949 -8.030544 -9.016872 -9.879346 -8.820092 -11.649866 -12.746181 -11.602788
43.520000 -8.379611 -11.066647 -14.540671 -8.468691 -8.503785 -9.314877 -8.010564 -8.988557 -9.835257 -8.781329 -11.635653 -12.726997 -11.585610
43.560000 -8.357136 -11.248436 -14.796116 -8.457601 -8.490302 -9.237148 -7.972150 -8.938466 -9.776994 -8.727401 -11.603455 -12.689826 -11.550439
43.600000 -8.335767 -11.355136 -15.156736 -8.442416 -8.462898 -9.213261 -8.000551 -8.933863 -9.767110 -8.712345 -11.612854 -12.694250 -11.556855
43.640000 -8.312828 -11.614579 -15.440034 -8.429644 -8.456159 -9.107491 -7.926185 -8.865611 -9.699530 -8.641302 -11.562762 -12.639184 -11.503759
43.680000 -8.291040 -11.647736 -15.766859 -8.512905 -8.425005 -9.122084 -7.965738 -8.868657 -9.700752 -8.635701 -11.580584 -12.652037 -11.518597
43.720000 -8.268434 -11.936516 -16.109878 -8.513774 -8.418675 -9.076756 -7.919174 -8.803517 -9.634098 -8.566959 -11.532643 -12.598142 -11.467607
43.760000 -8.245186 -12.003992 -16.345299 -8.538537 -8.391114 -9.090740 -7.921304 -8.790801 -9.618412 -8.547801 -11.536097 -12.595525 -11.468026
43.800000 -8.223118 -12.267777 -16.753297 -8.674271 -8.379603 -9.056624 -7.909836 -8.743208 -9.567418 -8.494184 -11.503799 -12.557135 -11.432588
43.840000 -8.203754 -12.430733 -17.179269 -8.624064 -8.366832 -9.106656 -7.890592 -8.708940 -9.527134 -8.455462 -11.486314 -12.533531 -11.411957
43.880000 -8.185217 -12.642907 -17.283958 -8.793902 -8.348429 -9.078733 -7.908373 -8.690052 -9.503795 -8.441986 -11.481383 -12.526313 -11.403793
43.920000 -8.168003 -12.896689 -17.723647 -8.784017 -8.345493 -9.035871 -7.883722 -8.643041 -9.448076 -8.407836 -11.450576 -12.491662 -11.369608
43.960000 -8.151989 -13.062779 -18.114246 -8.716824 -8.323046 -9.057385 -7.916892 -8.640030 -9.438207 -8.423382 -11.461050 -12.495557 -11.376687
44.000000 -8.136545 -13.397384 -18.455108 -8.708168 -8.326696 -8.986944 -7.918260 -8.587483 -9.375343 -8.374593 -11.424011 -12.451940 -11.335849
44.040000 -8.123906 -13.481978 -19.093126 -8.680376 -8.308641 -8.981131 -7.954855 -8.584858 -9.362728 -8.371140 -11.434783 -12.456140 -11.343059
44.080000 -8.111625 -13.843776 -19.321359 -8.662221 -8.313163 -8.939990 -7.943657 -8.542526 -9.309788 -8.328473 -11.406630 -12.421412 -11.310333
44.120000 -8.099521 -13.976037 -19.916899 -8.643783 -8.303564 -8.917012 -7.950932 -8.526196 -9.285638 -8.312539 -11.403692 -12.411911 -11.303173
44.160000 -8.087589 -14.307472 -20.273984 -8.693507 -8.300831 -8.962720 -7.967970 -8.499328 -9.247799 -8.288470 -11.389322 -12.390984 -11.283458
44.200000 -8.075976 -14.540045 -20.747447 -8.763499 -8.303216 -8.932209 -7.954422 -8.466496 -9.208170 -8.257647 -11.369383 -12.364507 -11.255237
44.240000 -8.064823 -14.816652 -21.293526 -8.812521 -8.291807 -8.925115 -7.997416 -8.455701 -9.190389 -8.279114 -11.369709 -12.358321 -11.238796
44.280000 -8.053950 -15.137468 -21.636093 -8.943064 -8.300613 -8.969579 -7.977664 -8.417655 -9.151568 -8.258845 -11.343521 -12.325624 -11.207446
44.320000 -8.043414 -15.371228 -22.235629 -9.084155 -8.286630 -8.992201 -7.982267 -8.411656 -9.140047 -8.245135 -11.347481 -12.323181 -11.205172
44.360000 -8.033198 -15.763398 -22.592748 -9.141482 -8.299055 -9.025260 -7.962610 -8.372994 -9.100322 -8.216607 -11.319673 -12.288921 -11.168017
44.400000 -8.023217 -15.905974 -23.063433 -9.361575 -8.291152 -9.023258 -7.960242 -8.360554 -9.082853 -8.223568 -11.316043 -12.279125 -11.156258
44.440000 -8.014407 -16.322934 -23.649928 -9.360635 -8.301555 -8.971823 -7.934078 -8.330248 -9.050075 -8.193304 -11.295169 -12.253048 -11.123370
44.480000 -8.005773 -16.520279 -23.994335 -9.543159 -8.305501 -8.970107 -7.926634 -8.308571 -9.022112 -8.168210 -11.281053 -12.234238 -11.099910
44.520000 -7.998031 -16.908927 -24.733047 -9.676864 -8.309496 -8.965289 -7.921949 -8.289325 -9.000676 -8.154026 -11.269200 -12.215952 -11.074921
44.560000 -7.991138 -17.205876 -25.088629 -9.869095 -8.327569 -8.969655 -7.883867 -8.259884 -8.963898 -8.133204 -11.245991 -12.186276 -11.036687
44.600000 -7.984353 -17.548044 -25.818913 -10.002909 -8.326414 -9.048909 -7.864250 -8.248339 -8.945711 -8.143141 -11.238871 -12.173961 -11.006263
44.640000 -7.977976 -17.923621 -26.013958 -10.150747 -8.348995 -9.074305 -7.841516 -8.219185 -8.918885 -8.120599 -11.214898 -12.144954 -10.955682
44.680000 -7.971692 -18.234961 -26.650395 -10.359179 -8.350642 -9.187738 -7.850080 -8.207116 -8.892788 -8.095452 -11.202837 -12.130810 -10.927429
44.720000 -7.966978 -18.669381 -27.091078 -10.464539 -8.377336 -9.230875 -7.853367 -8.181176 -8.877881 -8.094329 -11.180323 -12.104485 -10.896373
44.760000 -7.963784 -18.883071 -27.915959 -10.771479 -8.392298 -9.329581 -7.832085 -8.166823 -8.844292 -8.106127 -11.161180 -12.082748 -10.864390
44.800000 -7.960613 -19.351231 -28.249487 -10.875969 -8.417893 -9.381215 -7.846224 -8.147416 -8.837124 -8.101767 -11.141296 -12.060600 -10.822000
44.840000 -7.960747 -19.618624 -29.093060 -11.120788 -8.449782 -9.458200 -7.843894 -8.131451 -8.800188 -8.077068 -11.116369 -12.036355 -10.779885
44.880000 -7.960882 -20.070748 -29.520113 -11.257748 -8.473372 -9.604659 -7.886745 -8.120770 -8.771645 -8.065425 -11.098337 -12.019721 -10.743552
44.920000 -7.962532 -20.426477 -30.237693 -11.472910 -8.521606 -9.698737 -7.903322 -8.103269 -8.748978 -8.048047 -11.069022 -11.991667 -10.693480
44.960000 -7.965716 -20.849573 -30.834960 -11.644860 -8.546494 -9.841148 -7.887232 -8.098475 -8.731123 -8.039523 -11.047005 -11.975249 -10.670363
45.000000 -7.968923 -21.270613 -31.314937 -11.869292 -8.599390 -9.931890 -7.867141 -8.085294 -8.697910 -8.029126 -11.021282 -11.942256 -10.627155
45.040000 -7.974451 -21.680709 -31.646928 -12.160566 -8.634974 -10.086578 -7.858835 -8.082066 -8.700929 -8.034031 -10.989374 -11.897513 -10.588072
45.080000 -7.980050 -22.146500 -32.215263 -12.382646 -8.692496 -10.167270 -7.925015 -8.074213 -8.680107 -8.014691 -10.965474 -11.859058 -10.549234
45.120000 -7.987489 -22.439243 -32.684228 -12.705331 -8.744850 -10.333266 -7.940093 -8.071557 -8.687806 -7.997151 -10.926169 -11.811954 -10.505528
45.160000 -7.996863 -22.963312 -33.554068 -13.005500 -8.804251 -10.445329 -8.001887 -8.071067 -8.679419 -7.982853 -10.901863 -11.777718 -10.468742
45.200000 -8.006444 -23.294800 -33.874112 -13.258695 -8.876236 -10.600214 -8.000888 -8.070110 -8.655212 -7.969323 -10.861330 -11.729913 -10.420500
45.240000 -8.018969 -23.822170 -34.929271 -13.542947 -8.934270 -10.753517 -7.994527 -8.076003 -8.683673 -7.975691 -10.832969 -11.695612 -10.386900
45.280000 -8.031866 -24.226394 -35.148265 -13.729469 -9.029025 -10.873929 -7.947291 -8.078772 -8.686906 -7.960074 -10.796192 -11.650571 -10.340549
45.320000 -8.046372 -24.744314 -36.328847 -14.061502 -9.087959 -11.082396 -7.991764 -8.088669 -8.705110 -7.952887 -10.760308 -11.611936 -10.304469
45.360000 -8.062639 -25.199546 -36.463429 -14.328277 -9.188923 -11.162310 -8.016413 -8.097393 -8.731406 -7.977346 -10.732500 -11.576297 -10.273865
45.400000 -8.079539 -25.721774 -37.189506 -14.658544 -9.262133 -11.387297 -8.051459 -8.110186 -8.723518 -7.979680 -10.688685 -11.531613 -10.232138
45.440000 -8.099826 -26.209902 -37.617380 -14.912192 -9.368108 -11.475466 -8.078762 -8.125146 -8.765765 -8.005910 -10.665670 -11.502711 -10.209110
45.480000 -8.121107 -26.584676 -38.171660 -15.270404 -9.465733 -11.708753 -8.123647 -8.142641 -8.768938 -7.996741 -10.622795 -11.458484 -10.168167
45.520000 -8.143360 -27.167527 -38.787913 -15.601048 -9.569993 -11.847657 -8.199723 -8.161519 -8.763459 -8.005558 -10.598265 -11.430336 -10.145663
45.560000 -8.166685 -27.558462 -39.175988 -15.937020 -9.694034 -12.054907 -8.249753 -8.181594 -8.789318 -8.029808 -10.558850 -11.387243 -10.104471
45.600000 -8.191333 -28.171249 -40.143540 -16.354274 -9.791584 -12.250502 -8.347112 -8.204418 -8.788714 -8.033732 -10.530900 -11.357000 -10.075711
45.640000 -8.217122 -28.613988 -40.818076 -16.586078 -9.947307 -12.466232 -8.404868 -8.227614 -8.808855 -8.032500 -10.496353 -11.317072 -10.039940
45.680000 -8.244539 -29.241431 -41.819777 -17.143328 -10.039035 -12.687701 -8.435501 -8.254240 -8.850923 -8.029543 -10.463514 -11.282037 -10.009107
45.720000 -8.272667 -29.718768 -42.183944 -17.284296 -10.201873 -12.930894 -8.484016 -8.280829 -8.889295 -8.044180 -10.437160 -11.253647 -9.981952
45.760000 -8.301528 -30.366407 -42.883024 -17.886738 -10.306958 -13.195122 -8.519767 -8.309372 -8.919140 -8.058626 -10.397203 -11.217460 -9.944248
45.800000 -8.332444 -30.864367 -43.536927 -18.025605 -10.471387 -13.382706 -8.597725 -8.339592 -8.965074 -8.068173 -10.375193 -11.197004 -9.923240
45.840000 -8.361986 -31.312659 -44.169711 -18.529071 -10.607145 -13.665251 -8.672622 -8.369146 -8.995026 -8.069302 -10.333982 -11.158588 -9.889883
45.880000 -8.393686 -31.959049 -44.926948 -18.867280 -10.761910 -13.876972 -8.743431 -8.400864 -9.040510 -8.104364 -10.310598 -11.137434 -9.878043
45.920000 -8.426166 -32.397094 -45.550604 -19.197187 -10.939846 -14.136765 -8.825472 -8.433735 -9.076495 -8.131323 -10.273505 -11.100436 -9.847222
45.960000 -8.459419 -33.104738 -46.361698 -19.576122 -11.073520 -14.397452 -8.919383 -8.467637 -9.123321 -8.174551 -10.246874 -11.073537 -9.822898
46.000000 -8.495430 -33.576199 -47.001035 -19.909539 -11.303178 -14.603283 -8.993771 -8.504482 -9.162452 -8.181662 -10.215052 -11.037361 -9.792545
46.040000 -8.530419 -34.320986 -47.932708 -20.246071 -11.412630 -14.912424 -9.108104 -8.540753 -9.199204 -8.217923 -10.184003 -10.990387 -9.764368
46.080000 -8.568476 -34.813496 -48.746653 -20.634334 -11.653089 -15.108898 -9.189836 -8.580128 -9.239000 -8.262910 -10.159396 -10.948307 -9.743412
46.120000 -8.607005 -35.596286 -49.542153 -20.974111 -11.778767 -15.425996 -9.308964 -8.620679 -9.286881 -8.297110 -10.125251 -10.896826 -9.711200
46.160000 -8.645804 -36.098797 -50.041397 -21.278347 -12.013231 -15.651019 -9.402901 -8.661399 -9.339754 -8.335055 -10.103694 -10.858601 -9.691891
46.200000 -8.688412 -36.621951 -51.142498 -21.860449 -12.193662 -15.980204 -9.535648 -8.706847 -9.392789 -8.349052 -10.073020 -10.819033 -9.691256
46.240000 -8.727059 -37.342981 -51.545871 -22.028757 -12.403804 -16.284114 -9.658928 -8.748253 -9.460801 -8.377568 -10.051103 -10.795219 -9.678764
46.280000 -8.769484 -37.824493 -52.797137 -22.621440 -12.647925 -16.621888 -9.800332 -8.794505 -9.519229 -8.399488 -10.022442 -10.763348 -9.655035
46.320000 -8.812045 -38.642566 -53.124789 -22.929990 -12.817700 -16.986138 -9.930948 -8.841063 -9.581679 -8.434125 -10.002253 -10.742295 -9.633179
46.360000 -8.854316 -39.136917 -54.488535 -23.440884 -13.136364 -17.392142 -10.080932 -8.888413 -9.637603 -8.463943 -9.976628 -10.714501 -9.621284
46.400000 -8.901149 -40.016210 -54.730472 -23.960956 -13.262354 -17.759574 -10.245466 -8.940979 -9.709872 -8.504951 -9.958697 -10.696670 -9.616720
46.440000 -8.941624 -40.516933 -55.518594 -24.358221 -13.588294 -18.058727 -10.440979 -8.987872 -9.769885 -8.545211 -9.937327 -10.674673 -9.611886
46.480000 -8.986264 -41.442186 -56.282029 -25.199573 -13.733866 -18.380245 -10.643923 -9.040645 -9.842090 -8.595920 -9.915570 -10.653094 -9.608811
46.520000 -9.030467 -41.948950 -56.883505 -25.526096 -14.044057 -18.768596 -10.851498 -9.093121 -9.911478 -8.660547 -9.902282 -10.641398 -9.621616
46.560000 -9.073545 -42.529976 -58.010845 -26.483748 -14.268963 -19.057259 -11.092040 -9.146971 -9.989906 -8.713081 -9.881692 -10.620059 -9.617781
46.600000 -9.121372 -43.344280 -58.708396 -26.708651 -14.540798 -19.495065 -11.309804 -9.205561 -10.068986 -8.768685 -9.875324 -10.617392 -9.613056
46.640000 -9.162324 -43.854657 -59.796658 -27.437166 -14.854021 -19.799170 -11.552596 -9.260209 -10.149543 -8.788862 -9.857419 -10.599243 -9.598030
46.680000 -9.207545 -44.790262 -60.768428 -27.951328 -15.055898 -20.238218 -11.805108 -9.319672 -10.230273 -8.840160 -9.850479 -10.596002 -9.594841
46.720000 -9.252128 -45.302968 -61.814111 -28.531554 -15.472456 -20.597727 -11.967939 -9.381316 -10.312932 -8.879852 -9.841684 -10.587836 -9.593404
46.760000 -9.295296 -46.310375 -62.928096 -29.330653 -15.604525 -21.228027 -12.247779 -9.443048 -10.407583 -8.941791 -9.835332 -10.568876 -9.593661
46.800000 -9.343232 -46.825586 -63.971228 -29.801229 -16.024648 -21.446736 -12.445524 -9.511314 -10.514626 -9.025754 -9.836830 -10.555284 -9.611851
46.840000 -9.384816 -47.889370 -64.711209 -30.759530 -16.195227 -22.058368 -12.696870 -9.576769 -10.615574 -9.102958 -9.831854 -10.532931 -9.630641
46.880000 -9.430807 -48.398524 -65.853140 -31.162389 -16.575445 -22.441108 -12.850553 -9.647219 -10.715875 -9.187569 -9.837032 -10.522112 -9.661473
46.920000 -9.476407 -49.029899 -66.771056 -31.976036 -16.860860 -22.919141 -13.136008 -9.722128 -10.832788 -9.274378 -9.840832 -10.529981 -9.692113
46.960000 -9.520881 -49.938257 -67.933546 -32.514070 -17.181965 -23.360571 -13.295303 -9.795809 -10.942767 -9.360572 -9.849682 -10.549818 -9.725625
47.000000 -9.570435 -50.480534 -68.986757 -32.981876 -17.580417 -23.830282 -13.584275 -9.880026 -11.072330 -9.450452 -9.863070 -10.572386 -9.759921
47.040000 -9.613629 -51.536940 -70.195069 -33.651377 -17.813954 -24.294295 -13.783274 -9.958694 -11.182654 -9.505539 -9.874680 -10.564267 -9.782073
47.080000 -9.661598 -52.064537 -71.286065 -34.076569 -18.328251 -24.779479 -14.051802 -10.047041 -11.303495 -9.571064 -9.891983 -10.597678 -9.827080
47.120000 -9.709191 -53.210840 -72.556321 -34.640068 -18.483792 -25.175244 -14.313707 -10.137145 -11.403529 -9.635345 -9.912125 -10.626982 -9.855323
47.160000 -9.755590 -53.729032 -73.621998 -35.212734 -18.981126 -25.635173 -14.586650 -10.228907 -11.522001 -9.716741 -9.933596 -10.649343 -9.898114
47.200000 -9.807546 -54.943706 -74.428014 -35.649495 -19.204034 -25.995301 -14.857386 -10.331253 -11.649062 -9.809718 -9.962094 -10.673828 -9.941875
47.240000 -9.852844 -55.451222 -75.692456 -36.416568 -19.644647 -26.397192 -15.026675 -10.428205 -11.788893 -9.905907 -9.987060 -10.692649 -9.982945
47.280000 -9.903423 -56.122479 -76.654820 -36.734969 -19.999756 -26.922028 -15.353167 -10.537146 -11.937595 -10.004088 -10.018301 -10.713241 -10.009771
47.320000 -9.953675 -57.142790 -77.973840 -37.563404 -20.379021 -27.300071 -15.542965 -10.645293 -12.087454 -10.113810 -10.052443 -10.742381 -10.039650
47.360000 -10.002665 -57.699297 -79.059899 -37.833054 -20.850115 -27.911951 -15.870243 -10.759626 -12.255153 -10.205307 -10.086212 -10.767042 -10.070662
47.400000 -10.057892 -58.894342 -80.437218 -38.549394 -21.134646 -28.430474 -16.109763 -10.881236 -12.459441 -10.326969 -10.128574 -10.819457 -10.100286
47.440000 -10.105575 -59.427761 -81.554517 -39.038882 -21.734111 -29.013847 -16.418139 -11.001786 -12.665739 -10.433722 -10.164559 -10.860937 -10.142320
47.480000 -10.159145 -60.714958 -82.992198 -39.634980 -21.924381 -29.599781 -16.722667 -11.130627 -12.851484 -10.553879 -10.208191 -10.885513 -10.182169
47.520000 -10.212274 -61.241366 -83.818294 -40.287081 -22.497771 -30.154703 -16.992559 -11.262430 -13.024087 -10.667750 -10.252801 -10.940674 -10.217828
47.560000 -10.263811 -62.594373 -84.776811 -40.746139 -22.772060 -30.781975 -17.369817 -11.398486 -13.219171 -10.783752 -10.296891 -10.995578 -10.263625
47.600000 -10.322298 -63.112308 -86.138786 -41.598223 -23.282907 -31.269374 -17.623719 -11.543760 -13.411060 -10.905509 -10.349197 -11.059604 -10.315361
47.640000 -10.372337 -63.807604 -86.960739 -42.033581 -23.703115 -31.954685 -17.985001 -11.687923 -13.612036 -11.019035 -10.393863 -11.120548 -10.362620
47.680000 -10.428901 -64.947161 -88.562612 -42.829130 -24.144532 -32.461105 -18.286563 -11.837900 -13.808454 -11.147498 -10.446178 -11.199388 -10.415494
47.720000 -10.485149 -65.519974 -89.328804 -43.318081 -24.688288 -33.080669 -18.743330 -11.995486 -14.021543 -11.267330 -10.498774 -11.250632 -10.470237
47.760000 -10.539785 -66.843289 -91.045119 -43.902460 -25.017646 -33.665384 -19.184859 -12.153548 -14.224612 -11.404594 -10.550488 -11.299419 -10.524243
47.800000 -10.602297 -67.394289 -91.789721 -44.711564 -25.707572 -34.320017 -19.612453 -12.326076 -14.454716 -11.534822 -10.610584 -11.366267 -10.586212
47.840000 -10.655401 -68.815770 -93.568041 -45.391456 -25.934124 -34.931411 -20.102196 -12.492109 -14.668473 -11.683706 -10.661779 -11.424449 -10.641215
47.880000 -10.715915 -69.349035 -94.173739 -46.206742 -26.578137 -35.594194 -20.521146 -12.668101 -14.902241 -11.817955 -10.720798 -11.491913 -10.701381
47.920000 -10.776336 -70.847652 -95.202695 -46.922591 -26.917322 -36.204686 -21.027882 -12.850770 -15.149639 -11.979256 -10.780019 -11.558006 -10.763141
47.960000 -10.835174 -71.361199 -96.641372 -47.691169 -27.485518 -36.821992 -21.483321 -13.034702 -15.404063 -12.131515 -10.837936 -11.634715 -10.818211
48.000000 -10.903251 -72.090874 -97.555361 -48.501562 -27.984607 -37.401731 -21.974636 -13.235184 -15.679717 -12.303447 -10.905291 -11.708724 -10.886862
48.040000 -10.960523 -73.347899 -99.222565 -49.095627 -28.488245 -38.163079 -22.454978 -13.423361 -15.954143 -12.458372 -10.962037 -11.780567 -10.942020
48.080000 -11.026512 -73.934900 -100.076883 -49.937156 -29.095478 -38.619923 -23.007166 -13.627813 -16.244989 -12.626550 -11.027621 -11.847254 -11.002406
48.120000 -11.092464 -75.397853 -101.857450 -50.568504 -29.486523 -39.364508 -23.354382 -13.835933 -16.543163 -12.803924 -11.093273 -11.929509 -11.065332
48.160000 -11.156447 -75.949995 -102.690670 -51.480571 -30.243182 -40.005781 -23.726586 -14.047672 -16.839475 -12.999424 -11.157035 -11.996304 -11.118421
48.200000 -11.231512 -77.525530 -104.530301 -52.179160 -30.532354 -40.685049 -24.081958 -14.273901 -17.156048 -13.214706 -11.231944 -12.083321 -11.181926
48.240000 -11.293480 -78.057390 -105.124189 -53.130355 -31.237417 -41.626225 -24.477026 -14.487592 -17.455885 -13.384391 -11.293804 -12.154521 -11.240394
48.280000 -11.365785 -79.700455 -106.309446 -53.828863 -31.642368 -42.203890 -24.820086 -14.720331 -17.770824 -13.617527 -11.366035 -12.233417 -11.311949
48.320000 -11.438107 -80.219686 -107.672208 -54.745996 -32.283103 -43.168513 -25.233313 -14.955081 -18.086876 -13.860449 -11.438312 -12.320672 -11.385850
48.360000 -11.507879 -80.959802 -108.756641 -55.531263 -32.834635 -43.841795 -25.582289 -15.195694 -18.402648 -14.077958 -11.508059 -12.393850 -11.454281
48.400000 -11.591048 -82.359937 -110.316985 -56.239514 -33.431916 -44.870192 -25.992284 -15.445133 -18.744919 -14.306132 -11.591222 -12.493723 -11.534960
48.440000 -11.658146 -82.948258 -111.325186 -57.132822 -34.079540 -45.503853 -26.375271 -15.687746 -19.075676 -14.521974 -11.658329 -12.558462 -11.595945
48.480000 -11.737539 -84.549820 -112.968830 -57.794704 -34.537122 -46.618863 -26.760927 -15.946186 -19.422538 -14.751715 -11.737745 -12.653645 -11.675239
48.520000 -11.817011 -85.114271 -113.896067 -58.767715 -35.364637 -47.266691 -27.174840 -16.211113 -19.768220 -14.999610 -11.817252 -12.742586 -11.755815
48.560000 -11.893114 -86.818183 -115.641618 -59.473454 -35.696211 -48.019160 -27.559840 -16.473858 -20.096426 -15.268169 -11.893406 -12.834337 -11.834274
48.600000 -11.985447 -87.375461 -116.330190 -60.485005 -36.489921 -49.111311 -28.040156 -16.753165 -20.439260 -15.565829 -11.985804 -12.950365 -11.922112
48.640000 -12.059061 -89.146519 -117.615501 -61.209236 -36.943827 -49.729698 -28.435753 -17.023939 -20.766283 -15.836915 -12.059502 -13.047062 -11.978625
48.680000 -12.147753 -89.670889 -119.005176 -62.155778 -37.663506 -50.876615 -29.134901 -17.310419 -21.109373 -16.123749 -12.148296 -13.160067 -12.065560
48.720000 -12.237128 -90.432539 -120.205513 -62.997595 -38.271883 -51.595173 -29.605318 -17.607120 -21.518504 -16.421126 -12.237800 -13.274099 -12.154424
48.760000 -12.322608 -91.949415 -121.780179 -63.693412 -38.944660 -52.766271 -30.266163 -17.890628 -21.925101 -16.728059 -12.323431 -13.390473 -12.240867
48.800000 -12.429140 -92.572850 -122.919247 -64.735614 -39.654634 -53.461386 -30.855259 -18.207910 -22.392119 -17.056553 -12.430147 -13.530932 -12.347615
48.840000 -12.513053 -94.297086 -124.566432 -65.326672 -40.168469 -54.634686 -31.465722 -18.502710 -22.831029 -17.365214 -12.514276 -13.661312 -12.432173
48.880000 -12.617158 -94.877812 -125.605485 -66.418194 -41.064421 -55.387363 -32.084846 -18.826542 -23.309821 -17.702284 -12.618631 -13.811496 -12.540781
48.920000 -12.724356 -96.729193 -127.138302 -67.139704 -41.462749 -56.123175 -32.767600 -19.147094 -23.741274 -18.048072 -12.726120 -13.965547 -12.652574
48.960000 -12.828494 -97.285224 -127.866507 -68.272139 -42.320022 -57.060208 -33.392079 -19.465954 -24.181198 -18.380039 -12.830577 -14.116247 -12.760991
49.000000 -12.965753 -99.229397 -129.569046 -69.025390 -42.867179 -57.698406 -34.022192 -19.824418 -24.656248 -18.714802 -12.968201 -14.298853 -12.905563
49.040000 -13.073808 -99.744783 -130.318872 -70.084884 -43.658961 -58.665619 -34.764049 -20.150242 -25.091811 -19.035682 -13.076628 -14.449556 -13.022031
49.080000 -13.217981 -100.537702 -132.210831 -70.940391 -44.324440 -59.346385 -35.348991 -20.513627 -25.555888 -19.380853 -13.221193 -14.631400 -13.176034
49.120000 -13.372370 -102.205474 -133.530740 -71.728171 -45.115808 -60.152111 -36.091276 -20.868573 -26.043758 -19.737144 -13.375939 -14.821696 -13.343291
49.160000 -13.522329 -102.827724 -134.835142 -72.833042 -45.839781 -61.060595 -36.758092 -21.223445 -26.516000 -20.073313 -13.526244 -15.002010 -13.503822
49.200000 -13.753248 -104.760300 -136.337068 -73.517248 -46.500838 -62.172677 -37.514138 -21.646256 -27.067616 -20.455477 -13.757461 -15.257976 -13.747599
49.240000 -13.898936 -105.311203 -137.755471 -74.678937 -47.413172 -63.031034 -38.122223 -21.981149 -27.509522 -20.737612 -13.903378 -15.421450 -13.901455
49.280000 -14.119758 -107.312279 -139.088083 -75.425546 -47.886899 -64.110851 -38.912688 -22.369157 -28.036129 -21.092289 -14.124461 -15.661683 -14.149547
49.320000 -14.369403 -107.922322 -141.064028 -76.735234 -48.863575 -65.168948 -39.600575 -22.781969 -28.584603 -21.471632 -14.374353 -15.931262 -14.417657
49.360000 -14.574283 -109.946441 -142.462269 -77.427164 -49.411535 -66.086980 -40.271932 -23.146423 -29.094807 -21.803747 -14.579459 -16.164081 -14.594986
49.400000 -14.975278 -110.621392 -144.298892 -78.812194 -50.449924 -67.257210 -41.187808 -23.685700 -29.751867 -22.312445 -14.980805 -16.577664 -14.959992
49.440000 -15.157899 -111.314322 -145.530984 -79.508997 -51.030030 -68.148574 -41.733467 -23.994653 -30.181643 -22.601534 -15.163382 -16.876733 -15.116899
49.480000 -15.479129 -113.112866 -147.385352 -80.487232 -51.927593 -69.228127 -42.532577 -24.420129 -30.741689 -23.031386 -15.485053 -17.293260 -15.391318
49.520000 -15.911290 -113.846036 -148.687118 -81.745254 -52.766872 -70.265908 -43.362597 -24.946244 -31.382746 -23.589141 -15.917243 -17.781796 -15.769718
49.560000 -16.168869 -115.744516 -150.432513 -82.411868 -53.338294 -71.351337 -43.799186 -25.291621 -31.841889 -24.041731 -16.175003 -18.047124 -16.047060
49.600000 -16.889169 -116.651102 -152.013025 -84.140479 -54.646038 -72.581724 -44.755590 -26.070450 -32.691936 -24.790362 -16.895721 -18.863614 -16.686005
