#Quasar bolometric luminosity function in different stellar mass bins from TRINITY PaperIII (Fig. 4, Zhang+2024, MNRAS, 529, 2777)
#z: 8.00
#log10(Lbol [erg/s])(0) log10(QLF_total [Mpc^-3 dex^-1])(1) log10(QLF(8<logMstar<9) [Mpc^-3 dex^-1])(2) log10(QLF(8<logMstar<9)_16th [Mpc^-3 dex^-1])(3) log10(QLF(8<logMstar<9)_84th [Mpc^-3 dex^-1])(4)
#log10(QLF(9<logMstar<10) [Mpc^-3 dex^-1])(5) log10(QLF(9<logMstar<10)_16th [Mpc^-3 dex^-1])(6) log10(QLF(9<logMstar<10)_84th [Mpc^-3 dex^-1])(7)
#log10(QLF(10<logMstar<11) [Mpc^-3 dex^-1])(8) log10(QLF(10<logMstar<11)_16th [Mpc^-3 dex^-1])(9) log10(QLF(10<logMstar<11)_84th [Mpc^-3 dex^-1])(10)
#log10(QLF(11<logMstar<12) [Mpc^-3 dex^-1])(11) log10(QLF(11<logMstar<12)_16th [Mpc^-3 dex^-1])(12) log10(QLF(11<logMstar<12)_84th [Mpc^-3 dex^-1])(13)
40.000000 -8.582155 -11.512800 -12.627016 -10.396278 -8.923291 -9.885238 -8.751253 -8.847690 -9.717054 -8.764766 -12.035643 -13.158461 -11.616919
40.040000 -8.565330 -11.400782 -12.244828 -10.313465 -8.904569 -9.862814 -8.731699 -8.832738 -9.695882 -8.749973 -11.959962 -13.085162 -11.586695
40.080000 -8.549132 -10.989012 -12.169435 -10.214445 -8.888839 -9.838568 -8.713618 -8.817942 -9.675180 -8.735953 -11.881342 -12.959186 -11.545531
40.120000 -8.532935 -10.794978 -12.054908 -10.143468 -8.871629 -9.817334 -8.696169 -8.804157 -9.655231 -8.722337 -11.798435 -12.885563 -11.482240
40.160000 -8.516760 -10.614135 -11.926473 -10.093283 -8.855560 -9.793830 -8.678532 -8.789977 -9.634875 -8.708515 -11.747189 -12.821783 -11.420884
40.200000 -8.501166 -10.507101 -11.789398 -10.035477 -8.839569 -9.772752 -8.661850 -8.776325 -9.615119 -8.695086 -11.672271 -12.746385 -11.381413
40.240000 -8.484885 -10.402171 -11.627240 -9.993255 -8.822887 -9.750123 -8.644461 -8.762260 -9.594757 -8.681304 -11.629045 -12.690150 -11.319222
40.280000 -8.469192 -10.318749 -11.502164 -9.940507 -8.807389 -9.728396 -8.627535 -8.748153 -9.574608 -8.667616 -11.562791 -12.657727 -11.272413
40.320000 -8.453324 -10.249139 -11.451919 -9.897878 -8.790771 -9.706727 -8.610760 -8.734520 -9.554625 -8.654560 -11.523897 -12.597780 -11.227240
40.360000 -8.437319 -10.171967 -11.403819 -9.848814 -8.775383 -9.684118 -8.593504 -8.720053 -9.534080 -8.641137 -11.466986 -12.549864 -11.193374
40.400000 -8.421884 -10.119215 -11.353373 -9.785564 -8.759357 -9.663368 -8.576894 -8.706570 -9.514306 -8.628366 -11.424230 -12.519564 -11.168261
40.440000 -8.405188 -10.040691 -11.322728 -9.725589 -8.743450 -9.640155 -8.559428 -8.691798 -9.493438 -8.614818 -11.383612 -12.452966 -11.142023
40.480000 -8.389111 -9.979338 -11.275050 -9.670416 -8.727405 -9.619436 -8.542404 -8.677893 -9.473283 -8.601870 -11.339889 -12.395547 -11.119535
40.520000 -8.372421 -9.905311 -11.248579 -9.620734 -8.711519 -9.596756 -8.525485 -8.663579 -9.452798 -8.588789 -11.311592 -12.343015 -11.095060
40.560000 -8.355209 -9.837097 -11.196614 -9.572242 -8.695177 -9.574986 -8.507498 -8.648746 -9.431791 -8.572664 -11.273299 -12.311464 -11.073730
40.600000 -8.338654 -9.764832 -11.163825 -9.524359 -8.679710 -9.553711 -8.491198 -8.635096 -9.411985 -8.554845 -11.248510 -12.266513 -11.049426
40.640000 -8.319350 -9.687616 -11.124848 -9.450339 -8.662240 -9.529865 -8.471759 -8.618784 -9.389592 -8.537503 -11.214463 -12.236463 -11.024724
40.680000 -8.300869 -9.610452 -11.055129 -9.352111 -8.645529 -9.508013 -8.454633 -8.604098 -9.368753 -8.521860 -11.190317 -12.197186 -11.002252
40.720000 -8.280322 -9.525383 -10.977997 -9.246350 -8.627995 -9.483504 -8.435788 -8.587720 -9.346311 -8.505202 -11.160953 -12.165573 -10.979952
40.760000 -8.258025 -9.441130 -10.880612 -9.118024 -8.608747 -9.459192 -8.415958 -8.570381 -9.325075 -8.488040 -11.134137 -12.135306 -10.952309
40.800000 -8.236817 -9.347801 -10.790767 -9.008379 -8.592391 -9.435884 -8.396717 -8.555367 -9.306813 -8.473207 -11.111732 -12.109049 -10.926365
40.840000 -8.206196 -9.243635 -10.683602 -8.903947 -8.567579 -9.405556 -8.361178 -8.532443 -9.280595 -8.450448 -11.080431 -12.076643 -10.889153
40.880000 -8.177592 -9.135649 -10.588022 -8.806302 -8.547054 -9.378432 -8.326056 -8.513483 -9.258388 -8.431709 -11.057660 -12.040647 -10.860430
40.920000 -8.139188 -9.017057 -10.501099 -8.657288 -8.518747 -9.343658 -8.283991 -8.487006 -9.228639 -8.405391 -11.025342 -12.007795 -10.828071
40.960000 -8.093507 -8.883843 -10.422198 -8.571308 -8.487181 -9.306123 -8.241409 -8.457286 -9.195667 -8.375906 -10.992640 -11.968823 -10.790841
41.000000 -8.052177 -8.749361 -10.341274 -8.479903 -8.465456 -9.276962 -8.219574 -8.437443 -9.172577 -8.356229 -10.968826 -11.943545 -10.769856
41.040000 -7.962671 -8.563915 -10.223097 -8.283638 -8.402580 -9.211262 -8.157606 -8.376945 -9.108819 -8.295958 -10.905961 -11.876013 -10.705531
41.080000 -7.888497 -8.394879 -10.118324 -8.046370 -8.364339 -9.171779 -8.119656 -8.340699 -9.069334 -8.259899 -10.867005 -11.834443 -10.669431
41.120000 -7.759246 -8.173378 -9.964124 -7.762562 -8.282858 -9.090997 -8.039392 -8.262031 -8.987396 -8.181441 -10.786328 -11.750985 -10.589914
41.160000 -7.613666 -7.933442 -9.797818 -7.495425 -8.207886 -9.014914 -7.965101 -8.189157 -8.911302 -8.108779 -10.711932 -11.673180 -10.517862
41.200000 -7.504826 -7.738992 -9.687062 -7.327104 -8.194426 -9.002338 -7.953247 -8.178947 -8.897823 -8.098781 -10.700202 -11.659543 -10.508652
41.240000 -7.349680 -7.512835 -9.550841 -7.120827 -8.162190 -8.966476 -7.921648 -8.149077 -8.864727 -8.069140 -10.669547 -11.625555 -10.480132
41.280000 -7.235605 -7.345713 -9.478864 -7.115543 -8.191938 -8.995383 -7.941232 -8.182423 -8.894812 -8.102696 -10.701918 -11.655925 -10.515638
41.320000 -7.192105 -7.261764 -9.525571 -7.238422 -8.326170 -9.129894 -8.079257 -8.319795 -9.028950 -8.240293 -10.838705 -11.789287 -10.654921
41.360000 -7.200155 -7.280005 -9.370394 -7.236959 -8.278021 -9.082178 -8.007004 -8.275320 -8.981137 -8.196032 -10.793618 -11.740493 -10.613167
41.400000 -7.208357 -7.289240 -9.261732 -7.225592 -8.278986 -9.084594 -8.005208 -8.280581 -8.982855 -8.201855 -10.798460 -11.741478 -10.617439
41.440000 -7.222119 -7.303608 -9.156358 -7.235108 -8.287975 -9.093856 -8.006156 -8.293230 -8.991973 -8.215354 -10.810698 -11.749924 -10.627076
41.480000 -7.236330 -7.335558 -8.971050 -7.191101 -8.222544 -9.030739 -7.935401 -8.233180 -8.928383 -8.156161 -10.750348 -11.685736 -10.564050
41.520000 -7.248489 -7.332424 -8.980147 -7.271213 -8.298124 -9.099874 -8.006143 -8.312603 -9.004286 -8.236430 -10.829537 -11.761055 -10.640489
41.560000 -7.258404 -7.375319 -8.800695 -7.164332 -8.176943 -8.968966 -7.884320 -8.197585 -8.885735 -8.122263 -10.714332 -11.642009 -10.522522
41.600000 -7.268551 -7.359432 -8.845735 -7.268993 -8.281757 -9.058894 -7.985202 -8.306977 -8.991608 -8.232492 -10.823601 -11.746825 -10.628948
41.640000 -7.275188 -7.401175 -8.661058 -7.164453 -8.160115 -8.935091 -7.862786 -8.192041 -8.873148 -8.118399 -10.708549 -11.627244 -10.511076
41.680000 -7.281928 -7.394827 -8.652433 -7.227775 -8.205265 -8.965720 -7.904901 -8.243398 -8.920984 -8.169528 -10.759823 -11.673966 -10.559771
41.720000 -7.286930 -7.418851 -8.486251 -7.182079 -8.148551 -8.892673 -7.846270 -8.193296 -8.867363 -8.116277 -10.709653 -11.619257 -10.511306
41.760000 -7.290133 -7.430753 -8.397515 -7.207853 -8.124281 -8.852750 -7.820356 -8.177200 -8.847752 -8.098371 -10.693507 -11.598557 -10.496839
41.800000 -7.293360 -7.431871 -8.286088 -7.223974 -8.130009 -8.847103 -7.822455 -8.189466 -8.856505 -8.110079 -10.705729 -11.606217 -10.510762
41.840000 -7.301842 -7.476648 -8.110396 -7.167889 -8.049890 -8.754794 -7.742213 -8.119241 -8.782763 -8.039254 -10.635475 -11.531388 -10.442215
41.880000 -7.310493 -7.456399 -8.124577 -7.245810 -8.120077 -8.811557 -7.807803 -8.196808 -8.856815 -8.116245 -10.713017 -11.604363 -10.521456
41.920000 -7.321017 -7.522576 -7.908871 -7.163273 -8.011421 -8.696141 -7.680862 -8.098789 -8.755289 -8.017550 -10.614986 -11.501761 -10.425140
41.960000 -7.333548 -7.496996 -8.057633 -7.275904 -8.093097 -8.782130 -7.748947 -8.189734 -8.842733 -8.107847 -10.705928 -11.588312 -10.517784
42.000000 -7.346451 -7.561213 -7.983532 -7.215728 -8.006410 -8.700920 -7.646667 -8.113934 -8.763429 -8.031272 -10.630131 -11.508183 -10.443713
42.040000 -7.351954 -7.553713 -8.107963 -7.261674 -8.027925 -8.729072 -7.665643 -8.147216 -8.793213 -8.064567 -10.663425 -11.537153 -10.478566
42.080000 -7.357527 -7.581277 -8.028596 -7.255406 -7.994046 -8.700076 -7.623991 -8.124103 -8.766606 -8.041900 -10.640324 -11.509735 -10.456444
42.120000 -7.361207 -7.604496 -8.006538 -7.241796 -7.964194 -8.679197 -7.595179 -8.108622 -8.747671 -8.026885 -10.624894 -11.489983 -10.441991
42.160000 -7.362945 -7.597111 -8.002222 -7.300163 -7.973752 -8.693502 -7.598195 -8.129337 -8.764923 -8.047930 -10.645657 -11.506410 -10.463736
42.200000 -7.364689 -7.652361 -7.974634 -7.199853 -7.903567 -8.633847 -7.518913 -8.075456 -8.707639 -7.994467 -10.591888 -11.448309 -10.410949
42.240000 -7.360826 -7.606947 -8.076226 -7.269745 -7.943401 -8.679875 -7.529950 -8.128789 -8.757594 -8.041854 -10.645354 -11.497454 -10.465395
42.280000 -7.356997 -7.669655 -8.084750 -7.199417 -7.858970 -8.602717 -7.444133 -8.060742 -8.686253 -7.956344 -10.577523 -11.425300 -10.398545
42.320000 -7.350262 -7.625595 -8.215233 -7.239059 -7.884464 -8.633671 -7.465886 -8.103008 -8.725346 -7.981897 -10.620129 -11.463571 -10.441057
42.360000 -7.340754 -7.665251 -8.190229 -7.216153 -7.819406 -8.572551 -7.384212 -8.053958 -8.673155 -7.923340 -10.571452 -11.410561 -10.391001
42.400000 -7.331450 -7.652921 -8.312739 -7.203804 -7.805829 -8.564048 -7.385419 -8.059665 -8.676001 -7.927323 -10.577812 -11.412596 -10.395985
42.440000 -7.314469 -7.648579 -8.275700 -7.243882 -7.771779 -8.534303 -7.342410 -8.042137 -8.655575 -7.908583 -10.560900 -11.391359 -10.377695
42.480000 -7.298128 -7.660976 -8.312292 -7.179667 -7.724737 -8.478458 -7.304902 -8.016385 -8.627526 -7.881645 -10.536367 -11.362497 -10.351783
42.520000 -7.279720 -7.630701 -8.249708 -7.254293 -7.709698 -8.445201 -7.284213 -8.019119 -8.627807 -7.881943 -10.540167 -11.361960 -10.352535
42.560000 -7.259523 -7.663196 -8.209166 -7.200170 -7.644213 -8.364802 -7.224994 -7.975595 -8.582475 -7.828974 -10.498647 -11.316113 -10.305183
42.600000 -7.240223 -7.615192 -8.192669 -7.260203 -7.638323 -8.343765 -7.218502 -7.990074 -8.591346 -7.837392 -10.515390 -11.328531 -10.316090
42.640000 -7.219341 -7.649471 -8.153550 -7.234147 -7.575078 -8.266161 -7.157925 -7.947037 -8.536958 -7.785950 -10.475212 -11.284026 -10.270074
42.680000 -7.199416 -7.620605 -8.113481 -7.215871 -7.554035 -8.229264 -7.139075 -7.948096 -8.526008 -7.779613 -10.480317 -11.284795 -10.269339
42.720000 -7.178811 -7.634289 -8.200983 -7.173074 -7.508450 -8.154435 -7.095447 -7.921171 -8.484195 -7.733050 -10.457149 -11.256360 -10.240339
42.760000 -7.157657 -7.636966 -8.234946 -7.188018 -7.468974 -8.118189 -7.062104 -7.903521 -8.454188 -7.696686 -10.445330 -11.238134 -10.222685
42.800000 -7.137487 -7.623702 -8.345338 -7.197989 -7.440365 -8.091274 -7.034282 -7.893953 -8.427916 -7.676710 -10.440811 -11.227199 -10.212325
42.840000 -7.116962 -7.649795 -8.397882 -7.223976 -7.393864 -8.047907 -6.994980 -7.867184 -8.388139 -7.634965 -10.422081 -11.202045 -10.187756
42.880000 -7.097364 -7.635368 -8.487481 -7.203919 -7.367571 -8.022459 -6.970408 -7.859273 -8.373168 -7.609169 -10.421148 -11.196877 -10.180989
42.920000 -7.075416 -7.670732 -8.526602 -7.241276 -7.320347 -7.976029 -6.928483 -7.828253 -8.342842 -7.576633 -10.400087 -11.171891 -10.154093
42.960000 -7.051499 -7.658415 -8.615457 -7.258604 -7.288696 -7.946467 -6.900365 -7.813050 -8.332256 -7.569822 -10.395727 -11.162678 -10.143889
43.000000 -7.028831 -7.689928 -8.620082 -7.240649 -7.247081 -7.898397 -6.871228 -7.782498 -8.306456 -7.537313 -10.376219 -11.137755 -10.120100
43.040000 -7.001766 -7.703466 -8.572271 -7.278607 -7.206333 -7.859754 -6.832366 -7.755118 -8.286196 -7.502453 -10.363032 -11.119136 -10.103904
43.080000 -6.976289 -7.712858 -8.533229 -7.238963 -7.170864 -7.815981 -6.791412 -7.727647 -8.264743 -7.462063 -10.347407 -11.098836 -10.086352
43.120000 -6.950439 -7.758937 -8.599538 -7.249952 -7.128041 -7.774695 -6.743708 -7.695616 -8.251597 -7.420724 -10.330804 -11.080106 -10.069761
43.160000 -6.924361 -7.749532 -8.598938 -7.268542 -7.097286 -7.739161 -6.732770 -7.672746 -8.245537 -7.388560 -10.321304 -11.068475 -10.060276
43.200000 -6.899761 -7.811412 -8.642750 -7.239562 -7.057906 -7.694696 -6.705873 -7.639083 -8.224803 -7.345227 -10.304108 -11.049145 -10.043095
43.240000 -6.873937 -7.824399 -8.768911 -7.260493 -7.025833 -7.649275 -6.680988 -7.612259 -8.200171 -7.311997 -10.292521 -11.035428 -10.031519
43.280000 -6.849562 -7.883778 -8.952097 -7.248167 -6.991887 -7.600928 -6.642474 -7.578575 -8.167833 -7.269043 -10.275341 -11.014836 -10.014351
43.320000 -6.824873 -7.925814 -9.027180 -7.232739 -6.960394 -7.531691 -6.621843 -7.549722 -8.136789 -7.238879 -10.264661 -10.999811 -10.003685
43.360000 -6.799992 -7.972886 -9.253072 -7.219665 -6.931119 -7.502196 -6.576212 -7.514223 -8.096698 -7.198005 -10.245336 -10.976245 -9.984374
43.400000 -6.776459 -8.055665 -9.307059 -7.233760 -6.900668 -7.443929 -6.559022 -7.484614 -8.070121 -7.169061 -10.234548 -10.961448 -9.973597
43.440000 -6.751833 -8.079217 -9.562363 -7.217868 -6.875455 -7.412460 -6.520101 -7.450101 -8.028893 -7.127299 -10.216224 -10.939109 -9.955285
43.480000 -6.728528 -8.195354 -9.661112 -7.225838 -6.846150 -7.362072 -6.502116 -7.421481 -8.001349 -7.099486 -10.205021 -10.923849 -9.944092
43.520000 -6.706044 -8.207185 -9.905462 -7.223989 -6.824155 -7.340026 -6.482080 -7.391650 -7.968027 -7.073568 -10.191890 -10.906660 -9.930972
43.560000 -6.684317 -8.329325 -10.114014 -7.227212 -6.799391 -7.310814 -6.476526 -7.362506 -7.938593 -7.048127 -10.179327 -10.889944 -9.918414
43.600000 -6.663626 -8.388868 -10.297255 -7.224172 -6.778681 -7.274553 -6.468200 -7.334030 -7.904909 -7.025080 -10.167932 -10.874396 -9.907023
43.640000 -6.642307 -8.492749 -10.564355 -7.233469 -6.757728 -7.256475 -6.454129 -7.301939 -7.867701 -6.997092 -10.151545 -10.853724 -9.890792
43.680000 -6.621986 -8.600327 -10.726898 -7.233599 -6.737118 -7.217241 -6.445128 -7.275517 -7.836907 -6.978396 -10.142753 -10.840628 -9.882197
43.720000 -6.601016 -8.680193 -10.987310 -7.240993 -6.719529 -7.192667 -6.433659 -7.238938 -7.793615 -6.947323 -10.121699 -10.815023 -9.861336
43.760000 -6.579529 -8.840200 -11.206580 -7.248723 -6.697769 -7.166389 -6.435057 -7.212989 -7.763235 -6.929854 -10.112305 -10.800202 -9.852085
43.800000 -6.559056 -8.886678 -11.417816 -7.250442 -6.682417 -7.145551 -6.413546 -7.174751 -7.718198 -6.899936 -10.089682 -10.772043 -9.829558
43.840000 -6.537541 -9.082390 -11.633720 -7.230861 -6.660861 -7.140536 -6.412417 -7.150044 -7.690804 -6.883736 -10.079942 -10.756235 -9.816882
43.880000 -6.517042 -9.117069 -11.876116 -7.208206 -6.645409 -7.111130 -6.391232 -7.113751 -7.648951 -6.858786 -10.059092 -10.729373 -9.788626
43.920000 -6.497257 -9.305763 -12.079778 -7.204008 -6.627670 -7.090428 -6.372918 -7.086384 -7.617974 -6.841753 -10.045835 -10.711704 -9.768710
43.960000 -6.478135 -9.411351 -12.296242 -7.238443 -6.612871 -7.080971 -6.353789 -7.054425 -7.580816 -6.823843 -10.028834 -10.691114 -9.742688
44.000000 -6.459820 -9.566481 -12.532643 -7.219731 -6.599579 -7.068474 -6.349362 -7.021916 -7.543765 -6.802951 -10.009738 -10.668407 -9.714222
44.040000 -6.444414 -9.741016 -12.735050 -7.252248 -6.587402 -7.071708 -6.350241 -6.997646 -7.516701 -6.778911 -9.999851 -10.654922 -9.693792
44.080000 -6.429535 -9.860987 -13.007844 -7.242189 -6.580656 -7.037882 -6.371575 -6.962332 -7.477037 -6.744270 -9.977604 -10.625831 -9.658580
44.120000 -6.416279 -10.108243 -13.204998 -7.283404 -6.570000 -7.028435 -6.368801 -6.942630 -7.454387 -6.726609 -9.970926 -10.607212 -9.640335
44.160000 -6.404515 -10.183992 -13.530243 -7.311846 -6.568650 -7.005999 -6.346635 -6.907209 -7.404837 -6.692478 -9.948040 -10.570084 -9.608221
44.200000 -6.393060 -10.470353 -13.777446 -7.376617 -6.559913 -7.009912 -6.352412 -6.889769 -7.370963 -6.677753 -9.942122 -10.548459 -9.605818
44.240000 -6.383860 -10.539251 -14.118350 -7.404043 -6.561608 -6.992880 -6.326473 -6.858152 -7.324387 -6.650071 -9.921927 -10.513568 -9.590332
44.280000 -6.374851 -10.803119 -14.468955 -7.431793 -6.558246 -7.011056 -6.309053 -6.838135 -7.289729 -6.634294 -9.912097 -10.484819 -9.585035
44.320000 -6.367507 -10.967305 -14.755736 -7.501178 -6.560558 -7.042664 -6.292707 -6.812963 -7.253016 -6.615844 -9.896795 -10.457872 -9.574414
44.360000 -6.361747 -11.184047 -15.221292 -7.612729 -6.565198 -7.035164 -6.280757 -6.789202 -7.222992 -6.587495 -9.881675 -10.431698 -9.563769
44.400000 -6.356063 -11.430641 -15.518275 -7.698158 -6.567513 -7.022139 -6.310251 -6.770437 -7.190524 -6.564681 -9.870795 -10.408755 -9.540116
44.440000 -6.353093 -11.596981 -15.958872 -7.797726 -6.579838 -7.002640 -6.291179 -6.744135 -7.148138 -6.544077 -9.851281 -10.385807 -9.505574
44.480000 -6.350144 -11.935292 -16.432965 -7.903446 -6.583889 -6.991270 -6.268701 -6.731168 -7.119990 -6.556444 -9.843386 -10.379074 -9.474034
44.520000 -6.348836 -12.041509 -16.749965 -8.014530 -6.602174 -6.990315 -6.243362 -6.703782 -7.076416 -6.529715 -9.820035 -10.356354 -9.427889
44.560000 -6.349156 -12.419425 -17.378867 -8.154089 -6.610073 -7.027946 -6.256928 -6.694716 -7.056821 -6.538400 -9.812995 -10.340097 -9.396787
44.600000 -6.349476 -12.523036 -17.644404 -8.281110 -6.632051 -7.065916 -6.229967 -6.670111 -7.018632 -6.510392 -9.788269 -10.305866 -9.349316
44.640000 -6.352132 -12.859274 -18.151840 -8.429137 -6.646923 -7.131214 -6.228444 -6.659824 -6.989028 -6.499048 -9.776741 -10.288571 -9.318491
44.680000 -6.354805 -13.083308 -18.502703 -8.570151 -6.669192 -7.182110 -6.254467 -6.643213 -6.959478 -6.488391 -9.755214 -10.263718 -9.276999
44.720000 -6.358883 -13.357166 -18.929629 -8.749127 -6.693474 -7.257894 -6.274087 -6.629100 -6.936192 -6.480513 -9.735746 -10.240411 -9.245692
44.760000 -6.364406 -13.677773 -19.365946 -8.890378 -6.715922 -7.338537 -6.261138 -6.620561 -6.928309 -6.472537 -9.716494 -10.221104 -9.219876
44.800000 -6.370001 -13.886104 -19.762764 -9.075454 -6.749601 -7.384075 -6.260026 -6.604877 -6.913963 -6.457558 -9.690498 -10.190911 -9.182795
44.840000 -6.378998 -14.317495 -20.250121 -9.237517 -6.773430 -7.452285 -6.290261 -6.603573 -6.905727 -6.453666 -9.671501 -10.171798 -9.155226
44.880000 -6.388186 -14.453993 -20.644757 -9.432793 -6.818284 -7.490624 -6.317584 -6.590235 -6.887435 -6.438860 -9.639749 -10.138871 -9.115928
44.920000 -6.399445 -14.919895 -21.058047 -9.656045 -6.845179 -7.602632 -6.345570 -6.592532 -6.882718 -6.439515 -9.619800 -10.114786 -9.087143
44.960000 -6.412937 -15.065759 -21.578716 -9.826983 -6.898713 -7.666353 -6.333591 -6.585200 -6.861785 -6.429560 -9.584080 -10.080807 -9.049241
45.000000 -6.426860 -15.469720 -22.009535 -10.033151 -6.935007 -7.752089 -6.353943 -6.588694 -6.859624 -6.433857 -9.561552 -10.049304 -9.016530
45.040000 -6.443790 -15.761343 -22.447982 -10.222205 -6.987636 -7.837970 -6.372812 -6.590509 -6.863771 -6.437045 -9.527680 -10.016058 -8.983247
45.080000 -6.461407 -16.095128 -22.965439 -10.458178 -7.040574 -7.925190 -6.393399 -6.594793 -6.891461 -6.438381 -9.500053 -9.977923 -8.945981
45.120000 -6.480644 -16.491763 -23.372991 -10.651650 -7.090368 -8.038755 -6.432873 -6.603652 -6.908681 -6.451275 -9.466987 -9.941703 -8.913426
45.160000 -6.501691 -16.749753 -23.952767 -10.878654 -7.158781 -8.111848 -6.459504 -6.610383 -6.911328 -6.465436 -9.435248 -9.902142 -8.876068
45.200000 -6.523810 -17.274139 -24.294263 -11.103160 -7.206726 -8.256867 -6.502398 -6.625552 -6.950758 -6.485911 -9.403110 -9.866783 -8.844288
45.240000 -6.548380 -17.448136 -24.829007 -11.343153 -7.291118 -8.329979 -6.545895 -6.635812 -6.982084 -6.503386 -9.365625 -9.827241 -8.801416
45.280000 -6.574423 -18.002171 -25.215450 -11.603747 -7.343471 -8.487083 -6.597867 -6.656350 -7.021245 -6.535239 -9.338235 -9.790485 -8.769172
45.320000 -6.601564 -18.196714 -25.598525 -11.865971 -7.437951 -8.573872 -6.658839 -6.671006 -7.008880 -6.541304 -9.296948 -9.752497 -8.727415
45.360000 -6.629912 -18.668866 -26.095374 -12.146675 -7.501791 -8.715994 -6.720336 -6.693701 -7.028486 -6.562552 -9.270428 -9.724938 -8.693348
45.400000 -6.660241 -19.030596 -26.453418 -12.497655 -7.590633 -8.847472 -6.773266 -6.715784 -7.050047 -6.579915 -9.234193 -9.692388 -8.656061
45.440000 -6.690661 -19.425640 -26.951426 -12.877170 -7.677158 -8.989859 -6.804968 -6.739434 -7.058985 -6.604200 -9.203677 -9.658280 -8.618885
45.480000 -6.723373 -19.896004 -27.590015 -13.121914 -7.759212 -9.150177 -6.839135 -6.767033 -7.087131 -6.633953 -9.171505 -9.630562 -8.588034
45.520000 -6.756740 -20.204530 -28.248148 -13.480612 -7.866892 -9.277375 -6.882109 -6.793776 -7.096492 -6.659532 -9.139001 -9.593442 -8.552787
45.560000 -6.790710 -20.817995 -28.656943 -13.751573 -7.942301 -9.472774 -6.957122 -6.824730 -7.136290 -6.680468 -9.108777 -9.566711 -8.522037
45.600000 -6.827565 -21.032054 -29.413707 -14.110152 -8.072935 -9.596610 -7.012911 -6.855589 -7.173642 -6.703679 -9.075371 -9.531552 -8.484116
45.640000 -6.862366 -21.664928 -29.747180 -14.417199 -8.149641 -9.815124 -7.087677 -6.888384 -7.214058 -6.720500 -9.046741 -9.502487 -8.452032
45.680000 -6.900200 -21.912923 -30.271392 -14.700832 -8.293425 -9.947538 -7.159144 -6.921640 -7.256322 -6.744958 -9.011854 -9.457072 -8.422667
45.720000 -6.938592 -22.449399 -30.900295 -14.987334 -8.386024 -10.147727 -7.233087 -6.958438 -7.306328 -6.777393 -8.985479 -9.433833 -8.400412
45.760000 -6.977367 -22.879383 -31.276256 -15.262549 -8.515770 -10.313070 -7.320136 -6.994871 -7.353443 -6.806120 -8.953877 -9.404785 -8.372834
45.800000 -7.019947 -23.340993 -32.070202 -15.557793 -8.644503 -10.502678 -7.392702 -7.035915 -7.398622 -6.841191 -8.927856 -9.382392 -8.350197
45.840000 -7.059196 -23.875045 -32.676508 -15.895119 -8.761153 -10.707711 -7.495795 -7.074379 -7.442122 -6.874353 -8.898012 -9.355239 -8.324683
45.880000 -7.102348 -24.239040 -33.294663 -16.275451 -8.917123 -10.873363 -7.570251 -7.116647 -7.484933 -6.910123 -8.870101 -9.330851 -8.298722
45.920000 -7.145682 -24.936078 -33.968487 -16.669670 -9.028190 -11.113254 -7.684973 -7.160299 -7.535369 -6.947684 -8.844868 -9.308424 -8.277660
45.960000 -7.188762 -25.193240 -34.472556 -17.173835 -9.211771 -11.297422 -7.773038 -7.203371 -7.582667 -6.976402 -8.815947 -9.282824 -8.254065
46.000000 -7.236590 -25.907956 -35.435118 -17.501986 -9.327934 -11.534683 -7.888521 -7.252387 -7.632175 -7.015595 -8.795397 -9.265149 -8.239842
46.040000 -7.279054 -26.212513 -35.979891 -18.098480 -9.529295 -11.777347 -7.995132 -7.295981 -7.683158 -7.055681 -8.765774 -9.238359 -8.218778
46.080000 -7.326125 -26.816496 -37.013677 -18.366192 -9.659313 -11.986919 -8.108527 -7.345128 -7.744549 -7.100088 -8.744422 -9.219806 -8.211324
46.120000 -7.373066 -27.317430 -37.519317 -18.853673 -9.842786 -12.253111 -8.236424 -7.394514 -7.807291 -7.132869 -8.721835 -9.199494 -8.211620
46.160000 -7.419183 -27.846427 -38.398731 -19.279216 -10.017321 -12.534645 -8.345603 -7.443753 -7.868421 -7.174194 -8.699177 -9.179248 -8.212809
46.200000 -7.470786 -28.446255 -39.095299 -19.629182 -10.187899 -12.810963 -8.498649 -7.499143 -7.942615 -7.222700 -8.683394 -9.165150 -8.220768
46.240000 -7.515265 -28.866988 -39.771406 -20.072170 -10.396207 -13.179360 -8.609524 -7.548158 -8.011712 -7.261212 -8.660191 -9.143556 -8.205299
46.280000 -7.564825 -29.641095 -40.715619 -20.446257 -10.554060 -13.472648 -8.772410 -7.603039 -8.085850 -7.305052 -8.644672 -9.128890 -8.197999
46.320000 -7.613879 -29.952205 -41.325745 -20.928617 -10.802223 -13.867318 -8.913522 -7.658348 -8.149128 -7.353246 -8.628554 -9.101159 -8.198382
46.360000 -7.661482 -30.735642 -42.388986 -21.314469 -10.956609 -14.173190 -9.083978 -7.713148 -8.223706 -7.434758 -8.613606 -9.068775 -8.204756
46.400000 -7.714953 -31.111705 -43.000964 -21.764777 -11.234482 -14.603784 -9.276541 -7.774988 -8.317868 -7.518463 -8.605022 -9.043119 -8.213404
46.440000 -7.760574 -31.779397 -43.960096 -22.229328 -11.400811 -14.869287 -9.503733 -7.830108 -8.404697 -7.590648 -8.591135 -9.011347 -8.211595
46.480000 -7.811556 -32.348117 -44.631489 -22.636231 -11.644709 -15.238721 -9.709514 -7.891865 -8.475752 -7.660448 -8.584493 -8.986620 -8.240345
46.520000 -7.861983 -32.954587 -45.513854 -23.178116 -11.874673 -15.497235 -9.944670 -7.954613 -8.548541 -7.731219 -8.578730 -8.962762 -8.257257
46.560000 -7.910815 -33.598283 -46.259937 -23.562715 -12.095070 -15.849091 -10.164350 -8.017089 -8.626643 -7.792752 -8.574359 -8.940060 -8.265739
46.600000 -7.965842 -34.092983 -47.132562 -24.079255 -12.372022 -16.110014 -10.370425 -8.087697 -8.721612 -7.866267 -8.577357 -8.926418 -8.268282
46.640000 -8.012759 -34.928572 -47.922273 -24.504328 -12.577615 -16.465293 -10.565522 -8.151642 -8.813151 -7.927727 -8.575529 -8.928231 -8.267099
46.680000 -8.065366 -35.300469 -48.573387 -25.034870 -12.893715 -16.756790 -10.821893 -8.223486 -8.916109 -8.000358 -8.580850 -8.948690 -8.288975
46.720000 -8.117512 -36.155025 -49.546782 -25.499805 -13.096937 -17.124136 -11.003410 -8.296565 -9.008538 -8.066904 -8.588785 -8.971993 -8.312723
46.760000 -8.168100 -36.593263 -50.205001 -25.990581 -13.442829 -17.451904 -11.216948 -8.370434 -9.097733 -8.135850 -8.597069 -8.971175 -8.338342
46.800000 -8.225367 -37.341212 -51.212973 -26.545599 -13.661752 -17.836969 -11.414224 -8.453051 -9.215950 -8.211557 -8.614704 -9.005225 -8.374648
46.840000 -8.274176 -37.968177 -51.931713 -26.990617 -13.963495 -18.164229 -11.642552 -8.529450 -9.329763 -8.290947 -8.626360 -9.038875 -8.409830
46.880000 -8.329173 -38.657440 -52.916940 -27.615552 -14.251491 -18.601712 -11.868501 -8.614730 -9.448628 -8.379078 -8.646250 -9.072799 -8.454910
46.920000 -8.383773 -39.341818 -53.716177 -28.047348 -14.534458 -19.023717 -12.101670 -8.701451 -9.570824 -8.454160 -8.668770 -9.089422 -8.510088
46.960000 -8.436751 -39.901891 -54.693705 -28.615313 -14.867781 -19.479764 -12.354382 -8.789928 -9.684125 -8.528810 -8.691231 -9.109136 -8.549179
47.000000 -8.497101 -40.803998 -55.526427 -29.112322 -15.139967 -19.918038 -12.619072 -8.887448 -9.818181 -8.629807 -8.724088 -9.128608 -8.604864
47.040000 -8.548324 -41.238440 -56.239533 -29.622875 -15.519032 -20.380615 -12.932986 -8.979674 -9.957049 -8.715305 -8.749248 -9.171264 -8.653068
47.080000 -8.606408 -42.159677 -57.304375 -30.079832 -15.771886 -20.829095 -13.228833 -9.080175 -10.102027 -8.807871 -8.784188 -9.200691 -8.702953
47.120000 -8.664149 -42.671950 -58.018157 -30.563663 -16.194501 -21.255690 -13.570392 -9.184310 -10.242467 -8.903646 -8.820222 -9.220829 -8.746799
47.160000 -8.720135 -43.487219 -59.079929 -31.030397 -16.453199 -21.674337 -13.850012 -9.288588 -10.384272 -9.000477 -8.856882 -9.266226 -8.786828
47.200000 -8.784422 -44.185296 -59.838328 -31.559386 -16.828627 -22.064988 -14.230048 -9.404739 -10.537371 -9.109379 -8.903444 -9.324665 -8.840272
47.240000 -8.838702 -44.953511 -60.877814 -32.088096 -17.168817 -22.472318 -14.513253 -9.513395 -10.681725 -9.204577 -8.941902 -9.376501 -8.884032
47.280000 -8.900748 -45.666969 -61.694743 -32.669551 -17.515941 -22.896527 -14.884541 -9.632150 -10.841278 -9.316172 -8.989918 -9.435203 -8.943483
47.320000 -8.962546 -46.305665 -62.742605 -33.188103 -17.914155 -23.321612 -15.217918 -9.754781 -10.999344 -9.425918 -9.038968 -9.486430 -8.989755
47.360000 -9.022414 -47.248504 -63.556128 -33.854038 -18.238057 -23.762070 -15.571069 -9.876812 -11.163018 -9.539973 -9.087834 -9.541947 -9.041920
47.400000 -9.091875 -47.771755 -64.305925 -34.377457 -18.697889 -24.328086 -15.956847 -10.013688 -11.333340 -9.666303 -9.147263 -9.608040 -9.104214
47.440000 -9.150058 -48.746809 -65.410332 -35.081962 -18.991482 -24.733165 -16.313181 -10.138991 -11.500816 -9.784145 -9.197070 -9.662346 -9.158213
47.480000 -9.217258 -49.337832 -66.145005 -35.622663 -19.487248 -25.375289 -16.726310 -10.279521 -11.678298 -9.927140 -9.256626 -9.726206 -9.221271
47.520000 -9.284230 -50.230561 -67.308962 -36.363148 -19.800153 -25.788290 -17.049226 -10.420090 -11.860479 -10.074448 -9.317225 -9.789602 -9.284848
47.560000 -9.348831 -50.981519 -68.108481 -36.861585 -20.229035 -26.351350 -17.428583 -10.563792 -12.069536 -10.222354 -9.376159 -9.850356 -9.346157
47.600000 -9.424749 -51.849797 -69.252532 -37.583032 -20.644006 -26.832775 -17.783382 -10.719174 -12.293224 -10.387096 -9.447391 -9.922644 -9.418257
47.640000 -9.487294 -52.573417 -70.105567 -38.174453 -21.045697 -27.318947 -18.090422 -10.865091 -12.487560 -10.542223 -9.505902 -9.981327 -9.479971
47.680000 -9.560387 -53.295468 -71.112073 -38.755675 -21.509182 -27.879124 -18.403883 -11.025146 -12.694816 -10.715135 -9.575567 -10.063793 -9.550973
47.720000 -9.633335 -54.281731 -72.094492 -39.494426 -21.894784 -28.335904 -18.715980 -11.186839 -12.908993 -10.889939 -9.645679 -10.154254 -9.624192
47.760000 -9.703397 -54.883114 -72.866390 -40.054967 -22.416402 -28.948193 -19.017366 -11.350643 -13.117513 -11.038457 -9.713330 -10.227451 -9.692301
47.800000 -9.786978 -55.929533 -74.104231 -40.859601 -22.771856 -29.357893 -19.350781 -11.526878 -13.345919 -11.204824 -9.795001 -10.315457 -9.777203
47.840000 -9.854303 -56.593632 -74.697463 -41.431963 -23.320985 -30.053160 -19.654805 -11.694654 -13.575651 -11.379813 -9.860679 -10.388488 -9.843779
47.880000 -9.934016 -57.561041 -75.966297 -42.262839 -23.696314 -30.420092 -19.998754 -11.874256 -13.837995 -11.573416 -9.939100 -10.478293 -9.924542
47.920000 -10.013653 -58.378846 -76.568394 -42.795432 -24.185006 -31.054168 -20.315670 -12.060346 -14.104755 -11.754901 -10.017661 -10.570425 -10.003650
47.960000 -10.089637 -59.321266 -77.546587 -43.580328 -24.655742 -31.688638 -20.659402 -12.240949 -14.382033 -11.928237 -10.092826 -10.658076 -10.080307
48.000000 -10.181794 -60.074496 -78.466433 -44.240368 -25.135477 -32.364357 -20.996620 -12.444224 -14.673819 -12.125300 -10.184316 -10.764946 -10.174053
48.040000 -10.254345 -60.870643 -79.150233 -44.865043 -25.652408 -33.008174 -21.340052 -12.630354 -14.957785 -12.304887 -10.256354 -10.851156 -10.245408
48.080000 -10.341494 -61.891991 -80.381809 -45.682209 -26.093830 -33.750514 -21.727925 -12.835069 -15.257624 -12.507322 -10.343114 -10.955404 -10.322002
48.120000 -10.428714 -62.595064 -81.024728 -46.297132 -26.695050 -34.401767 -22.125370 -13.041615 -15.570137 -12.711544 -10.430055 -11.058940 -10.398878
48.160000 -10.511309 -63.678105 -82.360664 -47.170596 -27.080594 -35.135686 -22.600274 -13.245251 -15.826699 -12.918669 -10.512463 -11.159317 -10.477005
48.200000 -10.613391 -64.454886 -82.983904 -47.811450 -27.704367 -35.798260 -22.999945 -13.475316 -16.107095 -13.126806 -10.614428 -11.279249 -10.576098
48.240000 -10.691739 -65.475868 -84.312697 -48.708911 -28.138296 -36.569642 -23.535184 -13.683573 -16.368771 -13.305883 -10.692731 -11.375900 -10.657478
48.280000 -10.787404 -66.363213 -85.473803 -49.276646 -28.677360 -37.223672 -23.948635 -13.913220 -16.651766 -13.500892 -10.788413 -11.490267 -10.757613
48.320000 -10.883344 -67.392208 -86.385388 -50.140196 -29.228846 -38.005733 -24.521815 -14.141955 -16.932601 -13.745669 -10.884432 -11.605042 -10.851631
48.360000 -10.973298 -68.136821 -87.595304 -50.835334 -29.746795 -38.744362 -24.941120 -14.372864 -17.213793 -13.995256 -10.974520 -11.714945 -10.940139
48.400000 -11.086887 -69.051838 -88.943196 -51.546563 -30.361699 -39.492247 -25.501467 -14.629646 -17.523119 -14.266925 -11.088302 -11.847315 -11.054125
48.440000 -11.171512 -70.083632 -90.038085 -52.402179 -30.831751 -40.284242 -25.973454 -14.863508 -17.808689 -14.515676 -11.173180 -11.952169 -11.140465
48.480000 -11.276719 -70.895643 -91.599950 -53.093284 -31.518156 -41.057487 -26.466079 -15.114631 -18.113419 -14.787354 -11.278707 -12.076554 -11.246633
48.520000 -11.382652 -72.030594 -92.741325 -54.019478 -31.951070 -41.775985 -27.037894 -15.373747 -18.422179 -15.068003 -11.385026 -12.202879 -11.352460
48.560000 -11.481005 -72.886760 -94.370266 -54.739092 -32.598530 -42.507913 -27.494547 -15.628650 -18.734410 -15.339632 -11.483838 -12.320411 -11.451752
48.600000 -11.608361 -74.001399 -95.545056 -55.607936 -33.150292 -43.291579 -28.135374 -15.919858 -19.101995 -15.655637 -11.611722 -12.468490 -11.585086
48.640000 -11.701211 -74.941545 -96.975451 -56.188146 -33.710362 -44.005858 -28.583536 -16.172538 -19.441027 -15.909289 -11.705181 -12.580036 -11.683189
48.680000 -11.819468 -76.046881 -98.012255 -57.181851 -34.347667 -44.828663 -29.247659 -16.454504 -19.860666 -16.188602 -11.824107 -12.718456 -11.789512
48.720000 -11.940075 -76.810195 -99.337845 -57.694825 -34.926469 -45.569104 -29.732867 -16.743726 -20.273008 -16.471258 -11.945454 -12.857438 -11.900227
48.760000 -12.051919 -77.800537 -100.738653 -58.567626 -35.595739 -46.334532 -30.337663 -17.029071 -20.656601 -16.750809 -12.058063 -12.988050 -12.027839
48.800000 -12.202950 -78.899732 -102.035570 -59.308709 -36.146478 -47.186092 -30.945006 -17.354512 -21.091720 -17.071933 -12.209909 -13.156535 -12.196357
48.840000 -12.310307 -79.802212 -103.626793 -60.125082 -36.900458 -47.930793 -31.537159 -17.629972 -21.485150 -17.351937 -12.318054 -13.280113 -12.307150
48.880000 -12.453235 -80.983632 -104.905131 -60.924853 -37.377047 -48.742820 -32.174327 -17.948656 -21.924911 -17.660401 -12.461783 -13.439954 -12.451923
48.920000 -12.602108 -81.965072 -106.617724 -61.782558 -38.082851 -49.608979 -32.789459 -18.271756 -22.359785 -17.981295 -12.611362 -13.604568 -12.603390
48.960000 -12.738003 -83.104678 -107.881810 -62.603079 -38.698604 -50.393304 -33.402192 -18.589542 -22.779522 -18.287465 -12.747973 -13.775643 -12.740471
49.000000 -12.936873 -84.189349 -109.339070 -63.315601 -39.363835 -51.254106 -34.077174 -18.952966 -23.258365 -18.660881 -12.947427 -14.009057 -12.940216
49.040000 -13.062785 -85.319387 -110.480601 -64.312864 -40.048051 -52.114448 -34.681417 -19.252722 -23.662022 -18.942504 -13.073931 -14.173950 -13.069459
49.080000 -13.240827 -86.102687 -111.924602 -64.886496 -40.685836 -52.984584 -35.207460 -19.599349 -24.125978 -19.269108 -13.252474 -14.387655 -13.239887
49.120000 -13.428774 -87.222255 -113.456135 -65.860228 -41.459068 -53.894660 -35.790039 -19.968620 -24.581025 -19.631352 -13.440947 -14.576943 -13.418362
49.160000 -13.584828 -88.294239 -114.899899 -66.582067 -41.993302 -54.803782 -36.346615 -20.290917 -25.019959 -19.919309 -13.597508 -14.738153 -13.565905
49.200000 -13.830760 -89.402591 -116.685227 -67.576483 -42.929448 -55.812464 -36.999717 -20.708098 -25.542502 -20.296415 -13.844052 -14.993917 -13.810532
49.240000 -13.969469 -90.556688 -118.124815 -68.370149 -43.379401 -56.730358 -37.646594 -21.016804 -25.926868 -20.569309 -13.983362 -15.175450 -13.944429
49.280000 -14.174485 -91.657754 -119.880982 -69.497623 -44.135397 -57.631216 -38.234852 -21.403934 -26.396340 -20.920023 -14.189197 -15.453196 -14.140988
49.320000 -14.399402 -92.875222 -121.335207 -70.534834 -44.875469 -58.671123 -38.998589 -21.808192 -26.862946 -21.301015 -14.415039 -15.684292 -14.357639
49.360000 -14.582716 -93.974933 -122.814783 -71.709362 -45.516895 -59.610029 -39.541685 -22.154109 -27.296411 -21.668456 -14.599344 -15.939778 -14.527750
49.400000 -14.906163 -95.289981 -124.298099 -72.833743 -46.414399 -60.660714 -40.444095 -22.645822 -27.927335 -22.166317 -14.923816 -16.331847 -14.836623
49.440000 -15.074026 -96.009194 -125.795641 -73.871379 -47.028225 -61.627820 -40.898395 -22.964836 -28.408408 -22.505988 -15.092420 -16.543327 -14.983526
49.480000 -15.351266 -97.242676 -127.355612 -74.914097 -47.878628 -62.734372 -41.701903 -23.404787 -29.004418 -22.948446 -15.370608 -16.855573 -15.237316
49.520000 -15.690472 -98.419003 -128.921657 -76.156028 -48.530690 -64.051939 -42.383880 -23.862572 -29.643181 -23.449780 -15.710569 -17.235578 -15.542402
49.560000 -15.924490 -99.520441 -130.531511 -77.105013 -49.430573 -65.004461 -42.916212 -24.221043 -30.137556 -23.818907 -15.945391 -17.533333 -15.746243
49.600000 -16.468169 -100.983144 -132.270768 -78.427203 -50.196727 -66.123565 -43.883323 -24.876417 -30.911083 -24.471813 -16.489694 -18.169982 -16.257430
