#Quasar bolometric luminosity function in different stellar mass bins from TRINITY PaperIII (Fig. 4, Zhang+2024, MNRAS, 529, 2777)
#z: 6.00
#log10(Lbol [erg/s])(0) log10(QLF_total [Mpc^-3 dex^-1])(1) log10(QLF(8<logMstar<9) [Mpc^-3 dex^-1])(2) log10(QLF(8<logMstar<9)_16th [Mpc^-3 dex^-1])(3) log10(QLF(8<logMstar<9)_84th [Mpc^-3 dex^-1])(4)
#log10(QLF(9<logMstar<10) [Mpc^-3 dex^-1])(5) log10(QLF(9<logMstar<10)_16th [Mpc^-3 dex^-1])(6) log10(QLF(9<logMstar<10)_84th [Mpc^-3 dex^-1])(7)
#log10(QLF(10<logMstar<11) [Mpc^-3 dex^-1])(8) log10(QLF(10<logMstar<11)_16th [Mpc^-3 dex^-1])(9) log10(QLF(10<logMstar<11)_84th [Mpc^-3 dex^-1])(10)
#log10(QLF(11<logMstar<12) [Mpc^-3 dex^-1])(11) log10(QLF(11<logMstar<12)_16th [Mpc^-3 dex^-1])(12) log10(QLF(11<logMstar<12)_84th [Mpc^-3 dex^-1])(13)
40.000000 -6.891875 -9.615497 -10.465282 -8.939190 -7.220667 -8.037399 -7.161262 -7.169732 -7.980936 -7.218241 -9.669232 -10.479077 -9.440152
40.040000 -6.878011 -9.537338 -10.381104 -8.886430 -7.206756 -8.018769 -7.144727 -7.156200 -7.962171 -7.206655 -9.642496 -10.456974 -9.420593
40.080000 -6.864576 -9.462391 -10.329957 -8.847100 -7.193068 -8.001052 -7.128875 -7.143285 -7.943985 -7.195673 -9.623150 -10.437021 -9.404231
40.120000 -6.851080 -9.404708 -10.244672 -8.806146 -7.179601 -7.982721 -7.113396 -7.130017 -7.925457 -7.184358 -9.600537 -10.415981 -9.388383
40.160000 -6.837540 -9.328374 -10.187997 -8.770865 -7.165909 -7.964883 -7.100276 -7.116987 -7.907147 -7.173275 -9.582226 -10.396303 -9.371862
40.200000 -6.824409 -9.280186 -10.099411 -8.741531 -7.152807 -7.947067 -7.088560 -7.104075 -7.888960 -7.162318 -9.563466 -10.376338 -9.355487
40.240000 -6.810702 -9.206284 -10.046040 -8.708393 -7.139040 -7.929022 -7.075944 -7.090866 -7.870467 -7.151062 -9.546053 -10.356616 -9.339294
40.280000 -6.797413 -9.162469 -9.955222 -8.678896 -7.125732 -7.911233 -7.064995 -7.077848 -7.852166 -7.140003 -9.529432 -10.337107 -9.323671
40.320000 -6.783939 -9.099250 -9.901045 -8.645469 -7.112304 -7.893304 -7.053107 -7.064776 -7.833805 -7.128890 -9.513032 -10.317651 -9.308528
40.360000 -6.770307 -9.051422 -9.803566 -8.614829 -7.098661 -7.875324 -7.042202 -7.051490 -7.815230 -7.117563 -9.497722 -10.298250 -9.293190
40.400000 -6.757090 -8.998749 -9.762512 -8.581275 -7.085558 -7.857613 -7.031071 -7.038591 -7.797042 -7.106626 -9.482321 -10.279141 -9.278968
40.440000 -6.742931 -8.946915 -9.692966 -8.548725 -7.071427 -7.839981 -7.019699 -7.024841 -7.778001 -7.094837 -9.467477 -10.259456 -9.263653
40.480000 -6.729219 -8.899862 -9.637218 -8.498218 -7.057876 -7.820569 -7.008703 -7.011404 -7.759270 -7.083361 -9.452472 -10.239977 -9.249268
40.520000 -6.715115 -8.848034 -9.567753 -8.458598 -7.043861 -7.801198 -6.997456 -6.997730 -7.740303 -7.068864 -9.437991 -10.220438 -9.234594
40.560000 -6.700670 -8.800598 -9.510892 -8.406248 -7.029614 -7.781273 -6.986138 -6.983593 -7.720874 -7.053516 -9.422981 -10.200388 -9.219657
40.600000 -6.686690 -8.747649 -9.452544 -8.338083 -7.015797 -7.762055 -6.975212 -6.970090 -7.702079 -7.038799 -9.408889 -10.181046 -9.205496
40.640000 -6.671017 -8.697807 -9.400374 -8.267233 -7.000341 -7.740995 -6.962870 -6.954815 -7.681512 -7.022311 -9.393148 -10.159944 -9.189605
40.680000 -6.655891 -8.642819 -9.359820 -8.188881 -6.985486 -7.720641 -6.951037 -6.940200 -7.661603 -7.006482 -9.378113 -10.139515 -9.174490
40.720000 -6.639606 -8.588120 -9.317354 -8.130903 -6.969487 -7.698604 -6.938199 -6.924452 -7.640564 -6.989521 -9.362136 -10.117992 -9.158243
40.760000 -6.622307 -8.528205 -9.264426 -8.076088 -6.952600 -7.675639 -6.924444 -6.907753 -7.618572 -6.970980 -9.345159 -10.095503 -9.141156
40.800000 -6.605671 -8.467776 -9.213785 -8.018009 -6.936375 -7.653327 -6.911152 -6.891848 -7.597376 -6.954059 -9.329144 -10.073843 -9.124981
40.840000 -6.583714 -8.396968 -9.149544 -7.949566 -6.915049 -7.626003 -6.891003 -6.870694 -7.570930 -6.931422 -9.307836 -10.046922 -9.103838
40.880000 -6.562815 -8.324906 -9.063124 -7.862309 -6.894814 -7.600172 -6.871612 -6.850810 -7.545754 -6.910139 -9.287878 -10.022453 -9.083972
40.920000 -6.536302 -8.239902 -9.010133 -7.791537 -6.869276 -7.568858 -6.847026 -6.825515 -7.515167 -6.883185 -9.262508 -9.992876 -9.058711
40.960000 -6.505202 -8.145420 -8.933856 -7.693882 -6.839352 -7.533312 -6.818024 -6.795979 -7.483558 -6.851990 -9.232922 -9.959058 -9.029235
41.000000 -6.476180 -8.045061 -8.866115 -7.523638 -6.811950 -7.500229 -6.788478 -6.768959 -7.454535 -6.823310 -9.205867 -9.927754 -9.002273
41.040000 -6.417888 -7.907485 -8.763291 -7.349879 -6.755871 -7.438476 -6.725750 -6.713272 -7.396852 -6.768126 -9.150150 -9.866486 -8.946662
41.080000 -6.366502 -7.766518 -8.674201 -7.185874 -6.707561 -7.384568 -6.668577 -6.665470 -7.347052 -6.721317 -9.102333 -9.812661 -8.895886
41.120000 -6.279645 -7.578090 -8.567044 -6.971667 -6.625243 -7.296544 -6.574511 -6.583593 -7.263182 -6.640428 -9.020438 -9.724761 -8.810969
41.160000 -6.175441 -7.360205 -8.446995 -6.758803 -6.527626 -7.193365 -6.467695 -6.486644 -7.164245 -6.544470 -8.923482 -9.621788 -8.710978
41.200000 -6.091465 -7.150333 -8.325880 -6.547520 -6.453687 -7.113755 -6.380496 -6.413271 -7.088879 -6.472090 -8.850101 -9.542392 -8.634565
41.240000 -6.066245 -6.987924 -8.253744 -6.376606 -6.443760 -7.098218 -6.359605 -6.404153 -7.077771 -6.463963 -8.840979 -9.528534 -8.622406
41.280000 -6.042410 -6.856993 -8.236118 -6.318950 -6.436353 -7.086903 -6.346177 -6.397547 -7.069175 -6.458352 -8.834369 -9.517768 -8.612759
41.320000 -6.032884 -6.796872 -8.223634 -6.300699 -6.436159 -7.083230 -6.343340 -6.398291 -7.067934 -6.460155 -8.835111 -9.514352 -8.610463
41.360000 -6.036746 -6.760698 -8.225388 -6.291128 -6.448258 -7.092027 -6.353027 -6.411491 -7.079147 -6.474883 -8.848309 -9.523391 -8.620623
41.400000 -6.040643 -6.718168 -8.225341 -6.358584 -6.463167 -7.103544 -6.365425 -6.427448 -7.093114 -6.492369 -8.864266 -9.535189 -8.633539
41.440000 -6.040075 -6.699359 -8.189004 -6.360986 -6.466889 -7.104158 -6.369882 -6.432502 -7.096180 -6.498952 -8.869319 -9.536084 -8.635553
41.480000 -6.039508 -6.647288 -8.135869 -6.361264 -6.481271 -7.115351 -6.384869 -6.448181 -7.109872 -6.516160 -8.884997 -9.547602 -8.648191
41.520000 -6.039581 -6.642724 -8.076719 -6.404484 -6.481976 -7.113272 -6.386660 -6.450613 -7.110320 -6.520123 -8.887429 -9.545875 -8.647583
41.560000 -6.040294 -6.611234 -8.025606 -6.394828 -6.493091 -7.121473 -6.398644 -6.463364 -7.119653 -6.534403 -8.900180 -9.554358 -8.657293
41.600000 -6.041009 -6.603355 -7.951936 -6.411297 -6.495896 -7.118301 -6.402828 -6.468312 -7.120423 -6.540881 -8.905127 -9.554817 -8.659200
41.640000 -6.039521 -6.583976 -7.927012 -6.394669 -6.500292 -7.116882 -6.408448 -6.474765 -7.122699 -6.548865 -8.911581 -9.556783 -8.662614
41.680000 -6.038039 -6.571293 -7.901966 -6.416454 -6.502071 -7.114389 -6.411761 -6.479060 -7.122817 -6.554691 -8.915876 -9.556589 -8.665582
41.720000 -6.038183 -6.572205 -7.831865 -6.401484 -6.500585 -7.110599 -6.411939 -6.480131 -7.119709 -6.556877 -8.916946 -9.553170 -8.665687
41.760000 -6.039955 -6.551485 -7.760943 -6.398137 -6.510490 -7.120124 -6.423505 -6.492990 -7.128392 -6.567040 -8.929806 -9.561541 -8.677583
41.800000 -6.041735 -6.574418 -7.650162 -6.428983 -6.501687 -7.108325 -6.413318 -6.487113 -7.118337 -6.558462 -8.923929 -9.551174 -8.670740
41.840000 -6.043145 -6.544753 -7.616236 -6.445437 -6.514786 -7.121687 -6.423230 -6.503932 -7.130978 -6.572581 -8.940747 -9.563505 -8.686594
41.880000 -6.044560 -6.575589 -7.576812 -6.478604 -6.501326 -7.105123 -6.405569 -6.494392 -7.117261 -6.560335 -8.931208 -9.549475 -8.676090
41.920000 -6.044286 -6.564568 -7.511235 -6.474642 -6.503479 -7.106816 -6.403696 -6.500787 -7.119106 -6.566793 -8.937604 -9.551407 -8.681521
41.960000 -6.042328 -6.581560 -7.427957 -6.459092 -6.490995 -7.092163 -6.396792 -6.493463 -7.106808 -6.560306 -8.930279 -9.539868 -8.673232
42.000000 -6.040378 -6.582783 -7.365371 -6.445640 -6.485457 -7.084453 -6.386409 -6.492551 -7.100925 -6.560226 -8.929368 -9.534743 -8.671356
42.040000 -6.034458 -6.587428 -7.273753 -6.453575 -6.472254 -7.070626 -6.365881 -6.485624 -7.089022 -6.554114 -8.922443 -9.523604 -8.663465
42.080000 -6.028617 -6.605540 -7.220441 -6.420576 -6.454878 -7.049040 -6.339853 -6.473471 -7.071896 -6.542772 -8.910291 -9.507236 -8.650349
42.120000 -6.021301 -6.589665 -7.138516 -6.459912 -6.446996 -7.037574 -6.328318 -6.473155 -7.066604 -6.543224 -8.909981 -9.502712 -8.649073
42.160000 -6.012583 -6.623255 -7.084157 -6.430375 -6.420790 -6.997153 -6.292423 -6.452763 -7.041229 -6.523607 -8.889592 -9.478108 -8.627720
42.200000 -6.004037 -6.594743 -7.017936 -6.411358 -6.414517 -6.979863 -6.282788 -6.455685 -7.039176 -6.527194 -8.892529 -9.476832 -8.629692
42.240000 -5.992880 -6.630566 -6.961193 -6.403095 -6.384410 -6.936571 -6.244014 -6.433673 -7.012164 -6.498930 -8.870530 -9.453121 -8.606728
42.280000 -5.982003 -6.614025 -6.964178 -6.404489 -6.370809 -6.911220 -6.224373 -6.429507 -7.003030 -6.484020 -8.866399 -9.448451 -8.601632
42.320000 -5.969804 -6.639237 -6.932881 -6.393699 -6.342770 -6.875674 -6.190876 -6.412384 -6.980884 -6.454195 -8.849319 -9.430835 -8.583587
42.360000 -5.956399 -6.624202 -6.937050 -6.404641 -6.325610 -6.852430 -6.164632 -6.404388 -6.967904 -6.430150 -8.841385 -9.422364 -8.574821
42.400000 -5.943396 -6.641636 -6.910151 -6.378481 -6.298785 -6.827146 -6.136688 -6.390506 -6.948986 -6.405224 -8.827618 -9.408058 -8.560462
42.440000 -5.930322 -6.643740 -6.855307 -6.358662 -6.277675 -6.805891 -6.117506 -6.379080 -6.932503 -6.383938 -8.816297 -9.396200 -8.548594
42.480000 -5.917631 -6.639646 -6.822807 -6.363065 -6.256441 -6.786294 -6.101312 -6.372680 -6.920154 -6.364897 -8.810175 -9.388950 -8.542353
42.520000 -5.903013 -6.654779 -6.806740 -6.337993 -6.230631 -6.760813 -6.069744 -6.357331 -6.896671 -6.346181 -8.794987 -9.370427 -8.527048
42.560000 -5.886669 -6.630659 -6.784344 -6.339846 -6.209019 -6.740419 -6.042129 -6.352137 -6.883943 -6.338176 -8.790401 -9.362502 -8.522345
42.600000 -5.870918 -6.653426 -6.816170 -6.300943 -6.179517 -6.713657 -6.006436 -6.336397 -6.860510 -6.320053 -8.775137 -9.343900 -8.506963
42.640000 -5.851248 -6.618852 -6.777284 -6.288341 -6.156722 -6.689289 -5.975869 -6.328652 -6.852223 -6.308437 -8.768350 -9.333777 -8.500058
42.680000 -5.832430 -6.643887 -6.793460 -6.255267 -6.122699 -6.659015 -5.937915 -6.311436 -6.834679 -6.287056 -8.752338 -9.314429 -8.483928
42.720000 -5.812476 -6.602784 -6.753188 -6.237872 -6.101562 -6.634754 -5.908207 -6.303508 -6.826020 -6.275182 -8.745703 -9.304336 -8.477175
42.760000 -5.791569 -6.623556 -6.761255 -6.218262 -6.066405 -6.588461 -5.869372 -6.285703 -6.808349 -6.250923 -8.730192 -9.284853 -8.460630
42.800000 -5.771623 -6.598264 -6.773577 -6.205010 -6.042547 -6.563722 -5.838268 -6.274796 -6.794785 -6.227539 -8.721071 -9.271764 -8.449445
42.840000 -5.748361 -6.596162 -6.784041 -6.222742 -6.009577 -6.530210 -5.802145 -6.258503 -6.778015 -6.192098 -8.708794 -9.255517 -8.435104
42.880000 -5.726283 -6.587442 -6.802525 -6.177910 -5.980700 -6.496920 -5.766986 -6.242548 -6.759579 -6.157594 -8.695231 -9.237982 -8.419476
42.920000 -5.702898 -6.564612 -6.803179 -6.239322 -5.952091 -6.458384 -5.735341 -6.228562 -6.746961 -6.133287 -8.687646 -9.226426 -8.409827
42.960000 -5.678463 -6.574167 -6.769741 -6.237242 -5.917989 -6.406323 -5.697698 -6.207505 -6.725155 -6.096996 -8.671613 -9.206424 -8.391729
43.000000 -5.655331 -6.533194 -6.790419 -6.237883 -5.893744 -6.373815 -5.670309 -6.194429 -6.712220 -6.075303 -8.666002 -9.196844 -8.384053
43.040000 -5.628746 -6.557422 -6.803870 -6.221294 -5.856279 -6.336648 -5.642632 -6.167852 -6.684320 -6.037629 -8.648494 -9.175363 -8.364480
43.080000 -5.603695 -6.514869 -6.807495 -6.217519 -5.830717 -6.311594 -5.622838 -6.151159 -6.664970 -6.010784 -8.639466 -9.162288 -8.353910
43.120000 -5.578006 -6.538238 -6.847562 -6.213353 -5.796345 -6.277248 -5.582139 -6.123703 -6.645375 -5.974693 -8.624518 -9.143095 -8.339997
43.160000 -5.551866 -6.515069 -6.884378 -6.206893 -5.767467 -6.247790 -5.546644 -6.102243 -6.624513 -5.939106 -8.611769 -9.126101 -8.328285
43.200000 -5.527209 -6.522403 -6.865629 -6.226167 -5.738224 -6.218428 -5.534560 -6.075595 -6.605203 -5.908379 -8.601075 -9.111156 -8.318624
43.240000 -5.499402 -6.522463 -6.815511 -6.219743 -5.705612 -6.182869 -5.512652 -6.048617 -6.575410 -5.874558 -8.584009 -9.089843 -8.302590
43.280000 -5.473269 -6.509384 -6.850668 -6.207026 -5.678572 -6.154825 -5.505498 -6.020124 -6.551898 -5.850510 -8.574260 -9.075849 -8.293873
43.320000 -5.446706 -6.538886 -6.886272 -6.216391 -5.646614 -6.117690 -5.473635 -5.988434 -6.518426 -5.813490 -8.557341 -9.054517 -8.277982
43.360000 -5.419876 -6.507446 -6.918972 -6.186906 -5.620633 -6.088783 -5.455387 -5.961001 -6.489885 -5.782445 -8.546879 -9.038206 -8.268547
43.400000 -5.394608 -6.557141 -6.982607 -6.198918 -5.591051 -6.053086 -5.431763 -5.925756 -6.456208 -5.749613 -8.531078 -9.016553 -8.253760
43.440000 -5.367940 -6.534926 -7.053505 -6.173955 -5.564238 -6.020419 -5.410390 -5.898333 -6.420859 -5.725703 -8.518005 -8.997629 -8.240595
43.480000 -5.342815 -6.583091 -7.162255 -6.180868 -5.537108 -5.984831 -5.393358 -5.862096 -6.386262 -5.700229 -8.502360 -8.976119 -8.224057
43.520000 -5.318122 -6.589504 -7.231610 -6.157752 -5.511386 -5.950750 -5.363058 -5.833863 -6.346336 -5.669817 -8.488253 -8.956154 -8.209057
43.560000 -5.293867 -6.622046 -7.374822 -6.185145 -5.487674 -5.918519 -5.331598 -5.799224 -6.311362 -5.643489 -8.474355 -8.936362 -8.194227
43.600000 -5.270895 -6.661410 -7.440248 -6.190112 -5.463607 -5.883887 -5.300563 -5.769800 -6.269543 -5.612706 -8.458980 -8.915101 -8.177896
43.640000 -5.247694 -6.674713 -7.586522 -6.182142 -5.442907 -5.853633 -5.272236 -5.737139 -6.231761 -5.585747 -8.446225 -8.896407 -8.164798
43.680000 -5.225669 -6.749509 -7.683468 -6.157593 -5.421409 -5.819086 -5.240443 -5.704186 -6.196923 -5.557700 -8.429459 -8.873671 -8.147719
43.720000 -5.204571 -6.746484 -7.829717 -6.148241 -5.402931 -5.790647 -5.215557 -5.676516 -6.163339 -5.542161 -8.417833 -8.859300 -8.135782
43.760000 -5.184321 -6.841589 -7.951162 -6.115313 -5.385336 -5.756301 -5.221300 -5.642876 -6.120529 -5.521810 -8.401396 -8.840809 -8.116944
43.800000 -5.164973 -6.856270 -8.057139 -6.110068 -5.368176 -5.725072 -5.224510 -5.617537 -6.084291 -5.505808 -8.388668 -8.825955 -8.097855
43.840000 -5.146916 -6.950958 -8.227069 -6.113462 -5.354652 -5.692397 -5.228361 -5.585951 -6.042317 -5.477677 -8.372718 -8.807905 -8.074471
43.880000 -5.129579 -7.001155 -8.297968 -6.116105 -5.340371 -5.676075 -5.215978 -5.560793 -6.005974 -5.453827 -8.358690 -8.791650 -8.053461
43.920000 -5.113576 -7.078612 -8.473057 -6.105615 -5.330106 -5.652713 -5.197893 -5.532445 -5.966650 -5.428934 -8.343905 -8.774630 -8.029256
43.960000 -5.098787 -7.168516 -8.602300 -6.090542 -5.319703 -5.629014 -5.182643 -5.508163 -5.930846 -5.406839 -8.329198 -8.757550 -8.009234
44.000000 -5.084485 -7.221186 -8.827123 -6.053502 -5.312085 -5.609738 -5.165211 -5.482419 -5.893960 -5.384054 -8.314632 -8.740368 -7.995193
44.040000 -5.072760 -7.355746 -8.976057 -6.057132 -5.307137 -5.609773 -5.143757 -5.458647 -5.858634 -5.360536 -8.299503 -8.722230 -7.980588
44.080000 -5.061343 -7.389686 -9.203200 -6.122193 -5.301971 -5.616667 -5.124741 -5.437990 -5.830216 -5.342025 -8.286361 -8.705803 -7.967926
44.120000 -5.051435 -7.543725 -9.395039 -6.180042 -5.300836 -5.595651 -5.122239 -5.414887 -5.802370 -5.330744 -8.270233 -8.687125 -7.952217
44.160000 -5.042941 -7.603320 -9.588740 -6.193129 -5.298593 -5.580986 -5.134255 -5.397943 -5.777727 -5.316951 -8.257314 -8.669394 -7.939698
44.200000 -5.034611 -7.754170 -9.792248 -6.229157 -5.300591 -5.567105 -5.130067 -5.376176 -5.750262 -5.301457 -8.239699 -8.646776 -7.922254
44.240000 -5.029500 -7.855777 -9.962272 -6.277693 -5.302792 -5.558233 -5.129645 -5.362143 -5.725166 -5.299071 -8.226704 -8.628438 -7.909479
44.280000 -5.024448 -7.987857 -10.202474 -6.361744 -5.308511 -5.574331 -5.130992 -5.344712 -5.700490 -5.295030 -8.210074 -8.606011 -7.891832
44.320000 -5.021290 -8.132281 -10.366322 -6.428958 -5.313805 -5.587583 -5.126355 -5.332286 -5.676494 -5.283149 -8.195585 -8.586651 -7.862983
44.360000 -5.019983 -8.232844 -10.626411 -6.527891 -5.323756 -5.607859 -5.111898 -5.319415 -5.654235 -5.270518 -8.179951 -8.563859 -7.833490
44.400000 -5.018680 -8.428620 -10.820875 -6.596727 -5.333163 -5.603409 -5.097826 -5.307594 -5.631016 -5.259054 -8.162929 -8.539556 -7.804277
44.440000 -5.021046 -8.507767 -11.082486 -6.668227 -5.345731 -5.605945 -5.090263 -5.300527 -5.610664 -5.250503 -8.148590 -8.514131 -7.776716
44.480000 -5.023425 -8.724942 -11.299450 -6.767746 -5.360711 -5.613993 -5.093391 -5.291783 -5.583176 -5.246504 -8.131072 -8.488409 -7.750299
44.520000 -5.027725 -8.835004 -11.554337 -6.826956 -5.374649 -5.655278 -5.088114 -5.288020 -5.559901 -5.245758 -8.115461 -8.462376 -7.714159
44.560000 -5.034002 -9.050027 -11.812915 -6.961684 -5.395338 -5.709926 -5.092702 -5.282828 -5.537175 -5.246185 -8.097195 -8.435892 -7.677077
44.600000 -5.040371 -9.201751 -12.089520 -7.027424 -5.411657 -5.726664 -5.112494 -5.281687 -5.518033 -5.248438 -8.079300 -8.414958 -7.637235
44.640000 -5.050809 -9.398997 -12.334810 -7.185289 -5.436931 -5.744783 -5.141421 -5.281474 -5.503620 -5.252655 -8.060554 -8.375286 -7.599899
44.680000 -5.061504 -9.596562 -12.595067 -7.282161 -5.458365 -5.781372 -5.164230 -5.284853 -5.490828 -5.249463 -8.042753 -8.336199 -7.562220
44.720000 -5.074166 -9.751056 -12.870604 -7.433938 -5.486661 -5.818186 -5.179659 -5.287392 -5.484850 -5.256459 -8.020486 -8.307156 -7.523601
44.760000 -5.088964 -10.011429 -13.122378 -7.538425 -5.514733 -5.871809 -5.197817 -5.294064 -5.477821 -5.262909 -8.001273 -8.282016 -7.488300
44.800000 -5.104284 -10.140784 -13.433860 -7.670960 -5.544634 -5.929932 -5.237135 -5.300920 -5.484838 -5.269400 -7.976455 -8.252513 -7.453581
44.840000 -5.122624 -10.425486 -13.714416 -7.812456 -5.579197 -5.993357 -5.283793 -5.310354 -5.492902 -5.282075 -7.954285 -8.238946 -7.421499
44.880000 -5.141772 -10.591374 -14.023481 -7.926768 -5.612291 -6.031528 -5.318318 -5.322279 -5.498382 -5.293214 -7.928503 -8.227202 -7.383104
44.920000 -5.162608 -10.874660 -14.337245 -8.111254 -5.652896 -6.094281 -5.360829 -5.333436 -5.506481 -5.301816 -7.901546 -8.211739 -7.347275
44.960000 -5.185341 -11.079217 -14.641880 -8.238723 -5.690219 -6.157085 -5.384599 -5.349488 -5.526406 -5.318098 -7.874284 -8.179762 -7.313105
45.000000 -5.209330 -11.347627 -15.019220 -8.475885 -5.735967 -6.222739 -5.412253 -5.364072 -5.542629 -5.330884 -7.842766 -8.150605 -7.278775
45.040000 -5.234714 -11.594756 -15.383326 -8.713099 -5.777949 -6.292724 -5.446226 -5.382778 -5.568042 -5.348321 -7.815168 -8.117913 -7.247500
45.080000 -5.261675 -11.810562 -15.753724 -8.986468 -5.829672 -6.366939 -5.486723 -5.400400 -5.573341 -5.361397 -7.779369 -8.088752 -7.214637
45.120000 -5.289787 -12.131202 -16.176734 -9.240914 -5.878797 -6.449070 -5.525838 -5.421194 -5.578522 -5.378393 -7.750570 -8.063401 -7.184574
45.160000 -5.319169 -12.319304 -16.484445 -9.472683 -5.933901 -6.524554 -5.573327 -5.442283 -5.608238 -5.394967 -7.713720 -8.031987 -7.153774
45.200000 -5.350683 -12.671798 -16.982698 -9.692722 -5.992393 -6.616635 -5.620595 -5.465797 -5.640220 -5.414462 -7.682920 -8.006540 -7.119875
45.240000 -5.382058 -12.894159 -17.319654 -9.928570 -6.050486 -6.701316 -5.672393 -5.489964 -5.666973 -5.435356 -7.647280 -7.973204 -7.088581
45.280000 -5.415876 -13.251841 -17.803588 -10.152170 -6.118630 -6.801725 -5.730285 -5.515291 -5.671586 -5.455953 -7.614014 -7.941985 -7.054486
45.320000 -5.450321 -13.502803 -18.245122 -10.378457 -6.182661 -6.898417 -5.790767 -5.543239 -5.705981 -5.479728 -7.580892 -7.911184 -7.026433
45.360000 -5.485314 -13.850191 -18.530511 -10.641183 -6.257278 -7.003864 -5.856292 -5.570320 -5.742284 -5.502680 -7.545210 -7.878371 -6.995011
45.400000 -5.523376 -14.142920 -19.020283 -10.854775 -6.329448 -7.112857 -5.924146 -5.602440 -5.780690 -5.530038 -7.516837 -7.851837 -6.971846
45.440000 -5.559214 -14.423080 -19.520870 -11.137648 -6.412106 -7.217911 -5.997175 -5.630978 -5.812658 -5.554770 -7.480167 -7.819480 -6.944142
45.480000 -5.598278 -14.804103 -19.918088 -11.362668 -6.492669 -7.344137 -6.071134 -5.664545 -5.847679 -5.588211 -7.452573 -7.793040 -6.922046
45.520000 -5.637634 -15.054788 -20.481058 -11.657928 -6.582974 -7.458106 -6.146572 -5.698062 -5.888316 -5.620687 -7.420644 -7.764496 -6.900057
45.560000 -5.677003 -15.476535 -21.014319 -11.964410 -6.673675 -7.591947 -6.214824 -5.732538 -5.926601 -5.655949 -7.392201 -7.728396 -6.880631
45.600000 -5.720301 -15.758800 -21.540214 -12.247263 -6.771206 -7.718804 -6.302076 -5.771654 -5.971737 -5.695551 -7.366528 -7.698177 -6.866453
45.640000 -5.759422 -16.193570 -22.024644 -12.494948 -6.873489 -7.857023 -6.372612 -5.806790 -6.016162 -5.732126 -7.337317 -7.661422 -6.846257
45.680000 -5.802419 -16.487888 -22.466217 -12.782051 -6.976290 -7.998555 -6.466979 -5.847146 -6.063583 -5.776558 -7.313114 -7.631688 -6.834378
45.720000 -5.845290 -16.921548 -22.939039 -13.108153 -7.090874 -8.151452 -6.549598 -5.887619 -6.112233 -5.820729 -7.288288 -7.601619 -6.818421
45.760000 -5.887507 -17.253029 -23.336248 -13.375255 -7.199138 -8.303850 -6.650432 -5.928776 -6.165269 -5.867842 -7.265741 -7.572941 -6.801811
45.800000 -5.934273 -17.607023 -23.855959 -13.727490 -7.329471 -8.474895 -6.748494 -5.974756 -6.216142 -5.920011 -7.246294 -7.549292 -6.790691
45.840000 -5.975420 -18.045459 -24.348072 -14.010162 -7.446452 -8.663973 -6.856317 -6.016455 -6.263467 -5.962212 -7.224474 -7.522628 -6.777030
45.880000 -6.020876 -18.360866 -24.977526 -14.367466 -7.581687 -8.848119 -6.967064 -6.063132 -6.324877 -6.012278 -7.206465 -7.502280 -6.770075
45.920000 -6.065979 -18.857347 -25.607900 -14.680637 -7.715013 -9.048596 -7.080063 -6.110540 -6.388914 -6.060486 -7.190459 -7.479606 -6.766516
45.960000 -6.110031 -19.191311 -26.230924 -15.015638 -7.853564 -9.246013 -7.208763 -6.157864 -6.444610 -6.106814 -7.174316 -7.459163 -6.764629
46.000000 -6.159061 -19.715749 -26.843730 -15.297990 -8.005760 -9.456030 -7.332042 -6.211135 -6.506043 -6.158833 -7.164468 -7.445460 -6.769151
46.040000 -6.201573 -20.044810 -27.400823 -15.657706 -8.150006 -9.670654 -7.471108 -6.259013 -6.558843 -6.205853 -7.149932 -7.427874 -6.773650
46.080000 -6.248702 -20.566449 -28.029688 -15.942104 -8.310282 -9.913020 -7.601499 -6.312577 -6.627141 -6.260749 -7.141172 -7.416370 -6.792692
46.120000 -6.295475 -20.939526 -28.553975 -16.308959 -8.464517 -10.172762 -7.756622 -6.366886 -6.697911 -6.320518 -7.134563 -7.409211 -6.814500
46.160000 -6.341118 -21.357671 -29.209568 -16.611530 -8.638781 -10.435662 -7.898166 -6.421264 -6.766204 -6.379881 -7.127663 -7.409816 -6.826399
46.200000 -6.392128 -21.865855 -29.761977 -16.940678 -8.808095 -10.701538 -8.070552 -6.482154 -6.842081 -6.440492 -7.128775 -7.418383 -6.851900
46.240000 -6.436274 -22.239516 -30.378279 -17.300531 -8.986874 -10.996964 -8.228378 -6.537521 -6.906721 -6.507652 -7.124237 -7.421688 -6.870214
46.280000 -6.485420 -22.812160 -30.953540 -17.612326 -9.167007 -11.235255 -8.399663 -6.599066 -6.985113 -6.572850 -7.127182 -7.432593 -6.891036
46.320000 -6.534275 -23.201895 -31.589411 -18.019526 -9.355284 -11.434449 -8.587099 -6.661722 -7.069704 -6.633786 -7.131483 -7.438124 -6.913580
46.360000 -6.581990 -23.805255 -32.177104 -18.346204 -9.550400 -11.652554 -8.765749 -6.724574 -7.142711 -6.696530 -7.136720 -7.434894 -6.926171
46.400000 -6.635602 -24.179298 -32.794457 -18.772566 -9.751115 -11.867598 -8.971722 -6.794740 -7.235842 -6.770021 -7.149841 -7.444638 -6.965335
46.440000 -6.682082 -24.781499 -33.444195 -19.091226 -9.954726 -12.130609 -9.158815 -6.859248 -7.317485 -6.833856 -7.157755 -7.467426 -6.988079
46.480000 -6.734140 -25.197821 -34.012843 -19.522629 -10.157496 -12.423780 -9.376463 -6.930649 -7.407614 -6.904481 -7.173549 -7.491240 -7.020299
46.520000 -6.786034 -25.684616 -34.703088 -19.865883 -10.384533 -12.705169 -9.577695 -7.003610 -7.498818 -6.975610 -7.190742 -7.503090 -7.055377
46.560000 -6.836809 -26.253196 -35.256889 -20.245495 -10.597369 -13.006590 -9.758174 -7.076701 -7.595267 -7.048648 -7.209196 -7.516704 -7.089517
46.600000 -6.894316 -26.697090 -35.893837 -20.670200 -10.834418 -13.286014 -9.980877 -7.158358 -7.707954 -7.129906 -7.235891 -7.539171 -7.128407
46.640000 -6.944045 -27.340134 -36.381660 -21.037298 -11.058200 -13.595616 -10.239554 -7.233394 -7.815481 -7.205019 -7.257149 -7.557115 -7.169367
46.680000 -7.000213 -27.787354 -37.013893 -21.513899 -11.297514 -13.951339 -10.487148 -7.316731 -7.920636 -7.288313 -7.286333 -7.587208 -7.217603
46.720000 -7.056309 -28.473035 -37.582296 -21.919130 -11.545706 -14.297011 -10.707685 -7.401220 -8.027909 -7.372516 -7.317517 -7.616786 -7.267123
46.760000 -7.111162 -28.881391 -38.192543 -22.393280 -11.791504 -14.639974 -10.945303 -7.486222 -8.134036 -7.457902 -7.348981 -7.655708 -7.316768
46.800000 -7.173959 -29.573967 -38.826854 -22.809764 -12.055420 -14.992756 -11.191330 -7.580458 -8.250124 -7.549683 -7.390208 -7.710012 -7.375380
46.840000 -7.227645 -30.031063 -39.445249 -23.273950 -12.301149 -15.351205 -11.452814 -7.666956 -8.358193 -7.631293 -7.423963 -7.757099 -7.418241
46.880000 -7.288917 -30.585944 -40.062129 -23.711294 -12.584081 -15.719954 -11.711472 -7.762727 -8.473392 -7.722140 -7.466683 -7.804031 -7.472544
46.920000 -7.350163 -31.224025 -40.675375 -24.141996 -12.848724 -16.083163 -11.992064 -7.859428 -8.592212 -7.819167 -7.511041 -7.864902 -7.525986
46.960000 -7.409860 -31.725018 -41.353309 -24.638290 -13.133111 -16.453546 -12.255672 -7.956491 -8.709435 -7.914907 -7.554976 -7.916131 -7.572730
47.000000 -7.479092 -32.451785 -41.900369 -25.081759 -13.417694 -16.837356 -12.531033 -8.063580 -8.839311 -8.013340 -7.610060 -7.963636 -7.628422
47.040000 -7.537321 -32.952934 -42.585206 -25.601841 -13.701386 -17.207265 -12.813175 -8.161722 -8.959781 -8.106950 -7.655074 -8.009697 -7.673165
47.080000 -7.604584 -33.713287 -43.203963 -26.078341 -14.004744 -17.608095 -13.095030 -8.269288 -9.094050 -8.212304 -7.710515 -8.071178 -7.728443
47.120000 -7.671853 -34.169359 -43.881633 -26.604589 -14.306265 -18.002198 -13.394535 -8.378747 -9.227662 -8.318194 -7.766822 -8.135160 -7.784679
47.160000 -7.737095 -34.930025 -44.559105 -27.068745 -14.615784 -18.405802 -13.674298 -8.486705 -9.361141 -8.422653 -7.822238 -8.198203 -7.841037
47.200000 -7.813900 -35.451955 -45.249201 -27.609153 -14.924641 -18.781321 -13.921021 -8.607418 -9.509862 -8.540434 -7.890098 -8.273204 -7.911278
47.240000 -7.877169 -36.065689 -45.893705 -28.086264 -15.256638 -19.181741 -14.157160 -8.716052 -9.648472 -8.644582 -7.945192 -8.333931 -7.963316
47.280000 -7.951254 -36.772534 -46.568042 -28.577958 -15.572450 -19.572293 -14.406179 -8.835876 -9.802220 -8.761532 -8.011988 -8.406769 -8.029405
47.320000 -8.025384 -37.343173 -47.315810 -29.134795 -15.918314 -19.977542 -14.684746 -8.957896 -9.958095 -8.877987 -8.079378 -8.479431 -8.098365
47.360000 -8.096798 -38.128500 -48.075840 -29.628106 -16.244716 -20.415495 -14.982877 -9.076930 -10.115896 -8.994208 -8.144878 -8.550905 -8.168339
47.400000 -8.182312 -38.713453 -48.990896 -30.219507 -16.598622 -20.908408 -15.273432 -9.212698 -10.290517 -9.124098 -8.224892 -8.636185 -8.245120
47.440000 -8.251017 -39.525569 -49.849393 -30.747437 -16.945156 -21.369357 -15.578618 -9.331392 -10.443205 -9.238433 -8.288783 -8.706308 -8.306435
47.480000 -8.332671 -40.036683 -50.767747 -31.328878 -17.307704 -21.767881 -15.876824 -9.465600 -10.614736 -9.371159 -8.365993 -8.790323 -8.382007
47.520000 -8.414374 -40.871322 -51.723293 -31.878762 -17.673975 -22.176247 -16.195966 -9.600210 -10.795383 -9.508238 -8.443778 -8.876862 -8.458203
47.560000 -8.492324 -41.439708 -52.562801 -32.438323 -18.025312 -22.583851 -16.497104 -9.732815 -10.977388 -9.644712 -8.518189 -8.958097 -8.527822
47.600000 -8.587395 -42.142452 -53.420327 -33.058404 -18.435513 -23.019575 -16.842214 -9.884376 -11.175914 -9.798435 -8.610075 -9.056469 -8.612281
47.640000 -8.661646 -42.901132 -54.321327 -33.565733 -18.789568 -23.433662 -17.150109 -10.016067 -11.356889 -9.934297 -8.681516 -9.133676 -8.684971
47.680000 -8.751263 -43.544560 -55.260702 -34.218322 -19.198422 -23.867688 -17.481612 -10.166011 -11.556812 -10.080008 -8.768585 -9.226530 -8.775303
47.720000 -8.840935 -44.395395 -56.148139 -34.851380 -19.583685 -24.374689 -17.827944 -10.316598 -11.760721 -10.229252 -8.856046 -9.320970 -8.862198
47.760000 -8.925499 -45.042565 -57.079256 -35.453756 -19.980753 -24.898934 -18.152586 -10.465271 -11.960843 -10.370892 -8.938623 -9.410439 -8.943721
47.800000 -9.030612 -45.927132 -58.056044 -35.934221 -20.402441 -25.445218 -18.523515 -10.635465 -12.184100 -10.537158 -9.042027 -9.522445 -9.048936
47.840000 -9.110410 -46.484830 -58.952423 -36.553263 -20.815316 -25.971967 -18.855771 -10.783612 -12.397358 -10.690594 -9.120317 -9.607749 -9.122794
47.880000 -9.208248 -47.386271 -59.909905 -37.040956 -21.234221 -26.538758 -19.236987 -10.951486 -12.619711 -10.872548 -9.216870 -9.708553 -9.215347
47.920000 -9.306235 -48.024374 -61.113393 -37.761517 -21.650271 -27.091534 -19.605798 -11.122087 -12.842120 -11.057129 -9.313766 -9.805346 -9.308807
47.960000 -9.397524 -48.782638 -62.284871 -38.439531 -22.100099 -27.638711 -20.000697 -11.288674 -13.060680 -11.237622 -9.404143 -9.895463 -9.396806
48.000000 -9.513253 -49.629821 -63.439239 -39.109441 -22.538166 -28.271926 -20.398459 -11.482439 -13.306543 -11.447933 -9.519128 -10.017722 -9.502426
48.040000 -9.598671 -50.329013 -64.508600 -39.700476 -22.986681 -28.828998 -20.779133 -11.648778 -13.527104 -11.621563 -9.603960 -10.104994 -9.580194
48.080000 -9.705108 -51.234804 -65.662702 -40.338438 -23.434456 -29.335027 -21.192164 -11.839214 -13.772407 -11.817631 -9.709952 -10.220824 -9.679305
48.120000 -9.811912 -51.974448 -66.701286 -41.012059 -23.897170 -29.961978 -21.595297 -12.032073 -14.029812 -12.016583 -9.816459 -10.340121 -9.779390
48.160000 -9.910158 -52.874864 -67.703794 -41.624625 -24.349494 -30.611510 -22.007990 -12.220765 -14.298978 -12.210114 -9.914518 -10.453597 -9.872273
48.200000 -10.037332 -53.537379 -68.836283 -42.280778 -24.864912 -31.250999 -22.445923 -12.440167 -14.611443 -12.434654 -10.041638 -10.588899 -9.991620
48.240000 -10.128560 -54.477460 -69.903812 -42.966706 -25.312715 -31.907472 -22.860566 -12.628407 -14.886998 -12.625930 -10.132900 -10.685719 -10.075682
48.280000 -10.244191 -55.187561 -70.941479 -43.578390 -25.793158 -32.570755 -23.283221 -12.842179 -15.196915 -12.844635 -10.248681 -10.804260 -10.182949
48.320000 -10.360609 -56.032543 -72.133548 -44.251268 -26.307393 -33.236377 -23.719344 -13.061893 -15.510706 -13.065435 -10.365315 -10.927222 -10.292477
48.360000 -10.466301 -56.911888 -73.280577 -44.930280 -26.784817 -33.896810 -24.148196 -13.273361 -15.807225 -13.269881 -10.471315 -11.045281 -10.391622
48.400000 -10.606283 -57.726468 -74.440851 -45.624671 -27.324387 -34.548005 -24.606114 -13.522733 -16.123666 -13.513654 -10.611660 -11.202832 -10.533174
48.440000 -10.703672 -58.652983 -75.652710 -46.287889 -27.815534 -35.105625 -25.027356 -13.733331 -16.391134 -13.727213 -10.709461 -11.319397 -10.628313
48.480000 -10.829409 -59.486220 -76.838979 -47.031478 -28.336471 -35.756528 -25.491697 -13.973512 -16.687514 -13.969833 -10.835663 -11.464977 -10.754458
48.520000 -10.956686 -60.426952 -77.999747 -47.696079 -28.856113 -36.458248 -25.942620 -14.222150 -16.989323 -14.226628 -10.963415 -11.615027 -10.884404
48.560000 -11.070718 -61.141067 -79.244183 -48.372091 -29.408673 -37.148560 -26.453635 -14.456672 -17.307213 -14.445777 -11.077972 -11.745087 -11.000483
48.600000 -11.225785 -62.184166 -80.492855 -49.164510 -29.959310 -37.883105 -27.020683 -14.740275 -17.713682 -14.700254 -11.233537 -11.914719 -11.159843
48.640000 -11.329967 -62.939822 -81.655061 -49.793193 -30.470742 -38.554641 -27.527582 -14.970392 -18.061107 -14.902436 -11.338270 -12.032273 -11.261297
48.680000 -11.467305 -63.866319 -82.974974 -50.536697 -31.040993 -39.269606 -28.077339 -15.243332 -18.466790 -15.159834 -11.476122 -12.185668 -11.398086
48.720000 -11.607091 -64.815298 -84.136990 -51.279594 -31.604587 -40.034884 -28.615860 -15.516793 -18.838945 -15.454910 -11.616481 -12.341227 -11.538556
48.760000 -11.729854 -65.669011 -85.280918 -52.003208 -32.154816 -40.730069 -29.182284 -15.781050 -19.184864 -15.741566 -11.739795 -12.490547 -11.664346
48.800000 -11.901626 -66.691806 -86.604797 -52.767883 -32.774601 -41.506960 -29.767980 -16.094026 -19.557610 -16.075890 -11.912170 -12.689249 -11.832400
48.840000 -12.012258 -67.583451 -87.720232 -53.542691 -33.313852 -42.218122 -30.326230 -16.351276 -19.877162 -16.352391 -12.023446 -12.827298 -11.940556
48.880000 -12.161076 -68.549313 -88.917623 -54.246053 -33.894611 -43.122134 -30.881713 -16.650742 -20.234865 -16.675135 -12.172951 -13.005387 -12.091246
48.920000 -12.313599 -69.371553 -90.232481 -54.994249 -34.524277 -44.092315 -31.501633 -16.955174 -20.603523 -17.000395 -12.326265 -13.192606 -12.246342
48.960000 -12.444881 -70.424359 -91.406337 -55.798460 -35.098972 -45.037659 -32.061316 -17.245416 -20.955425 -17.292121 -12.458364 -13.353875 -12.383707
49.000000 -12.633942 -71.324457 -92.631145 -56.545414 -35.729093 -45.842713 -32.591070 -17.591145 -21.371971 -17.622018 -12.648416 -13.575236 -12.578460
49.040000 -12.751103 -72.289071 -93.936584 -57.313728 -36.314908 -46.568871 -33.092932 -17.876396 -21.764333 -17.880398 -12.766618 -13.724646 -12.704717
49.080000 -12.912043 -73.290347 -95.135724 -58.109280 -36.950434 -47.349044 -33.602332 -18.200101 -22.177476 -18.187464 -12.928825 -13.918538 -12.875739
49.120000 -13.078887 -74.237303 -96.404670 -58.915957 -37.570790 -48.145808 -34.132941 -18.541748 -22.620960 -18.501729 -13.097008 -14.122505 -13.056474
49.160000 -13.220417 -75.249112 -97.759748 -59.675857 -38.210056 -48.887370 -34.643430 -18.851365 -23.028634 -18.776186 -13.240092 -14.303477 -13.213127
49.200000 -13.431722 -76.309138 -99.014734 -60.591587 -38.882097 -49.924659 -35.238278 -19.243542 -23.528920 -19.146002 -13.453165 -14.554830 -13.441209
49.240000 -13.557821 -77.253857 -100.249281 -61.287510 -39.478366 -50.905361 -35.714808 -19.544184 -23.961971 -19.425552 -13.581274 -14.725503 -13.586325
49.280000 -13.736241 -78.171410 -101.702614 -62.090862 -40.157639 -51.895471 -36.284217 -19.906598 -24.440564 -19.771089 -13.761881 -14.953038 -13.786469
49.320000 -13.926211 -79.305981 -102.980809 -62.989559 -40.842437 -52.751862 -36.850585 -20.275880 -24.962968 -20.162717 -13.954333 -15.199640 -14.002006
49.360000 -14.087723 -80.231039 -104.313731 -63.738340 -41.460976 -53.560754 -37.366499 -20.621790 -25.439767 -20.498201 -14.118461 -15.419630 -14.185327
49.400000 -14.347741 -81.377065 -105.855729 -64.677314 -42.213267 -54.413789 -38.014651 -21.061841 -25.985237 -20.928805 -14.381183 -15.739330 -14.456045
49.440000 -14.495819 -82.370928 -107.079334 -65.535708 -42.858280 -55.146551 -38.521947 -21.384625 -26.419789 -21.236549 -14.531809 -15.954018 -14.609370
49.480000 -14.722252 -83.387676 -108.498992 -66.367657 -43.540469 -55.999467 -39.099064 -21.786578 -26.992730 -21.625264 -14.760807 -16.252425 -14.838314
49.520000 -14.977951 -84.496152 -110.020507 -67.292641 -44.291701 -56.848675 -39.709673 -22.201932 -27.612280 -22.030559 -15.018875 -16.588338 -15.090574
49.560000 -15.178947 -85.558032 -111.279680 -68.182542 -44.945481 -57.616126 -40.271055 -22.571088 -28.117654 -22.397825 -15.222397 -16.857753 -15.292505
49.600000 -15.564613 -86.705196 -112.793966 -69.146384 -45.769910 -58.598056 -40.958904 -23.092077 -28.796420 -22.908700 -15.609980 -17.332229 -15.666294
