#Quasar bolometric luminosity function in different stellar mass bins from TRINITY PaperIII (Fig. 4, Zhang+2024, MNRAS, 529, 2777)
#z: 9.00
#log10(Lbol [erg/s])(0) log10(QLF_total [Mpc^-3 dex^-1])(1) log10(QLF(8<logMstar<9) [Mpc^-3 dex^-1])(2) log10(QLF(8<logMstar<9)_16th [Mpc^-3 dex^-1])(3) log10(QLF(8<logMstar<9)_84th [Mpc^-3 dex^-1])(4)
#log10(QLF(9<logMstar<10) [Mpc^-3 dex^-1])(5) log10(QLF(9<logMstar<10)_16th [Mpc^-3 dex^-1])(6) log10(QLF(9<logMstar<10)_84th [Mpc^-3 dex^-1])(7)
#log10(QLF(10<logMstar<11) [Mpc^-3 dex^-1])(8) log10(QLF(10<logMstar<11)_16th [Mpc^-3 dex^-1])(9) log10(QLF(10<logMstar<11)_84th [Mpc^-3 dex^-1])(10)
#log10(QLF(11<logMstar<12) [Mpc^-3 dex^-1])(11) log10(QLF(11<logMstar<12)_16th [Mpc^-3 dex^-1])(12) log10(QLF(11<logMstar<12)_84th [Mpc^-3 dex^-1])(13)
40.000000 -9.442645 -12.345327 -14.137452 -11.225335 -9.921110 -11.085348 -9.724126 -9.618984 -10.783703 -9.705486 -13.244593 -14.765105 -12.812193
40.040000 -9.426253 -12.254925 -13.786562 -11.192788 -9.900456 -11.067054 -9.703866 -9.604904 -10.762423 -9.691000 -13.155533 -14.685390 -12.754120
40.080000 -9.410457 -12.219346 -13.657384 -11.084764 -9.883774 -11.042614 -9.681121 -9.589635 -10.737265 -9.674953 -13.037794 -14.549066 -12.670003
40.120000 -9.394123 -12.126116 -13.391368 -10.991983 -9.863641 -11.023978 -9.660704 -9.575461 -10.716120 -9.659380 -12.969329 -14.450423 -12.611081
40.160000 -9.377331 -12.032891 -13.066417 -10.933617 -9.845358 -10.998271 -9.642272 -9.559719 -10.691051 -9.643431 -12.856007 -14.330951 -12.564382
40.200000 -9.361163 -11.828853 -13.007519 -10.881508 -9.827131 -10.978111 -9.624032 -9.545445 -10.670774 -9.628025 -12.784777 -14.215416 -12.486225
40.240000 -9.344298 -11.445011 -12.957342 -10.821791 -9.810001 -10.961674 -9.605886 -9.531776 -10.649689 -9.614500 -12.698223 -14.093756 -12.399054
40.280000 -9.328063 -11.371011 -12.905344 -10.743860 -9.792819 -10.941687 -9.589334 -9.516842 -10.629053 -9.598859 -12.621704 -13.998498 -12.346485
40.320000 -9.311578 -11.197671 -12.810342 -10.710742 -9.775632 -10.926589 -9.567953 -9.503421 -10.610171 -9.585605 -12.558170 -13.926609 -12.306812
40.360000 -9.294892 -11.116578 -12.646758 -10.665017 -9.759088 -10.904521 -9.549187 -9.488119 -10.589479 -9.570096 -12.485119 -13.859829 -12.263028
40.400000 -9.278823 -11.014952 -12.502208 -10.620018 -9.742210 -10.885472 -9.529999 -9.474753 -10.571813 -9.556701 -12.435166 -13.795731 -12.227681
40.440000 -9.261431 -10.924893 -12.388395 -10.490451 -9.725699 -10.852652 -9.508643 -9.459227 -10.551276 -9.541437 -12.367861 -13.730666 -12.193571
40.480000 -9.244708 -10.846760 -12.265452 -10.439328 -9.708364 -10.824731 -9.491521 -9.445133 -10.533333 -9.527350 -12.326419 -13.685273 -12.163083
40.520000 -9.227323 -10.754452 -12.143830 -10.297303 -9.692250 -10.789099 -9.469590 -9.430363 -10.514013 -9.513157 -12.267488 -13.635751 -12.135423
40.560000 -9.209376 -10.681887 -12.026502 -10.233051 -9.674342 -10.753503 -9.453377 -9.415202 -10.494983 -9.497903 -12.224039 -13.586593 -12.093565
40.600000 -9.192141 -10.592507 -11.904853 -10.161840 -9.658588 -10.725363 -9.433143 -9.401456 -10.475300 -9.484742 -12.180236 -13.525587 -12.055324
40.640000 -9.172082 -10.515782 -11.788397 -10.098504 -9.639691 -10.685321 -9.415507 -9.384710 -10.452276 -9.468080 -12.135157 -13.477082 -12.006325
40.680000 -9.152908 -10.425785 -11.725995 -10.033078 -9.622429 -10.661037 -9.395387 -9.370215 -10.431714 -9.454028 -12.101556 -13.430650 -11.958143
40.720000 -9.131646 -10.339670 -11.588705 -9.960264 -9.604110 -10.622395 -9.369095 -9.353527 -10.408626 -9.437545 -12.061299 -13.387988 -11.914387
40.760000 -9.108627 -10.247069 -11.517372 -9.846914 -9.583885 -10.589928 -9.344710 -9.336795 -10.385922 -9.420661 -12.030794 -13.346166 -11.883689
40.800000 -9.086768 -10.152729 -11.402956 -9.711426 -9.567446 -10.554278 -9.320531 -9.321660 -10.364413 -9.405705 -11.997167 -13.306097 -11.858600
40.840000 -9.055486 -10.045906 -11.311234 -9.642076 -9.541480 -10.514026 -9.255788 -9.299653 -10.336418 -9.383576 -11.964613 -13.238062 -11.831531
40.880000 -9.026307 -9.935341 -11.216394 -9.514615 -9.521512 -10.478984 -9.189025 -9.281452 -10.311947 -9.365643 -11.932444 -13.205885 -11.807781
40.920000 -8.987294 -9.814384 -11.119753 -9.372658 -9.492776 -10.443512 -9.146702 -9.256832 -10.281230 -9.340889 -11.897584 -13.162702 -11.778810
40.960000 -8.941021 -9.682042 -10.995699 -9.213844 -9.461638 -10.405440 -9.113130 -9.228635 -10.246861 -9.314249 -11.860554 -13.120380 -11.731835
41.000000 -8.899207 -9.548431 -10.879293 -9.048093 -9.440839 -10.377605 -9.090622 -9.211460 -10.223469 -9.298755 -11.834378 -13.087212 -11.698617
41.040000 -8.809135 -9.363233 -10.705976 -8.827430 -9.379946 -10.310630 -9.022342 -9.154893 -10.160762 -9.243803 -11.772308 -13.008403 -11.616451
41.080000 -8.734572 -9.194558 -10.542079 -8.616173 -9.346250 -10.269759 -8.968028 -9.124200 -10.123804 -9.214626 -11.735169 -12.965353 -11.568444
41.120000 -8.604568 -8.975156 -10.328655 -8.331643 -9.268971 -10.186824 -8.880532 -9.052451 -10.045892 -9.139891 -11.659402 -12.873742 -11.485293
41.160000 -8.458301 -8.742814 -10.092801 -8.044711 -9.198186 -10.108624 -8.798198 -8.984295 -9.971386 -9.069418 -11.586817 -12.794791 -11.401828
41.200000 -8.349079 -8.554722 -9.976062 -7.884261 -9.190363 -10.095089 -8.784411 -8.982681 -9.963448 -9.068018 -11.582128 -12.779234 -11.396559
41.240000 -8.155640 -8.295359 -9.854166 -7.682438 -9.131922 -10.029621 -8.722112 -8.927617 -9.902036 -9.013290 -11.524010 -12.713974 -11.330731
41.280000 -8.022280 -8.113082 -9.783498 -7.705137 -9.158407 -10.050031 -8.746470 -8.960517 -9.928608 -9.046433 -11.554237 -12.738103 -11.361885
41.320000 -7.972120 -8.029105 -9.820005 -7.840109 -9.291108 -10.176309 -8.874981 -9.098200 -10.059986 -9.184352 -11.689971 -12.866735 -11.494135
41.360000 -7.979746 -8.033512 -9.647577 -7.869227 -9.318878 -10.197168 -8.900862 -9.131787 -10.087235 -9.217592 -11.721565 -12.894656 -11.527085
41.400000 -7.987509 -8.044540 -9.567531 -7.862230 -9.298549 -10.170617 -8.876751 -9.118223 -10.067332 -9.203690 -11.706693 -12.873957 -11.511858
41.440000 -7.991817 -8.054590 -9.343744 -7.856908 -9.260879 -10.124965 -8.836657 -9.085740 -10.028514 -9.170871 -11.672980 -12.837041 -11.479176
41.480000 -7.996168 -8.061059 -9.252589 -7.855897 -9.246959 -10.104497 -8.819211 -9.080005 -10.016467 -9.164796 -11.666290 -12.825844 -11.474711
41.520000 -8.004886 -8.078656 -9.066516 -7.835865 -9.201305 -10.049782 -8.759892 -9.039396 -9.969554 -9.123884 -11.624915 -12.781266 -11.434754
41.560000 -8.018239 -8.091352 -8.970424 -7.840062 -9.212806 -10.059275 -8.737745 -9.060077 -9.983595 -9.144251 -11.644907 -12.797801 -11.458144
41.600000 -8.032015 -8.117444 -8.852320 -7.831098 -9.161354 -10.008789 -8.671086 -9.014758 -9.931601 -9.098617 -11.599074 -12.748819 -11.414674
41.640000 -8.046197 -8.128647 -8.869992 -7.846540 -9.183882 -10.034201 -8.661422 -9.046961 -9.957292 -9.130495 -11.630751 -12.777767 -11.449469
41.680000 -8.060857 -8.155418 -8.946430 -7.851813 -9.140154 -9.991601 -8.596761 -9.011413 -9.916792 -9.094644 -11.594853 -12.738814 -11.415925
41.720000 -8.074917 -8.172094 -8.994105 -7.877322 -9.138263 -9.993021 -8.570037 -9.018906 -9.919330 -9.101229 -11.602021 -12.743339 -11.425892
41.760000 -8.088298 -8.197299 -9.065726 -7.853453 -9.101552 -9.959185 -8.517826 -8.992619 -9.888084 -9.073361 -11.575482 -12.713965 -11.401997
41.800000 -8.102105 -8.215975 -9.032902 -7.874301 -9.093538 -9.954427 -8.509194 -8.993840 -9.884335 -9.068927 -11.576526 -12.711718 -11.405763
41.840000 -8.111544 -8.234393 -9.036226 -7.849929 -9.067465 -9.932581 -8.487455 -8.980095 -9.865634 -9.045596 -11.562614 -12.691640 -11.394690
41.880000 -8.121192 -8.256010 -8.975964 -7.853050 -9.037078 -9.905439 -8.451331 -8.959470 -9.840047 -9.014312 -11.541904 -12.664376 -11.376718
41.920000 -8.129228 -8.265503 -9.072744 -7.850485 -9.033435 -9.907204 -8.433795 -8.970058 -9.846363 -9.009502 -11.552399 -12.668305 -11.390114
41.960000 -8.135555 -8.292522 -8.948007 -7.852640 -8.982035 -9.855545 -8.361247 -8.930086 -9.804692 -8.953487 -11.512382 -12.621744 -11.352902
42.000000 -8.141976 -8.291576 -8.989721 -7.893519 -8.997639 -9.861885 -8.370508 -8.961328 -9.834175 -8.982124 -11.543599 -12.646407 -11.382784
42.040000 -8.134934 -8.311763 -9.067457 -7.809803 -8.923424 -9.796326 -8.283490 -8.901253 -9.772447 -8.924235 -11.483531 -12.579811 -11.319289
42.080000 -8.128005 -8.294137 -9.059204 -7.827179 -8.930129 -9.811296 -8.289042 -8.924603 -9.794128 -8.950020 -11.506978 -12.596689 -11.339298
42.120000 -8.118318 -8.316469 -9.207173 -7.752849 -8.850336 -9.723047 -8.178572 -8.861759 -9.729620 -8.886997 -11.444176 -12.527330 -11.273046
42.160000 -8.106056 -8.293472 -9.254490 -7.791453 -8.848334 -9.709345 -8.196325 -8.878085 -9.744455 -8.899649 -11.460773 -12.537359 -11.286182
42.200000 -8.094130 -8.309380 -9.359671 -7.755092 -8.779669 -9.627726 -8.118776 -8.829193 -9.694030 -8.845676 -11.412090 -12.482124 -11.234047
42.240000 -8.083763 -8.299310 -9.420815 -7.786048 -8.759203 -9.588846 -8.099277 -8.829393 -9.692985 -8.848436 -11.412787 -12.476266 -11.231277
42.280000 -8.073638 -8.304339 -9.367757 -7.779368 -8.716214 -9.531868 -8.067875 -8.809069 -9.671474 -8.829921 -11.393049 -12.449954 -11.208071
42.320000 -8.065515 -8.315555 -9.254817 -7.761145 -8.671898 -9.470578 -8.009839 -8.787464 -9.646614 -8.800199 -11.372140 -12.422477 -11.183688
42.360000 -8.059289 -8.305789 -9.340783 -7.809081 -8.659303 -9.468843 -8.037083 -8.800514 -9.655241 -8.804982 -11.386427 -12.430200 -11.194508
42.400000 -8.053151 -8.342621 -9.231989 -7.761698 -8.592549 -9.412959 -7.958971 -8.758245 -9.608312 -8.750800 -11.345155 -12.382373 -11.149765
42.440000 -8.045306 -8.311473 -9.165798 -7.840324 -8.599120 -9.432340 -7.981731 -8.793977 -9.640599 -8.777339 -11.383116 -12.413767 -11.184245
42.480000 -8.037600 -8.363794 -9.084354 -7.794738 -8.520505 -9.363765 -7.924855 -8.739369 -9.581647 -8.708788 -11.329850 -12.353929 -11.127504
42.520000 -8.028061 -8.327883 -9.306565 -7.854161 -8.523772 -9.375232 -7.945161 -8.775730 -9.615805 -8.734367 -11.369920 -12.387429 -11.164100
42.560000 -8.016810 -8.376877 -9.256635 -7.753483 -8.451580 -9.312508 -7.922552 -8.725484 -9.559998 -8.670588 -11.322515 -12.333460 -11.113221
42.600000 -8.005843 -8.353867 -9.319803 -7.857171 -8.437783 -9.298116 -7.925454 -8.748291 -9.579397 -8.681137 -11.349997 -12.354389 -11.137928
42.640000 -7.989193 -8.386202 -9.353232 -7.790893 -8.378779 -9.239473 -7.864451 -8.708385 -9.536492 -8.630744 -11.315516 -12.313333 -11.101770
42.680000 -7.973158 -8.393515 -9.495833 -7.854881 -8.338099 -9.195814 -7.846225 -8.698801 -9.519218 -8.612204 -11.311055 -12.302298 -11.095633
42.720000 -7.953032 -8.394975 -9.572525 -7.785064 -8.298392 -9.141684 -7.808347 -8.682088 -9.491494 -8.601022 -11.302640 -12.287312 -11.085539
42.760000 -7.929384 -8.440537 -9.679846 -7.842897 -8.233743 -9.090758 -7.777048 -8.639024 -9.443826 -8.562723 -11.265462 -12.243576 -11.046678
42.800000 -7.906958 -8.405453 -9.798045 -7.812470 -8.208996 -9.087796 -7.771315 -8.643534 -9.450234 -8.573913 -11.281035 -12.252589 -11.060573
42.840000 -7.877978 -8.483323 -9.879651 -7.804955 -8.136035 -9.006754 -7.687480 -8.578197 -9.379149 -8.495090 -11.222627 -12.187603 -11.000488
42.880000 -7.850812 -8.429838 -9.964626 -7.869363 -8.109172 -8.999005 -7.684320 -8.585150 -9.371352 -8.492290 -11.243455 -12.201858 -11.019638
42.920000 -7.822838 -8.519034 -9.933180 -7.780584 -8.046909 -8.918420 -7.601048 -8.518888 -9.295196 -8.411581 -11.187933 -12.139969 -10.962433
42.960000 -7.794304 -8.479301 -9.932103 -7.865240 -8.012690 -8.901215 -7.593408 -8.519529 -9.286857 -8.400975 -11.202269 -12.151677 -10.975091
43.000000 -7.767529 -8.559724 -9.789728 -7.787280 -7.964127 -8.830757 -7.514166 -8.461510 -9.223447 -8.332388 -11.159465 -12.106238 -10.930608
43.040000 -7.745276 -8.583422 -9.829657 -7.839726 -7.929654 -8.792938 -7.499252 -8.443420 -9.202031 -8.302132 -11.153819 -12.097948 -10.923284
43.080000 -7.724108 -8.627744 -9.966181 -7.831713 -7.897342 -8.747314 -7.462073 -8.415096 -9.192399 -8.266417 -11.143427 -12.084920 -10.911540
43.120000 -7.703075 -8.725159 -10.153435 -7.824361 -7.862619 -8.684702 -7.413378 -8.376710 -9.170043 -8.215958 -11.117498 -12.056361 -10.885015
43.160000 -7.682204 -8.716104 -10.227825 -7.861744 -7.836501 -8.666241 -7.401668 -8.367967 -9.183942 -8.201422 -11.127817 -12.064051 -10.894739
43.200000 -7.662291 -8.876462 -10.452756 -7.829750 -7.807195 -8.609381 -7.347461 -8.315445 -9.147907 -8.137560 -11.088414 -12.019400 -10.854737
43.240000 -7.642626 -8.836463 -10.523231 -7.862661 -7.783671 -8.629547 -7.370203 -8.314320 -9.159051 -8.131718 -11.106916 -12.032586 -10.872636
43.280000 -7.623813 -9.013862 -10.746894 -7.867554 -7.761023 -8.515580 -7.318028 -8.262455 -9.109542 -8.071652 -11.071148 -11.991518 -10.835514
43.320000 -7.604782 -8.994078 -10.887606 -7.844239 -7.737787 -8.524376 -7.308978 -8.257129 -9.108026 -8.059648 -11.083087 -11.998150 -10.842551
43.360000 -7.585594 -9.153216 -11.069018 -7.831212 -7.717906 -8.443175 -7.256144 -8.214108 -9.065490 -8.011468 -11.058643 -11.968383 -10.819434
43.400000 -7.567217 -9.221058 -11.264550 -7.837770 -7.699000 -8.405461 -7.269736 -8.188446 -9.040452 -7.977315 -11.048006 -11.952427 -10.808084
43.440000 -7.547645 -9.315336 -11.503460 -7.855675 -7.677150 -8.371432 -7.246216 -8.166616 -9.018686 -7.951401 -11.045201 -11.944319 -10.804374
43.480000 -7.528917 -9.485798 -11.659393 -7.837903 -7.662101 -8.317581 -7.245414 -8.126248 -8.976754 -7.902688 -11.019421 -11.913234 -10.778316
43.520000 -7.509380 -9.502065 -11.978699 -7.870878 -7.638791 -8.305809 -7.261298 -8.116314 -8.965997 -7.892827 -11.027784 -11.916276 -10.786322
43.560000 -7.489172 -9.753890 -12.160471 -7.851440 -7.626265 -8.231954 -7.244633 -8.066010 -8.903307 -7.836491 -10.992250 -11.875421 -10.753392
43.600000 -7.469864 -9.722043 -12.488182 -7.872463 -7.604177 -8.242006 -7.258704 -8.054685 -8.887390 -7.820510 -10.998441 -11.875970 -10.763620
43.640000 -7.448683 -9.981109 -12.737892 -7.872107 -7.590332 -8.157010 -7.232024 -8.009235 -8.828319 -7.769270 -10.968895 -11.840443 -10.738120
43.680000 -7.428488 -9.985365 -13.051758 -7.868726 -7.570528 -8.149523 -7.224013 -7.987747 -8.797221 -7.753782 -10.963041 -11.828588 -10.736270
43.720000 -7.408798 -10.207699 -13.356953 -7.877692 -7.554895 -8.104469 -7.204678 -7.955809 -8.752966 -7.735224 -10.947608 -11.807155 -10.724818
43.760000 -7.389588 -10.336108 -13.598994 -7.876001 -7.542850 -8.082714 -7.168755 -7.918400 -8.701239 -7.704497 -10.924507 -11.778064 -10.705696
43.800000 -7.371192 -10.468543 -13.964302 -7.886266 -7.522793 -8.058323 -7.169881 -7.903463 -8.675494 -7.703958 -10.925650 -11.773220 -10.710728
43.840000 -7.350487 -10.727384 -14.204645 -7.920176 -7.513307 -8.009722 -7.154481 -7.856416 -8.611897 -7.660701 -10.892593 -11.735095 -10.681034
43.880000 -7.330724 -10.757782 -14.470560 -7.916905 -7.490415 -8.042408 -7.156293 -7.843542 -8.588069 -7.648637 -10.894763 -11.735625 -10.685574
43.920000 -7.311985 -11.110586 -14.834301 -7.956170 -7.484754 -8.002180 -7.148219 -7.796411 -8.524129 -7.601664 -10.861439 -11.700647 -10.654705
43.960000 -7.294178 -11.093044 -15.001116 -7.979698 -7.467582 -8.031829 -7.154534 -7.777297 -8.492544 -7.581573 -10.856378 -11.693919 -10.652126
44.000000 -7.277072 -11.429860 -15.404691 -7.958031 -7.460189 -8.079437 -7.158882 -7.740912 -8.439748 -7.542950 -10.833611 -11.669483 -10.626601
44.040000 -7.260742 -11.484945 -15.669462 -7.950560 -7.450357 -8.089166 -7.155921 -7.712432 -8.396220 -7.515621 -10.817868 -11.652030 -10.606951
44.080000 -7.245004 -11.755057 -16.182887 -7.989939 -7.438843 -8.020976 -7.163295 -7.689036 -8.357389 -7.495070 -10.807449 -11.639923 -10.593093
44.120000 -7.231516 -11.972896 -16.354154 -7.965989 -7.439790 -7.980744 -7.142275 -7.650992 -8.302355 -7.461868 -10.780959 -11.612184 -10.561860
44.160000 -7.220089 -12.131753 -16.909165 -8.037732 -7.426798 -7.999018 -7.169501 -7.642105 -8.278231 -7.473115 -10.783829 -11.614320 -10.560079
44.200000 -7.208956 -12.506364 -17.121115 -8.015985 -7.434106 -7.967972 -7.157352 -7.602303 -8.220342 -7.451133 -10.754515 -11.584288 -10.525357
44.240000 -7.200804 -12.551773 -17.617969 -8.124196 -7.424985 -7.998568 -7.178634 -7.595573 -8.197430 -7.464905 -10.757795 -11.586839 -10.522098
44.280000 -7.192803 -13.012547 -17.993746 -8.169840 -7.435526 -7.975279 -7.180148 -7.561495 -8.144728 -7.455387 -10.732795 -11.561165 -10.491107
44.320000 -7.186113 -13.028257 -18.388857 -8.303230 -7.434728 -8.018298 -7.163127 -7.547053 -8.112731 -7.463865 -10.726357 -11.553985 -10.475803
44.360000 -7.180677 -13.432609 -18.913373 -8.384041 -7.442581 -8.033605 -7.135935 -7.524994 -8.081483 -7.443497 -10.711561 -11.529604 -10.455255
44.400000 -7.175309 -13.568044 -19.240141 -8.515965 -7.451408 -8.029155 -7.110012 -7.503067 -8.050873 -7.410931 -10.695290 -11.497012 -10.423701
44.440000 -7.171934 -13.873754 -19.831562 -8.620736 -7.454116 -8.000341 -7.123512 -7.492944 -8.032604 -7.390267 -10.690157 -11.467591 -10.405149
44.480000 -7.168585 -14.203153 -20.099096 -8.749569 -7.474618 -7.965835 -7.115240 -7.464943 -7.994034 -7.367085 -10.665109 -11.421725 -10.364906
44.520000 -7.166657 -14.376216 -20.730936 -8.903847 -7.472598 -7.982900 -7.104147 -7.463104 -7.982493 -7.380315 -10.665424 -11.398558 -10.349004
44.560000 -7.166131 -14.877764 -21.007209 -9.016745 -7.501111 -7.971499 -7.094823 -7.435946 -7.944451 -7.361827 -10.638173 -11.358422 -10.306835
44.600000 -7.165606 -14.926255 -21.601553 -9.210125 -7.502928 -8.025040 -7.075770 -7.433417 -7.930474 -7.369262 -10.634493 -11.342357 -10.287187
44.640000 -7.167019 -15.482029 -21.959367 -9.304017 -7.530910 -8.069793 -7.070234 -7.413423 -7.897654 -7.355952 -10.610547 -11.297360 -10.253134
44.680000 -7.168436 -15.541582 -22.591396 -9.506798 -7.544980 -8.152599 -7.077833 -7.405437 -7.883132 -7.344688 -10.597523 -11.264919 -10.235902
44.720000 -7.170850 -15.989753 -23.106036 -9.640976 -7.566472 -8.195781 -7.059016 -7.394536 -7.866396 -7.323613 -10.578260 -11.227849 -10.193822
44.760000 -7.174276 -16.223217 -23.654320 -9.892706 -7.594214 -8.284102 -7.071434 -7.382346 -7.851685 -7.310173 -10.555995 -11.188944 -10.151142
44.800000 -7.177730 -16.542522 -24.152788 -10.013370 -7.607448 -8.385127 -7.110360 -7.379915 -7.840334 -7.307268 -10.540906 -11.173541 -10.115772
44.840000 -7.184247 -16.995300 -24.667735 -10.209456 -7.651505 -8.431194 -7.094529 -7.365666 -7.824805 -7.290103 -10.510221 -11.143372 -10.069523
44.880000 -7.190862 -17.172003 -25.094832 -10.418023 -7.661189 -8.533562 -7.077637 -7.370714 -7.824848 -7.285897 -10.498225 -11.126419 -10.046620
44.920000 -7.199096 -17.804267 -25.625712 -10.561828 -7.715692 -8.652522 -7.076054 -7.357060 -7.812386 -7.260185 -10.461114 -11.080506 -10.001363
44.960000 -7.209040 -17.854372 -26.013196 -10.825833 -7.733670 -8.757603 -7.118999 -7.363553 -7.811474 -7.261118 -10.445724 -11.045592 -9.967542
45.000000 -7.219217 -18.486509 -26.484001 -10.961970 -7.784618 -8.851012 -7.150231 -7.357483 -7.777649 -7.241548 -10.408776 -10.995910 -9.920079
45.040000 -7.232899 -18.612088 -26.960148 -11.254621 -7.822754 -8.949002 -7.188485 -7.362395 -7.761870 -7.237447 -10.385805 -10.963608 -9.882086
45.080000 -7.247026 -19.090053 -27.509969 -11.418425 -7.868130 -9.055348 -7.181441 -7.366245 -7.773565 -7.238312 -10.352754 -10.938523 -9.842219
45.120000 -7.263287 -19.442782 -27.946579 -11.677282 -7.926821 -9.146754 -7.172007 -7.370014 -7.787225 -7.237323 -10.319852 -10.900930 -9.799565
45.160000 -7.281910 -19.772945 -28.686430 -11.930078 -7.965903 -9.262727 -7.216530 -7.383180 -7.826005 -7.245122 -10.293693 -10.878349 -9.767502
45.200000 -7.301369 -20.360845 -28.983697 -12.126294 -8.047867 -9.370977 -7.217319 -7.387760 -7.849727 -7.232457 -10.252256 -10.837263 -9.721525
45.240000 -7.323139 -20.543116 -29.827162 -12.435294 -8.083468 -9.488669 -7.231843 -7.406626 -7.845904 -7.267512 -10.230076 -10.812161 -9.690633
45.280000 -7.346058 -21.315679 -30.083480 -12.730388 -8.184057 -9.623779 -7.232873 -7.414936 -7.829063 -7.259143 -10.185357 -10.772982 -9.643203
45.320000 -7.370066 -21.370218 -30.650807 -13.113978 -8.229937 -9.740497 -7.317439 -7.435415 -7.865921 -7.293275 -10.161014 -10.742913 -9.610139
45.360000 -7.395279 -22.065832 -31.262574 -13.285573 -8.323765 -9.884766 -7.367652 -7.450691 -7.898426 -7.295708 -10.119563 -10.709518 -9.567280
45.400000 -7.422046 -22.279314 -31.620868 -13.611539 -8.398440 -10.052747 -7.404453 -7.471552 -7.921355 -7.300840 -10.089752 -10.674619 -9.530231
45.440000 -7.449381 -22.776086 -32.318768 -13.911963 -8.482257 -10.171550 -7.466019 -7.492827 -7.931607 -7.303625 -10.053430 -10.645425 -9.492465
45.480000 -7.478552 -23.262552 -32.686202 -14.169900 -8.586151 -10.416470 -7.509430 -7.515211 -7.959498 -7.320264 -10.017608 -10.607627 -9.452366
45.520000 -7.508061 -23.594244 -33.296035 -14.575433 -8.659538 -10.567496 -7.595769 -7.541387 -7.952322 -7.341105 -9.988144 -10.580550 -9.428135
45.560000 -7.537833 -24.321324 -33.881272 -14.793192 -8.792974 -10.792865 -7.647860 -7.564461 -7.976817 -7.344873 -9.946779 -10.541548 -9.391375
45.600000 -7.569797 -24.504417 -34.701775 -15.276875 -8.861155 -10.953244 -7.672712 -7.594630 -8.018800 -7.377449 -9.921435 -10.515032 -9.369061
45.640000 -7.600917 -25.413518 -35.102584 -15.454032 -9.018685 -11.168889 -7.723469 -7.620224 -8.048731 -7.391765 -9.879374 -10.477367 -9.331911
45.680000 -7.634439 -25.470978 -35.695496 -15.939127 -9.097874 -11.345378 -7.765767 -7.652371 -8.077432 -7.413654 -9.852835 -10.449595 -9.307794
45.720000 -7.668448 -26.207967 -36.371591 -16.162634 -9.243624 -11.559791 -7.845982 -7.683336 -8.107036 -7.425464 -9.816967 -10.418234 -9.276698
45.760000 -7.702836 -26.524869 -36.800890 -16.549917 -9.361821 -11.761792 -7.905500 -7.716148 -8.146537 -7.436815 -9.785962 -10.387038 -9.248069
45.800000 -7.740182 -27.031541 -37.685184 -16.938350 -9.494373 -11.959117 -7.983272 -7.752179 -8.190547 -7.474548 -9.756321 -10.360744 -9.222718
45.840000 -7.775262 -27.655494 -38.301517 -17.238605 -9.649951 -12.181538 -8.062528 -7.786105 -8.231583 -7.500213 -9.721711 -10.327055 -9.190790
45.880000 -7.813427 -27.987410 -39.010611 -17.590132 -9.767268 -12.381973 -8.136315 -7.824084 -8.287730 -7.521599 -9.695508 -10.302485 -9.167650
45.920000 -7.851875 -28.856350 -39.988446 -17.857114 -9.964758 -12.612809 -8.236391 -7.862069 -8.335653 -7.549027 -9.661889 -10.270725 -9.137080
45.960000 -7.890349 -29.041600 -40.448507 -18.222084 -10.071047 -12.822230 -8.329870 -7.901145 -8.392372 -7.579574 -9.636125 -10.245591 -9.113790
46.000000 -7.932566 -30.090886 -41.202323 -18.521226 -10.302433 -13.070005 -8.424986 -7.943777 -8.440828 -7.602985 -9.605899 -10.216397 -9.086501
46.040000 -7.971369 -30.153772 -41.882434 -18.896967 -10.417671 -13.302049 -8.540388 -7.983825 -8.485078 -7.629749 -9.578745 -10.187743 -9.064127
46.080000 -8.013982 -30.921082 -42.437984 -19.146229 -10.626699 -13.535946 -8.645614 -8.027849 -8.524629 -7.662318 -9.551782 -10.160195 -9.044306
46.120000 -8.056591 -31.359384 -43.238965 -19.574492 -10.798244 -13.823699 -8.777085 -8.072402 -8.583207 -7.696958 -9.525900 -10.130593 -9.032945
46.160000 -8.098721 -31.870577 -43.826961 -19.999163 -10.984149 -14.103532 -8.889505 -8.116879 -8.643625 -7.743206 -9.500526 -10.095536 -9.038152
46.200000 -8.145381 -32.643558 -44.588595 -20.644440 -11.206806 -14.358236 -9.029933 -8.166476 -8.701777 -7.791928 -9.477526 -10.063806 -9.042520
46.240000 -8.186539 -32.975368 -45.261266 -20.973485 -11.369912 -14.800046 -9.159155 -8.210994 -8.772609 -7.843001 -9.453355 -10.029098 -9.021591
46.280000 -8.232009 -33.984886 -46.008424 -21.717947 -11.640087 -15.070244 -9.299567 -8.260642 -8.829982 -7.887232 -9.429827 -9.993033 -9.019316
46.320000 -8.277236 -34.181000 -46.919748 -22.005027 -11.789026 -15.520447 -9.460973 -8.310542 -8.893861 -7.931123 -9.410860 -9.960139 -9.023744
46.360000 -8.321558 -35.358295 -47.588677 -22.840595 -12.093731 -15.838567 -9.611252 -8.360591 -8.957544 -7.972021 -9.388133 -9.923361 -9.006627
46.400000 -8.370923 -35.440939 -48.548695 -23.076031 -12.254176 -16.289192 -9.787013 -8.416371 -9.041446 -8.023510 -9.374292 -9.894313 -8.997715
46.440000 -8.413557 -36.223190 -49.408666 -23.652768 -12.524365 -16.678741 -9.979936 -8.466510 -9.117819 -8.076675 -9.353954 -9.858125 -8.972918
46.480000 -8.460836 -36.790485 -50.267717 -24.215543 -12.751802 -17.061236 -10.165203 -8.522477 -9.207117 -8.138100 -9.339376 -9.832825 -8.970579
46.520000 -8.507745 -37.309036 -51.288426 -24.686130 -12.996282 -17.377098 -10.407375 -8.579147 -9.304550 -8.206524 -9.327125 -9.800810 -8.975131
46.560000 -8.553499 -38.218800 -52.141866 -25.401684 -13.279806 -17.734471 -10.595558 -8.636430 -9.385325 -8.282132 -9.313418 -9.780246 -8.972583
46.600000 -8.604647 -38.564824 -53.197557 -25.850400 -13.497555 -18.075876 -10.814398 -8.700066 -9.465972 -8.355813 -9.309663 -9.782664 -8.982988
46.640000 -8.648549 -39.702064 -53.906992 -26.421459 -13.839114 -18.380319 -11.048923 -8.758777 -9.540971 -8.424253 -9.298001 -9.778908 -8.995417
46.680000 -8.697393 -39.915669 -55.032095 -26.910451 -14.026228 -18.806944 -11.309286 -8.823547 -9.626344 -8.497784 -9.295837 -9.784799 -9.018628
46.720000 -8.745819 -41.215456 -55.750101 -27.352523 -14.408428 -19.062970 -11.514500 -8.890569 -9.713489 -8.565960 -9.293355 -9.791601 -9.040706
46.760000 -8.792950 -41.314486 -56.836798 -27.899203 -14.604038 -19.534883 -11.746484 -8.957873 -9.800297 -8.623289 -9.293310 -9.802644 -9.065958
46.800000 -8.845826 -42.118114 -57.748514 -28.370697 -14.947016 -19.939577 -12.000465 -9.033340 -9.910199 -8.695092 -9.300966 -9.820977 -9.096056
46.840000 -8.891078 -42.811822 -58.751530 -28.945462 -15.227764 -20.305253 -12.171799 -9.103666 -10.015910 -8.751153 -9.303290 -9.828538 -9.119242
46.880000 -8.941601 -43.340653 -59.819508 -29.453373 -15.530429 -20.732821 -12.350334 -9.181320 -10.121407 -8.826366 -9.314043 -9.845339 -9.148510
46.920000 -8.991719 -44.387423 -60.648502 -30.056735 -15.883701 -21.079624 -12.639046 -9.262184 -10.218120 -8.887522 -9.325629 -9.849721 -9.176880
46.960000 -9.040471 -44.742957 -61.915719 -30.581927 -16.139641 -21.483662 -12.838228 -9.343031 -10.335618 -8.960724 -9.339977 -9.877372 -9.208634
47.000000 -9.095397 -46.011928 -62.555997 -31.026662 -16.570305 -21.841106 -13.144282 -9.434470 -10.460774 -9.047617 -9.361451 -9.899718 -9.238121
47.040000 -9.142371 -46.247038 -63.935914 -31.640364 -16.784155 -22.244103 -13.367906 -9.519138 -10.582453 -9.145503 -9.378931 -9.920125 -9.261527
47.080000 -9.195049 -47.658002 -64.488836 -32.061392 -17.239012 -22.639628 -13.627624 -9.614365 -10.708567 -9.222631 -9.403210 -9.935788 -9.305431
47.120000 -9.247368 -47.789063 -65.667997 -32.648122 -17.481626 -23.050460 -13.907804 -9.711068 -10.841389 -9.299448 -9.430329 -9.978896 -9.355208
47.160000 -9.298263 -48.599795 -66.500208 -33.140130 -17.881762 -23.492569 -14.124123 -9.810193 -10.973514 -9.402079 -9.457944 -10.017683 -9.399091
47.200000 -9.355924 -49.431701 -67.342884 -33.679637 -18.232872 -23.940456 -14.430143 -9.919077 -11.116366 -9.501825 -9.494647 -10.051362 -9.447036
47.240000 -9.405173 -49.970015 -68.602870 -34.253132 -18.586345 -24.393801 -14.648030 -10.022393 -11.252426 -9.599101 -9.525175 -10.079182 -9.487480
47.280000 -9.460730 -51.144818 -69.348384 -34.704504 -19.010620 -24.888271 -14.958879 -10.137116 -11.396240 -9.694478 -9.563475 -10.112599 -9.528506
47.320000 -9.515991 -51.526045 -70.754411 -35.346690 -19.305842 -25.368206 -15.205783 -10.252498 -11.587485 -9.807539 -9.604004 -10.146967 -9.580835
47.360000 -9.569735 -52.901689 -71.400355 -35.736863 -19.815130 -25.912227 -15.517351 -10.372463 -11.748510 -9.924027 -9.644165 -10.170337 -9.614406
47.400000 -9.631081 -53.183472 -72.899434 -36.409556 -20.065669 -26.433178 -15.801652 -10.500268 -11.908204 -10.047108 -9.694142 -10.230492 -9.643759
47.440000 -9.683160 -54.685490 -73.475785 -36.883100 -20.577673 -26.997944 -16.134612 -10.625767 -12.105231 -10.159602 -9.735792 -10.283735 -9.674827
47.480000 -9.742346 -54.857153 -74.722872 -37.571763 -20.876269 -27.551651 -16.447364 -10.759552 -12.315829 -10.277420 -9.786236 -10.346898 -9.726764
47.520000 -9.801286 -55.683906 -75.636986 -38.075380 -21.337972 -28.042728 -16.908735 -10.897920 -12.531468 -10.403437 -9.837526 -10.407991 -9.782050
47.560000 -9.858525 -56.633634 -76.552497 -38.655214 -21.747229 -28.712673 -17.253686 -11.037131 -12.715570 -10.524130 -9.888313 -10.469058 -9.836193
47.600000 -9.924470 -57.203760 -77.898625 -39.411780 -22.167951 -29.140891 -17.719421 -11.188509 -12.911790 -10.660943 -9.948789 -10.538957 -9.898874
47.640000 -9.979977 -58.487825 -78.727649 -39.945299 -22.653571 -29.776660 -18.089587 -11.335482 -13.106363 -10.785129 -9.999573 -10.585833 -9.952007
47.680000 -10.043634 -58.904531 -80.149564 -40.865929 -22.984529 -30.292631 -18.513934 -11.490724 -13.309771 -10.924846 -10.059438 -10.642600 -10.010205
47.720000 -10.107069 -60.382546 -80.929618 -41.342676 -23.581157 -30.909550 -18.974596 -11.652696 -13.528066 -11.066537 -10.119622 -10.723850 -10.069971
47.760000 -10.168478 -60.706440 -82.343395 -42.348722 -23.853307 -31.426589 -19.353682 -11.811985 -13.741328 -11.208710 -10.178472 -10.793274 -10.124184
47.800000 -10.240023 -62.302576 -83.104081 -42.729963 -24.433950 -32.053509 -19.868798 -11.989979 -13.974939 -11.367575 -10.247830 -10.865703 -10.192704
47.840000 -10.299517 -62.515081 -84.231645 -43.669060 -24.788851 -32.572987 -20.265576 -12.156444 -14.198720 -11.512984 -10.305614 -10.928175 -10.249103
47.880000 -10.368476 -63.360886 -85.297795 -44.177062 -25.312068 -33.091116 -20.676816 -12.337413 -14.441038 -11.696080 -10.373188 -11.014766 -10.318080
47.920000 -10.437244 -64.430471 -86.135237 -44.884231 -25.788491 -33.760729 -21.013713 -12.520363 -14.681720 -11.860220 -10.440872 -11.089125 -10.386687
47.960000 -10.503521 -65.022258 -87.552161 -45.687201 -26.264240 -34.166095 -21.334024 -12.704821 -14.924568 -12.038660 -10.506295 -11.161940 -10.445072
48.000000 -10.581766 -66.423928 -88.370617 -46.284070 -26.825334 -34.902728 -21.686917 -12.908086 -15.179686 -12.248653 -10.583861 -11.244098 -10.521873
48.040000 -10.645710 -66.877636 -89.828452 -47.215300 -27.185099 -35.449900 -22.010056 -13.096162 -15.434997 -12.449682 -10.647305 -11.316335 -10.583797
48.080000 -10.720721 -68.444295 -90.715393 -47.758189 -27.865934 -36.112392 -22.379377 -13.302596 -15.706470 -12.664863 -10.721926 -11.395734 -10.660464
48.120000 -10.795602 -68.834689 -92.149325 -48.753608 -28.177887 -36.909204 -22.714340 -13.508005 -15.984952 -12.889322 -10.796527 -11.478747 -10.734029
48.160000 -10.867383 -70.488576 -92.986018 -49.199034 -28.806873 -37.586163 -23.084760 -13.720179 -16.265997 -13.114497 -10.868096 -11.555347 -10.805469
48.200000 -10.953425 -70.774318 -94.183598 -50.150338 -29.245324 -38.352432 -23.437738 -13.946462 -16.580613 -13.367976 -10.953997 -11.638665 -10.890158
48.240000 -11.022255 -71.632564 -95.315183 -50.722868 -29.823435 -39.099088 -23.794673 -14.160498 -16.901943 -13.596524 -11.022734 -11.725930 -10.958364
48.280000 -11.104086 -72.811457 -96.234304 -51.468975 -30.360425 -39.755759 -24.173649 -14.389366 -17.222309 -13.814322 -11.104516 -11.818434 -11.041192
48.320000 -11.185908 -73.448228 -97.709769 -52.320684 -30.915401 -40.621413 -24.536009 -14.623355 -17.570935 -14.006571 -11.186324 -11.930623 -11.120719
48.360000 -11.263862 -74.928773 -98.611570 -52.982421 -31.516282 -41.279438 -24.916313 -14.860284 -17.894085 -14.221082 -11.264295 -12.039910 -11.204518
48.400000 -11.358937 -75.460948 -99.582662 -53.969576 -31.940706 -42.181524 -25.380891 -15.113101 -18.241050 -14.453299 -11.359418 -12.157196 -11.299023
48.440000 -11.433427 -77.087898 -101.074873 -54.596753 -32.687102 -42.903146 -25.949301 -15.351845 -18.541903 -14.669990 -11.433984 -12.256964 -11.376733
48.480000 -11.523394 -77.557253 -101.675493 -55.615784 -33.045498 -43.841791 -26.426392 -15.606132 -18.867862 -14.913643 -11.524059 -12.371673 -11.465647
48.520000 -11.613691 -79.269595 -103.372953 -56.148362 -33.744906 -44.545026 -27.043241 -15.871164 -19.191525 -15.167780 -11.614495 -12.486299 -11.557467
48.560000 -11.699269 -79.605103 -103.895518 -57.127995 -34.234040 -45.435703 -27.537708 -16.130659 -19.524720 -15.422305 -11.700251 -12.597560 -11.644290
48.600000 -11.805953 -80.518452 -105.587943 -57.795769 -34.910616 -46.285112 -28.120924 -16.415549 -19.904568 -15.701460 -11.807149 -12.728141 -11.751984
48.640000 -11.887556 -81.777981 -106.163733 -58.592756 -35.481890 -46.991227 -28.682501 -16.676474 -20.259226 -15.972692 -11.889013 -12.837080 -11.837220
48.680000 -11.988125 -82.471089 -107.487667 -59.490145 -36.128065 -48.014277 -29.267028 -16.963358 -20.630930 -16.282288 -11.989893 -12.960656 -11.941358
48.720000 -12.089942 -84.036050 -108.788321 -60.248440 -36.776673 -48.748009 -29.865964 -17.256059 -21.020645 -16.602234 -12.092070 -13.089804 -12.052279
48.760000 -12.186304 -84.625237 -109.809140 -61.241244 -37.238112 -49.426422 -30.439040 -17.542598 -21.400999 -16.913212 -12.188852 -13.207771 -12.152242
48.800000 -12.310329 -86.342589 -111.330307 -62.011279 -38.090353 -50.267722 -31.106635 -17.859154 -21.811214 -17.254561 -12.313342 -13.356939 -12.277618
48.840000 -12.404329 -86.885183 -112.747089 -63.018838 -38.481987 -50.878332 -31.637273 -18.147945 -22.192804 -17.562633 -12.407867 -13.473648 -12.369146
48.880000 -12.524461 -88.643209 -114.265392 -63.693466 -39.261267 -51.803231 -32.338468 -18.469540 -22.610400 -17.902887 -12.528562 -13.615518 -12.513151
48.920000 -12.649229 -89.059702 -115.864524 -64.758110 -39.822870 -52.607828 -32.927585 -18.793658 -23.044701 -18.217026 -12.653910 -13.761498 -12.646060
48.960000 -12.768939 -89.996867 -117.384665 -65.516077 -40.565532 -53.417174 -33.566225 -19.109616 -23.510741 -18.552416 -12.774198 -13.898441 -12.758420
49.000000 -12.934758 -91.387445 -118.812415 -66.504533 -41.224402 -54.401023 -34.244791 -19.469985 -23.982110 -18.904377 -12.940548 -14.083601 -12.941451
49.040000 -13.054574 -92.123643 -120.384875 -67.441961 -41.946652 -55.170080 -34.872549 -19.785937 -24.369564 -19.223235 -13.060881 -14.218514 -13.084749
49.080000 -13.220598 -93.766160 -121.570714 -68.386157 -42.639244 -56.136834 -35.535356 -20.144764 -24.829309 -19.569971 -13.227314 -14.413059 -13.264267
49.120000 -13.397192 -94.463836 -123.090524 -69.426025 -43.181410 -57.021769 -36.202060 -20.505199 -25.310195 -19.892673 -13.404288 -14.612709 -13.445687
49.160000 -13.554721 -96.196107 -124.414464 -70.373170 -44.074353 -57.931232 -36.869007 -20.838984 -25.766267 -20.184086 -13.562102 -14.794563 -13.590016
49.200000 -13.804396 -96.923342 -126.035214 -71.407646 -44.602478 -58.959576 -37.568324 -21.265263 -26.306361 -20.553852 -13.812125 -15.063440 -13.802705
49.240000 -13.948056 -98.651565 -127.769816 -72.181413 -45.406135 -59.813708 -38.231398 -21.583530 -26.753236 -20.832929 -13.956048 -15.232514 -13.924460
49.280000 -14.164201 -99.145553 -129.337573 -73.346458 -46.030524 -60.737487 -38.933613 -21.971613 -27.250753 -21.216104 -14.172593 -15.472240 -14.116168
49.320000 -14.404905 -100.173589 -131.198645 -74.109542 -46.901343 -61.814821 -39.398819 -22.375079 -27.779213 -21.629582 -14.413697 -15.778033 -14.365023
49.360000 -14.597836 -101.573876 -132.916631 -75.237725 -47.530895 -62.704033 -40.163887 -22.733683 -28.238291 -21.985460 -14.607097 -16.072350 -14.552858
49.400000 -14.953696 -102.526939 -134.748265 -76.126232 -48.497956 -63.766453 -40.657157 -23.242695 -28.868098 -22.507924 -14.963487 -16.477229 -14.887500
49.440000 -15.130482 -104.125343 -135.980283 -76.868598 -49.117110 -64.769809 -41.309614 -23.569897 -29.303911 -22.822938 -15.140604 -16.732735 -15.018728
49.480000 -15.433601 -104.924086 -137.281895 -77.952469 -49.724351 -65.711094 -41.798362 -23.991562 -29.848955 -23.283269 -15.444231 -17.089067 -15.278294
49.520000 -15.823162 -106.796526 -139.106670 -78.703245 -50.792515 -66.812254 -42.508713 -24.498632 -30.455629 -23.783360 -15.833790 -17.549072 -15.645859
49.560000 -16.066203 -107.466967 -140.532597 -79.865289 -51.208865 -67.768285 -43.012850 -24.833312 -30.930524 -24.135824 -16.077587 -17.792214 -15.877063
49.600000 -16.668288 -109.510312 -142.600632 -80.671960 -52.397976 -68.988733 -43.781248 -25.541917 -31.805460 -24.875511 -16.679732 -18.506969 -16.516175
