#Quasar bolometric luminosity function in different stellar mass bins from TRINITY PaperIII (Fig. 4, Zhang+2024, MNRAS, 529, 2777)
#z: 3.00
#log10(Lbol [erg/s])(0) log10(QLF_total [Mpc^-3 dex^-1])(1) log10(QLF(8<logMstar<9) [Mpc^-3 dex^-1])(2) log10(QLF(8<logMstar<9)_16th [Mpc^-3 dex^-1])(3) log10(QLF(8<logMstar<9)_84th [Mpc^-3 dex^-1])(4)
#log10(QLF(9<logMstar<10) [Mpc^-3 dex^-1])(5) log10(QLF(9<logMstar<10)_16th [Mpc^-3 dex^-1])(6) log10(QLF(9<logMstar<10)_84th [Mpc^-3 dex^-1])(7)
#log10(QLF(10<logMstar<11) [Mpc^-3 dex^-1])(8) log10(QLF(10<logMstar<11)_16th [Mpc^-3 dex^-1])(9) log10(QLF(10<logMstar<11)_84th [Mpc^-3 dex^-1])(10)
#log10(QLF(11<logMstar<12) [Mpc^-3 dex^-1])(11) log10(QLF(11<logMstar<12)_16th [Mpc^-3 dex^-1])(12) log10(QLF(11<logMstar<12)_84th [Mpc^-3 dex^-1])(13)
40.000000 -4.986957 -6.882431 -7.238327 -6.569883 -5.499403 -5.957469 -5.394126 -5.175804 -5.573023 -5.130519 -6.473543 -6.954980 -6.303754
40.040000 -4.975909 -6.869791 -7.220889 -6.555769 -5.488374 -5.942082 -5.384742 -5.164778 -5.557593 -5.120211 -6.462516 -6.940826 -6.293622
40.080000 -4.965135 -6.856268 -7.207667 -6.542643 -5.477636 -5.925202 -5.373120 -5.154040 -5.542699 -5.110193 -6.451777 -6.926960 -6.283777
40.120000 -4.954285 -6.843818 -7.190381 -6.528306 -5.466807 -5.908229 -5.360671 -5.143211 -5.527716 -5.100086 -6.440947 -6.913006 -6.273843
40.160000 -4.943370 -6.829876 -7.175983 -6.514212 -5.455931 -5.891428 -5.348176 -5.132336 -5.512688 -5.089931 -6.430073 -6.899005 -6.263863
40.200000 -4.932723 -6.817028 -7.158922 -6.499930 -5.445313 -5.875123 -5.335939 -5.121718 -5.497917 -5.079997 -6.419455 -6.885260 -6.254140
40.240000 -4.921653 -6.802904 -7.142743 -6.484648 -5.434282 -5.858406 -5.323288 -5.110688 -5.482734 -5.068350 -6.408423 -6.871104 -6.244003
40.280000 -4.910859 -6.789114 -7.126794 -6.470054 -5.423529 -5.843894 -5.310916 -5.099934 -5.467826 -5.056981 -6.397668 -6.857223 -6.234143
40.320000 -4.899928 -6.775157 -7.109248 -6.454095 -5.412640 -5.829411 -5.298407 -5.089044 -5.452782 -5.045475 -6.386778 -6.843205 -6.224147
40.360000 -4.888878 -6.760490 -7.093038 -6.438382 -5.401639 -5.814820 -5.285788 -5.078043 -5.437732 -5.033859 -6.375776 -6.829079 -6.214041
40.400000 -4.878102 -6.746588 -7.072465 -6.420882 -5.390906 -5.800491 -5.273438 -5.067309 -5.423179 -5.022511 -6.365041 -6.815218 -6.204202
40.440000 -4.866684 -6.731138 -7.053159 -6.404408 -5.379545 -5.785527 -5.260458 -5.055947 -5.408186 -5.010534 -6.353678 -6.800268 -6.191704
40.480000 -4.855560 -6.716096 -7.029998 -6.381580 -5.368476 -5.770860 -5.248201 -5.044877 -5.393488 -4.998849 -6.342606 -6.785608 -6.179419
40.520000 -4.844178 -6.700025 -7.010083 -6.357642 -5.357160 -5.755937 -5.235015 -5.033560 -5.378544 -4.986918 -6.331288 -6.770700 -6.166887
40.560000 -4.832566 -6.683599 -6.989529 -6.336871 -5.345619 -5.740792 -5.221788 -5.022016 -5.363372 -4.974762 -6.319744 -6.755564 -6.154130
40.600000 -4.821256 -6.666973 -6.967305 -6.313889 -5.334386 -5.725930 -5.209077 -5.010782 -5.348220 -4.962911 -6.308508 -6.740739 -6.141681
40.640000 -4.808886 -6.649179 -6.940937 -6.291492 -5.322096 -5.710021 -5.192650 -4.998491 -5.331915 -4.948762 -6.296215 -6.724855 -6.128175
40.680000 -4.796859 -6.630893 -6.912876 -6.266682 -5.310163 -5.694438 -5.176403 -4.986556 -5.315967 -4.934970 -6.284278 -6.709327 -6.115025
40.720000 -4.784184 -6.612606 -6.886375 -6.242046 -5.297573 -5.678194 -5.159576 -4.973964 -5.299364 -4.920522 -6.271685 -6.693145 -6.101220
40.760000 -4.770926 -6.592057 -6.857762 -6.214157 -5.284428 -5.661376 -5.141989 -4.960816 -5.282336 -4.905523 -6.258535 -6.676406 -6.086858
40.800000 -4.758061 -6.573309 -6.831829 -6.185656 -5.271655 -5.644875 -5.125137 -4.948041 -5.265777 -4.891743 -6.245758 -6.659540 -6.072868
40.840000 -4.742413 -6.548746 -6.800519 -6.155424 -5.256148 -5.625675 -5.106865 -4.932533 -5.246885 -4.877087 -6.230247 -6.639376 -6.056148
40.880000 -4.727310 -6.526085 -6.770620 -6.124403 -5.241168 -5.606878 -5.089412 -4.917551 -5.228753 -4.863024 -6.215261 -6.619736 -6.039950
40.920000 -4.709839 -6.499339 -6.739719 -6.094991 -5.223850 -5.585807 -5.069685 -4.900230 -5.208295 -4.846624 -6.197938 -6.597762 -6.021414
40.960000 -4.690294 -6.469979 -6.704171 -6.059064 -5.204471 -5.562495 -5.047986 -4.880849 -5.185797 -4.827490 -6.178554 -6.573725 -6.000823
41.000000 -4.671592 -6.442439 -6.670151 -6.026351 -5.185919 -5.540066 -5.027112 -4.862298 -5.164192 -4.808332 -6.159999 -6.550517 -5.981057
41.040000 -4.649367 -6.408057 -6.628406 -5.986000 -5.163904 -5.514010 -5.002776 -4.840286 -5.139127 -4.785716 -6.137984 -6.523876 -5.957831
41.080000 -4.628224 -6.378568 -6.588715 -5.952240 -5.142911 -5.490475 -4.979433 -4.819293 -5.115079 -4.764118 -6.116986 -6.503828 -5.935626
41.120000 -4.612217 -6.348666 -6.562389 -5.926036 -5.127152 -5.473364 -4.961355 -4.803546 -5.096280 -4.747768 -6.101234 -6.488942 -5.918666
41.160000 -4.600826 -6.328311 -6.535260 -5.905614 -5.115926 -5.460654 -4.947743 -4.792326 -5.082008 -4.735947 -6.090009 -6.475194 -5.906231
41.200000 -4.589725 -6.301856 -6.511456 -5.883360 -5.105101 -5.448384 -4.935218 -4.781533 -5.068165 -4.724554 -6.079210 -6.461876 -5.894227
41.240000 -4.582124 -6.282186 -6.484736 -5.864957 -5.097724 -5.439311 -4.926093 -4.774184 -5.057765 -4.716606 -6.071854 -6.451135 -5.885665
41.280000 -4.574654 -6.260559 -6.461857 -5.845535 -5.090514 -5.429117 -4.917180 -4.767021 -5.047553 -4.708881 -6.064685 -6.440219 -5.877288
41.320000 -4.567160 -6.237501 -6.436925 -5.824192 -5.083302 -5.417874 -4.908226 -4.759885 -5.037369 -4.701346 -6.057542 -6.429329 -5.868942
41.360000 -4.559646 -6.217690 -6.410585 -5.795560 -5.076015 -5.405567 -4.896897 -4.752664 -5.027102 -4.693455 -6.050312 -6.418355 -5.860510
41.400000 -4.552260 -6.192591 -6.384873 -5.767203 -5.068925 -5.393771 -4.886163 -4.745735 -5.017128 -4.685858 -6.043375 -6.407526 -5.852368
41.440000 -4.544220 -6.172985 -6.353648 -5.735643 -5.061100 -5.379930 -4.877163 -4.737997 -5.006344 -4.677471 -6.035627 -6.394290 -5.843418
41.480000 -4.536325 -6.146499 -6.316994 -5.700923 -5.053458 -5.366579 -4.867088 -4.730653 -4.995957 -4.670359 -6.028270 -6.381448 -5.834863
41.520000 -4.528202 -6.125803 -6.285712 -5.663996 -5.045532 -5.354153 -4.856513 -4.722908 -4.985172 -4.662894 -6.020514 -6.368201 -5.825906
41.560000 -4.519865 -6.099144 -6.255575 -5.625133 -5.037377 -5.345411 -4.846950 -4.715194 -4.974419 -4.655466 -6.012788 -6.357012 -5.816983
41.600000 -4.511686 -6.075483 -6.218198 -5.588959 -5.029331 -5.332688 -4.837026 -4.707575 -4.963763 -4.648141 -6.005153 -6.347675 -5.808153
41.640000 -4.502784 -6.050715 -6.180404 -5.551048 -5.020527 -5.318661 -4.826539 -4.699289 -4.952442 -4.640158 -5.996852 -6.337670 -5.798655
41.680000 -4.494061 -6.024230 -6.141294 -5.515511 -5.011787 -5.303992 -4.815477 -4.691344 -4.941307 -4.632522 -5.988889 -6.327785 -5.789500
41.720000 -4.485073 -6.001310 -6.104664 -5.481225 -5.002833 -5.289287 -4.805136 -4.682968 -4.929689 -4.621771 -5.980495 -6.315556 -5.779916
41.760000 -4.475840 -5.973998 -6.069913 -5.446687 -4.993337 -5.275830 -4.794101 -4.674701 -4.917899 -4.612297 -5.972208 -6.302573 -5.770439
41.800000 -4.466800 -5.951024 -6.035740 -5.416188 -4.984291 -5.261940 -4.776813 -4.666343 -4.906098 -4.603617 -5.963827 -6.289234 -5.760871
41.840000 -4.456988 -5.923471 -6.006001 -5.383020 -4.973873 -5.249213 -4.764260 -4.657706 -4.894384 -4.595157 -5.955164 -6.275536 -5.751026
41.880000 -4.447393 -5.898873 -5.974376 -5.355448 -4.964012 -5.236223 -4.754465 -4.649024 -4.882630 -4.586655 -5.946454 -6.261797 -5.741133
41.920000 -4.437423 -5.871802 -5.944637 -5.324684 -4.953251 -5.222873 -4.744189 -4.640356 -4.870856 -4.577813 -5.937757 -6.248073 -5.731257
41.960000 -4.427109 -5.844957 -5.913837 -5.299178 -4.942144 -5.208311 -4.733119 -4.631355 -4.856907 -4.568525 -5.928724 -6.234209 -5.721049
42.000000 -4.417034 -5.818597 -5.883625 -5.272525 -4.931297 -5.191237 -4.722143 -4.622609 -4.843195 -4.559507 -5.919940 -6.222085 -5.710657
42.040000 -4.406085 -5.790151 -5.851828 -5.248128 -4.918968 -5.172314 -4.710529 -4.613394 -4.829824 -4.551308 -5.910685 -6.209485 -5.699753
42.080000 -4.395406 -5.763027 -5.820406 -5.226074 -4.907545 -5.151530 -4.698443 -4.604132 -4.817177 -4.543859 -5.901381 -6.195379 -5.688802
42.120000 -4.384411 -5.734441 -5.792249 -5.203486 -4.894640 -5.128647 -4.686262 -4.595236 -4.804899 -4.533084 -5.892437 -6.181637 -5.678041
42.160000 -4.373131 -5.705718 -5.757099 -5.184261 -4.882527 -5.109282 -4.672516 -4.585590 -4.791874 -4.521413 -5.882739 -6.167145 -5.666169
42.200000 -4.362137 -5.677179 -5.722056 -5.163263 -4.869043 -5.090204 -4.655502 -4.577098 -4.779566 -4.510736 -5.874189 -6.153802 -5.655317
42.240000 -4.350327 -5.647426 -5.686941 -5.146367 -4.855756 -5.069236 -4.627136 -4.567401 -4.765968 -4.498872 -5.864429 -6.139254 -5.643251
42.280000 -4.338829 -5.618325 -5.655485 -5.119381 -4.841635 -5.043685 -4.601834 -4.558627 -4.753565 -4.487951 -5.855586 -6.125627 -5.632512
42.320000 -4.326992 -5.588718 -5.623505 -5.095135 -4.827214 -5.020151 -4.583631 -4.549593 -4.741418 -4.476789 -5.846477 -6.111736 -5.622262
42.360000 -4.314849 -5.559307 -5.592385 -5.064845 -4.812675 -4.991951 -4.569104 -4.540202 -4.730061 -4.466120 -5.837004 -6.101672 -5.611646
42.400000 -4.303037 -5.530260 -5.569436 -5.036593 -4.797299 -4.973730 -4.556620 -4.531828 -4.723524 -4.457026 -5.828540 -6.094336 -5.602041
42.440000 -4.290248 -5.500666 -5.537069 -5.007008 -4.782145 -4.955267 -4.540234 -4.521915 -4.713172 -4.446662 -5.818530 -6.085454 -5.591482
42.480000 -4.277824 -5.472522 -5.505137 -4.979580 -4.765434 -4.930812 -4.527219 -4.513366 -4.701629 -4.437683 -5.809874 -6.078253 -5.581017
42.520000 -4.264980 -5.443600 -5.480294 -4.952356 -4.749869 -4.907530 -4.509864 -4.503706 -4.688924 -4.429373 -5.800106 -6.070381 -5.569441
42.560000 -4.251762 -5.416703 -5.456101 -4.927865 -4.731595 -4.888313 -4.490483 -4.494781 -4.676915 -4.422370 -5.791056 -6.060113 -5.558585
42.600000 -4.238934 -5.389784 -5.435002 -4.911128 -4.715032 -4.863454 -4.468182 -4.485676 -4.664732 -4.415214 -5.781833 -6.048476 -5.547557
42.640000 -4.224770 -5.363904 -5.413447 -4.895164 -4.695378 -4.838863 -4.443019 -4.476054 -4.650334 -4.407521 -5.772079 -6.036318 -5.534277
42.680000 -4.211053 -5.338603 -5.391958 -4.880816 -4.676431 -4.813517 -4.420333 -4.466834 -4.635979 -4.397273 -5.762736 -6.024639 -5.522424
42.720000 -4.196924 -5.315106 -5.370065 -4.866996 -4.656983 -4.787436 -4.394759 -4.457088 -4.621007 -4.379519 -5.752876 -6.015027 -5.510061
42.760000 -4.182434 -5.291319 -5.343259 -4.854633 -4.636163 -4.762761 -4.371154 -4.447704 -4.605984 -4.369979 -5.743375 -6.005769 -5.498061
42.800000 -4.168413 -5.269931 -5.329567 -4.843348 -4.616866 -4.740638 -4.346559 -4.437994 -4.593768 -4.360220 -5.733608 -5.996243 -5.485803
42.840000 -4.153250 -5.248485 -5.309787 -4.834673 -4.594875 -4.714815 -4.321755 -4.428094 -4.580909 -4.345859 -5.723610 -5.986483 -5.474274
42.880000 -4.138600 -5.228497 -5.281616 -4.827984 -4.574489 -4.690513 -4.298645 -4.417979 -4.567613 -4.333795 -5.713581 -5.976685 -5.462920
42.920000 -4.123538 -5.210090 -5.260492 -4.824457 -4.552220 -4.666591 -4.274320 -4.408270 -4.554378 -4.323291 -5.703837 -5.967168 -5.451853
42.960000 -4.108124 -5.191854 -5.243155 -4.812082 -4.530471 -4.640960 -4.252537 -4.397652 -4.540780 -4.311921 -5.693557 -5.957111 -5.440254
43.000000 -4.093239 -5.176834 -5.226672 -4.805049 -4.508014 -4.619441 -4.229774 -4.388161 -4.524961 -4.297621 -5.684380 -5.947923 -5.432112
43.040000 -4.077260 -5.159899 -5.218353 -4.799134 -4.485350 -4.594048 -4.208964 -4.377201 -4.509513 -4.283009 -5.673952 -5.936564 -5.423025
43.080000 -4.061848 -5.147335 -5.209389 -4.801608 -4.463061 -4.571855 -4.187405 -4.366468 -4.498220 -4.269477 -5.664152 -5.925841 -5.414459
43.120000 -4.046205 -5.132725 -5.195774 -4.798411 -4.440888 -4.548654 -4.168065 -4.355665 -4.485741 -4.252940 -5.654151 -5.914921 -5.405686
43.160000 -4.030374 -5.121666 -5.196970 -4.797658 -4.419200 -4.525450 -4.148629 -4.343629 -4.471323 -4.236726 -5.643806 -5.903662 -5.396560
43.200000 -4.015100 -5.110124 -5.192855 -4.790655 -4.398073 -4.503230 -4.131793 -4.332442 -4.455891 -4.217230 -5.633832 -5.892781 -5.387800
43.240000 -3.999114 -5.101145 -5.188008 -4.792316 -4.377001 -4.482377 -4.117349 -4.319423 -4.435967 -4.200457 -5.623525 -5.881575 -5.374251
43.280000 -3.983696 -5.092064 -5.187584 -4.793887 -4.356546 -4.461602 -4.104992 -4.307168 -4.419748 -4.182849 -5.613120 -5.869578 -5.360742
43.320000 -3.968344 -5.085611 -5.183240 -4.796462 -4.337170 -4.442193 -4.095980 -4.293703 -4.402857 -4.165520 -5.603442 -5.855950 -5.348010
43.360000 -3.953071 -5.081123 -5.177919 -4.796874 -4.317880 -4.424224 -4.082203 -4.280097 -4.387034 -4.147960 -5.593651 -5.842294 -5.335442
43.400000 -3.938317 -5.075668 -5.190999 -4.796691 -4.300308 -4.409564 -4.069661 -4.266255 -4.368295 -4.131960 -5.583578 -5.828444 -5.325624
43.440000 -3.923351 -5.075438 -5.202908 -4.799113 -4.283237 -4.398496 -4.061182 -4.250740 -4.352005 -4.118131 -5.573914 -5.815102 -5.316224
43.480000 -3.908884 -5.072457 -5.251320 -4.801903 -4.267198 -4.386833 -4.058029 -4.235863 -4.331315 -4.100206 -5.563114 -5.800726 -5.305698
43.520000 -3.894787 -5.075338 -5.265599 -4.808173 -4.252811 -4.374339 -4.056728 -4.219411 -4.313131 -4.080746 -5.553439 -5.787580 -5.296302
43.560000 -3.881040 -5.076402 -5.302815 -4.817180 -4.238914 -4.358956 -4.058389 -4.203651 -4.292139 -4.064569 -5.542415 -5.773201 -5.285116
43.600000 -3.867715 -5.083000 -5.333753 -4.825380 -4.226775 -4.343621 -4.064148 -4.186484 -4.271449 -4.051865 -5.532565 -5.760111 -5.273111
43.640000 -3.855597 -5.089257 -5.361851 -4.838735 -4.216009 -4.333481 -4.067452 -4.170782 -4.252528 -4.042895 -5.522344 -5.746775 -5.260670
43.680000 -3.843808 -5.099846 -5.396239 -4.858057 -4.206741 -4.325148 -4.061986 -4.154029 -4.232516 -4.031800 -5.512689 -5.734137 -5.249822
43.720000 -3.833029 -5.113648 -5.432208 -4.880124 -4.199442 -4.315967 -4.058841 -4.137430 -4.214011 -4.016499 -5.503771 -5.722369 -5.243484
43.760000 -3.823193 -5.127165 -5.471908 -4.906647 -4.192843 -4.306303 -4.056217 -4.122439 -4.196871 -4.003473 -5.493667 -5.709558 -5.235809
43.800000 -3.813575 -5.147676 -5.515297 -4.939103 -4.188626 -4.299300 -4.057127 -4.105402 -4.178291 -3.991247 -5.484993 -5.698323 -5.229561
43.840000 -3.805230 -5.166800 -5.561307 -4.969742 -4.184873 -4.296660 -4.063275 -4.090987 -4.163425 -3.980364 -5.474899 -5.685823 -5.221711
43.880000 -3.797043 -5.192214 -5.615130 -4.992081 -4.182843 -4.303696 -4.067797 -4.075277 -4.146043 -3.976632 -5.465418 -5.674097 -5.211194
43.920000 -3.789996 -5.217917 -5.678951 -5.016433 -4.182022 -4.311017 -4.071263 -4.061173 -4.130689 -3.967942 -5.455436 -5.662034 -5.199439
43.960000 -3.784039 -5.249842 -5.748489 -5.037918 -4.182843 -4.324305 -4.083635 -4.047803 -4.115492 -3.960064 -5.445943 -5.650629 -5.188527
44.000000 -3.778162 -5.282006 -5.825151 -5.082709 -4.184739 -4.332165 -4.095254 -4.034232 -4.105433 -3.950826 -5.435840 -5.638794 -5.177304
44.040000 -3.774821 -5.320976 -5.908516 -5.120219 -4.188838 -4.341563 -4.103826 -4.023685 -4.097664 -3.941488 -5.426753 -5.628156 -5.167175
44.080000 -3.771505 -5.363230 -5.999704 -5.152119 -4.195239 -4.353708 -4.111507 -4.011908 -4.088789 -3.940211 -5.418237 -5.618278 -5.157780
44.120000 -3.769615 -5.407007 -6.093697 -5.192069 -4.201386 -4.384646 -4.119040 -4.003243 -4.079856 -3.934760 -5.408163 -5.607036 -5.146587
44.160000 -3.769131 -5.459132 -6.175432 -5.243772 -4.211724 -4.400173 -4.130676 -3.994392 -4.078734 -3.934564 -5.400634 -5.598290 -5.136915
44.200000 -3.768648 -5.510801 -6.249575 -5.292982 -4.221277 -4.414460 -4.141836 -3.986637 -4.073264 -3.933390 -5.390914 -5.587069 -5.121986
44.240000 -3.771057 -5.570941 -6.352552 -5.336569 -4.234291 -4.431496 -4.158424 -3.981794 -4.072435 -3.931282 -5.383086 -5.577654 -5.107923
44.280000 -3.773479 -5.632726 -6.468437 -5.382075 -4.248648 -4.449591 -4.177998 -3.976694 -4.072849 -3.932375 -5.374967 -5.568122 -5.092981
44.320000 -3.777355 -5.700251 -6.589526 -5.428865 -4.263426 -4.468307 -4.198081 -3.974080 -4.074322 -3.934497 -5.365937 -5.558026 -5.078058
44.360000 -3.782725 -5.771325 -6.702232 -5.482641 -4.282222 -4.490840 -4.221979 -3.972082 -4.083366 -3.942312 -5.358994 -5.549830 -5.066686
44.400000 -3.788162 -5.847450 -6.814175 -5.536025 -4.299432 -4.513435 -4.244365 -3.971471 -4.090301 -3.948313 -5.349322 -5.539702 -5.053445
44.440000 -3.796406 -5.929700 -6.930676 -5.598072 -4.322569 -4.551119 -4.272397 -3.972595 -4.104507 -3.955947 -5.343289 -5.532725 -5.046486
44.480000 -3.804809 -6.014552 -7.047252 -5.676087 -4.344195 -4.587644 -4.298497 -3.975185 -4.114542 -3.964718 -5.334689 -5.521582 -5.036783
44.520000 -3.814629 -6.106580 -7.166948 -5.761590 -4.369454 -4.612807 -4.328999 -3.978639 -4.127123 -3.973539 -5.327534 -5.514975 -5.022425
44.560000 -3.825961 -6.202465 -7.308558 -5.852641 -4.396508 -4.651758 -4.352002 -3.983990 -4.144290 -3.981868 -5.320739 -5.509800 -5.008011
44.600000 -3.837596 -6.302982 -7.461513 -5.947894 -4.423252 -4.689360 -4.371756 -3.990396 -4.158926 -3.992689 -5.311836 -5.501390 -4.991540
44.640000 -3.851821 -6.410413 -7.622927 -6.039744 -4.454973 -4.724473 -4.407565 -3.998912 -4.177725 -4.003723 -5.305775 -5.496739 -4.977300
44.680000 -3.866526 -6.521771 -7.788929 -6.126130 -4.485328 -4.763375 -4.445840 -4.009102 -4.195166 -4.016580 -5.297279 -5.489439 -4.962716
44.720000 -3.882377 -6.637134 -7.961165 -6.228091 -4.519972 -4.808629 -4.482724 -4.019799 -4.213806 -4.031200 -5.289833 -5.483210 -4.947353
44.760000 -3.899482 -6.760412 -8.138154 -6.328602 -4.553999 -4.851816 -4.517683 -4.032872 -4.233435 -4.047170 -5.281228 -5.477380 -4.935227
44.800000 -3.917289 -6.886880 -8.322120 -6.440049 -4.591623 -4.898219 -4.555351 -4.046237 -4.255531 -4.064293 -5.272399 -5.468511 -4.922834
44.840000 -3.936353 -7.019354 -8.511266 -6.553937 -4.629443 -4.942555 -4.594853 -4.061661 -4.278393 -4.079693 -5.263474 -5.461615 -4.917206
44.880000 -3.956293 -7.157008 -8.705051 -6.674929 -4.669397 -4.992192 -4.635588 -4.078118 -4.302605 -4.095342 -5.254056 -5.449590 -4.913082
44.920000 -3.977246 -7.300498 -8.894734 -6.801694 -4.711272 -5.044990 -4.679522 -4.095840 -4.328672 -4.113568 -5.244885 -5.434422 -4.911932
44.960000 -3.999319 -7.448064 -9.078530 -6.936847 -4.753256 -5.098140 -4.723192 -4.115474 -4.353779 -4.132547 -5.235171 -5.419346 -4.910693
45.000000 -4.022574 -7.603715 -9.271476 -7.080185 -4.798719 -5.154237 -4.770021 -4.136264 -4.382775 -4.155372 -5.225867 -5.404981 -4.912822
45.040000 -4.046536 -7.763134 -9.467510 -7.227269 -4.843315 -5.210504 -4.816795 -4.158609 -4.410807 -4.180611 -5.216666 -5.398746 -4.904179
45.080000 -4.071898 -7.926283 -9.668649 -7.400740 -4.892078 -5.269426 -4.867061 -4.182431 -4.442132 -4.208196 -5.206968 -5.395220 -4.905028
45.120000 -4.098041 -8.098689 -9.874086 -7.585542 -4.940229 -5.329019 -4.917573 -4.207778 -4.473352 -4.234664 -5.198413 -5.388220 -4.900755
45.160000 -4.125014 -8.274143 -10.086686 -7.779501 -4.991397 -5.386617 -4.969977 -4.234248 -4.506325 -4.263325 -5.189072 -5.382676 -4.898258
45.200000 -4.153775 -8.456902 -10.302283 -7.980517 -5.043725 -5.445476 -5.025171 -4.263042 -4.541123 -4.296367 -5.182732 -5.385833 -4.894720
45.240000 -4.182221 -8.643257 -10.522536 -8.183635 -5.096696 -5.504485 -5.079214 -4.291908 -4.575075 -4.327529 -5.176221 -5.392940 -4.893609
45.280000 -4.212661 -8.837739 -10.794951 -8.376145 -5.152375 -5.566495 -5.137804 -4.323234 -4.612650 -4.360607 -5.171816 -5.404119 -4.899089
45.320000 -4.243808 -9.034986 -11.066993 -8.542882 -5.208482 -5.634790 -5.195318 -4.355720 -4.649174 -4.392742 -5.169459 -5.413938 -4.906812
45.360000 -4.275653 -9.241470 -11.344610 -8.713916 -5.266800 -5.708491 -5.255032 -4.389360 -4.687594 -4.427870 -5.167498 -5.417835 -4.925958
45.400000 -4.310018 -9.454537 -11.631871 -8.893516 -5.327202 -5.785524 -5.313899 -4.425896 -4.730188 -4.464654 -5.169953 -5.428432 -4.944447
45.440000 -4.342867 -9.666241 -11.925137 -9.078133 -5.388342 -5.864758 -5.375728 -4.461414 -4.769155 -4.506982 -5.170223 -5.434275 -4.948451
45.480000 -4.378404 -9.890111 -12.225239 -9.267086 -5.451708 -5.945828 -5.440424 -4.499966 -4.808783 -4.550379 -5.175173 -5.449367 -4.960418
45.520000 -4.414498 -10.118052 -12.524602 -9.461348 -5.517581 -6.030764 -5.506794 -4.539503 -4.850872 -4.591800 -5.180895 -5.461562 -4.970631
45.560000 -4.451023 -10.351090 -12.840130 -9.662074 -5.583848 -6.117881 -5.572973 -4.579663 -4.894156 -4.633640 -5.189258 -5.478594 -4.984754
45.600000 -4.490903 -10.591876 -13.167643 -9.881191 -5.655217 -6.210515 -5.640952 -4.623336 -4.941313 -4.678465 -5.202365 -5.494721 -5.006524
45.640000 -4.528104 -10.836734 -13.499603 -10.065253 -5.724700 -6.303345 -5.707797 -4.664651 -4.986473 -4.720819 -5.213847 -5.511426 -5.029247
45.680000 -4.568793 -11.086493 -13.844932 -10.271209 -5.798896 -6.401996 -5.775402 -4.709498 -5.033510 -4.765133 -5.230603 -5.535260 -5.054419
45.720000 -4.609837 -11.345566 -14.199755 -10.484890 -5.874918 -6.504416 -5.842186 -4.754991 -5.080552 -4.809882 -5.248504 -5.558546 -5.073272
45.760000 -4.650929 -11.611445 -14.550871 -10.724282 -5.952340 -6.609225 -5.910527 -4.800540 -5.127458 -4.854111 -5.268083 -5.579702 -5.095997
45.800000 -4.696320 -11.879079 -14.909940 -10.978098 -6.036534 -6.722102 -5.990284 -4.850624 -5.174766 -4.902896 -5.292609 -5.613404 -5.123937
45.840000 -4.737587 -12.151199 -15.227050 -11.182990 -6.117663 -6.835281 -6.069241 -4.896568 -5.218182 -4.947401 -5.314569 -5.646306 -5.151849
45.880000 -4.783192 -12.433982 -15.545232 -11.398844 -6.205668 -6.959099 -6.153472 -4.946994 -5.271297 -4.996129 -5.341668 -5.684164 -5.190981
45.920000 -4.828994 -12.720941 -15.890801 -11.623603 -6.295319 -7.076440 -6.241567 -4.997411 -5.327193 -5.045411 -5.370702 -5.722107 -5.230856
45.960000 -4.874472 -13.011899 -16.266234 -11.858023 -6.387672 -7.202689 -6.331375 -5.047500 -5.377392 -5.097670 -5.400354 -5.759850 -5.270983
46.000000 -4.925275 -13.316135 -16.652907 -12.103627 -6.487113 -7.338473 -6.428425 -5.102850 -5.432768 -5.154590 -5.436477 -5.801463 -5.316350
46.040000 -4.970277 -13.615101 -17.033958 -12.348034 -6.583543 -7.472774 -6.522458 -5.152312 -5.482270 -5.203883 -5.467815 -5.836135 -5.353206
46.080000 -5.020487 -13.928052 -17.429919 -12.598047 -6.687555 -7.616397 -6.624367 -5.206961 -5.536388 -5.258236 -5.505209 -5.875583 -5.395180
46.120000 -5.070692 -14.250842 -17.886007 -12.858027 -6.794861 -7.764169 -6.729254 -5.261456 -5.590761 -5.313445 -5.543578 -5.916258 -5.438387
46.160000 -5.120092 -14.569903 -18.320301 -13.130986 -6.904268 -7.914410 -6.835011 -5.315204 -5.643618 -5.366622 -5.581701 -5.957001 -5.480953
46.200000 -5.175841 -14.900170 -18.740880 -13.412023 -7.022843 -8.073186 -6.951960 -5.375068 -5.703240 -5.426480 -5.627225 -6.004006 -5.531872
46.240000 -5.224168 -15.232846 -19.162957 -13.707645 -7.137224 -8.227991 -7.069646 -5.427616 -5.754847 -5.479910 -5.665693 -6.044729 -5.574432
46.280000 -5.278554 -15.576117 -19.588429 -14.040221 -7.261134 -8.396030 -7.182576 -5.485870 -5.813546 -5.538377 -5.711339 -6.091212 -5.621812
46.320000 -5.332676 -15.923103 -20.022597 -14.374481 -7.388530 -8.567442 -7.295536 -5.543954 -5.873151 -5.597011 -5.757015 -6.138070 -5.669117
46.360000 -5.385399 -16.277419 -20.450892 -14.719121 -7.517395 -8.742637 -7.412322 -5.600429 -5.930916 -5.651237 -5.802076 -6.183442 -5.716472
46.400000 -5.445419 -16.639680 -20.921952 -15.062876 -7.657640 -8.929556 -7.555589 -5.664189 -5.995165 -5.715972 -5.854824 -6.236510 -5.773878
46.440000 -5.496418 -17.000313 -21.415631 -15.409179 -7.792262 -9.113409 -7.702072 -5.718909 -6.051215 -5.771006 -5.898935 -6.280413 -5.822303
46.480000 -5.554212 -17.380083 -21.889098 -15.755218 -7.938607 -9.307855 -7.863441 -5.780244 -6.115002 -5.833268 -5.950414 -6.327656 -5.877761
46.520000 -5.611583 -17.759568 -22.313966 -16.116705 -8.087102 -9.509652 -8.028062 -5.841395 -6.177709 -5.895280 -6.001421 -6.374349 -5.931688
46.560000 -5.667104 -18.136397 -22.748116 -16.482460 -8.238613 -9.713440 -8.170875 -5.900419 -6.239789 -5.956661 -6.051234 -6.422488 -5.982955
46.600000 -5.730779 -18.533616 -23.225300 -16.874076 -8.401634 -9.930309 -8.324929 -5.967934 -6.309765 -6.026311 -6.108966 -6.478216 -6.041966
46.640000 -5.784064 -18.926104 -23.720100 -17.248934 -8.559996 -10.141704 -8.472637 -6.024792 -6.370327 -6.085177 -6.156888 -6.522497 -6.090976
46.680000 -5.844812 -19.331511 -24.234483 -17.641223 -8.728695 -10.366938 -8.630600 -6.089495 -6.438882 -6.148651 -6.211961 -6.574132 -6.146106
46.720000 -5.905027 -19.742768 -24.762037 -18.043276 -8.901295 -10.598695 -8.793531 -6.153620 -6.510183 -6.211071 -6.266752 -6.624999 -6.200138
46.760000 -5.963009 -20.155651 -25.278617 -18.451174 -9.076187 -10.830875 -8.957431 -6.215774 -6.581235 -6.272225 -6.319149 -6.673232 -6.248897
46.800000 -6.029942 -20.580209 -25.810567 -18.876948 -9.265081 -11.079453 -9.138616 -6.287227 -6.659707 -6.341851 -6.380234 -6.731063 -6.306625
46.840000 -6.085344 -21.008812 -26.341206 -19.282121 -9.447107 -11.319273 -9.321326 -6.347221 -6.729745 -6.402065 -6.429878 -6.777160 -6.355249
46.880000 -6.148860 -21.448903 -26.894819 -19.717596 -9.639644 -11.577804 -9.517751 -6.416074 -6.808082 -6.469639 -6.486923 -6.830596 -6.410682
46.920000 -6.211817 -21.884597 -27.450833 -20.150527 -9.838037 -11.833884 -9.721966 -6.484515 -6.889086 -6.538128 -6.543434 -6.881850 -6.465714
46.960000 -6.272267 -22.327857 -28.017094 -20.558329 -10.037763 -12.097699 -9.926093 -6.551314 -6.968424 -6.603194 -6.596671 -6.929236 -6.514994
47.000000 -6.342513 -22.788677 -28.581774 -20.950492 -10.254047 -12.379273 -10.147115 -6.628209 -7.060791 -6.680064 -6.659613 -6.986028 -6.572054
47.040000 -6.400183 -23.244951 -29.155758 -21.331178 -10.458413 -12.658147 -10.357377 -6.693565 -7.142565 -6.745153 -6.709142 -7.028861 -6.616852
47.080000 -6.466700 -23.712248 -29.741656 -21.724228 -10.678666 -12.946724 -10.587656 -6.768428 -7.235805 -6.821502 -6.767156 -7.080226 -6.670336
47.120000 -6.532720 -24.187696 -30.351001 -22.128766 -10.901871 -13.241920 -10.817020 -6.843817 -7.331362 -6.898788 -6.824020 -7.133523 -6.721897
47.160000 -6.596042 -24.655393 -30.930555 -22.526470 -11.130614 -13.523691 -11.053573 -6.917592 -7.426742 -6.975706 -6.877576 -7.188428 -6.769774
47.200000 -6.670199 -25.154675 -31.545149 -22.938766 -11.370354 -13.812388 -11.299730 -7.003220 -7.536205 -7.065416 -6.941527 -7.250397 -6.832431
47.240000 -6.730675 -25.643041 -32.251870 -23.347283 -11.601893 -14.106086 -11.544711 -7.076594 -7.635172 -7.143646 -6.991113 -7.296483 -6.882560
47.280000 -6.800956 -26.141364 -33.000050 -23.767083 -11.847909 -14.414767 -11.799434 -7.161073 -7.746486 -7.234535 -7.050071 -7.350940 -6.944913
47.320000 -6.870871 -26.640024 -33.814717 -24.185201 -12.101317 -14.734010 -12.064578 -7.246714 -7.861729 -7.327703 -7.108187 -7.413888 -7.006997
47.360000 -6.937887 -27.149067 -34.600709 -24.612046 -12.354336 -15.064106 -12.305900 -7.330824 -7.978327 -7.420695 -7.163190 -7.466291 -7.065422
47.400000 -7.017164 -27.676851 -35.390981 -25.052544 -12.620802 -15.404610 -12.537428 -7.429145 -8.110384 -7.528010 -7.229984 -7.546621 -7.137524
47.440000 -7.081252 -28.192586 -36.114349 -25.478449 -12.880051 -15.757963 -12.759885 -7.513798 -8.228992 -7.619235 -7.281561 -7.601310 -7.193260
47.480000 -7.156462 -28.728019 -36.828406 -25.929815 -13.154047 -16.152037 -12.992539 -7.611697 -8.358126 -7.720759 -7.344013 -7.660831 -7.261064
47.520000 -7.231455 -29.252434 -37.594568 -26.378477 -13.437667 -16.513908 -13.238839 -7.710965 -8.494266 -7.818519 -7.406447 -7.725270 -7.326475
47.560000 -7.303188 -29.798362 -38.336802 -26.826664 -13.711886 -16.886426 -13.468176 -7.809346 -8.630831 -7.915502 -7.465550 -7.803263 -7.384416
47.600000 -7.389160 -30.358663 -39.068688 -27.301222 -14.011987 -17.260287 -13.716067 -7.923561 -8.786713 -8.027589 -7.539309 -7.879104 -7.466809
47.640000 -7.457862 -30.910375 -39.810648 -27.765296 -14.294278 -17.640686 -13.947226 -8.023352 -8.926117 -8.124556 -7.595804 -7.937516 -7.532975
47.680000 -7.539514 -31.462504 -40.557000 -28.237444 -14.605305 -18.018823 -14.192158 -8.137550 -9.085199 -8.234082 -7.665901 -8.008320 -7.611977
47.720000 -7.621122 -32.036749 -41.283498 -28.698793 -14.907181 -18.413771 -14.444248 -8.254385 -9.244280 -8.345454 -7.736240 -8.095134 -7.683146
47.760000 -7.698835 -32.604262 -42.029644 -29.134476 -15.214464 -18.811066 -14.690076 -8.369369 -9.402806 -8.456166 -7.803260 -8.182996 -7.750423
47.800000 -7.793551 -33.203535 -42.821382 -29.593528 -15.540909 -19.229564 -15.038742 -8.504009 -9.561314 -8.606630 -7.887745 -8.280273 -7.835853
47.840000 -7.867744 -33.780787 -43.532789 -30.042411 -15.857860 -19.638049 -15.342283 -8.620398 -9.725323 -8.740718 -7.952323 -8.358853 -7.901953
47.880000 -7.957278 -34.365054 -44.242510 -30.492465 -16.192367 -20.027101 -15.688607 -8.754346 -9.909829 -8.875284 -8.032893 -8.453464 -7.984897
47.920000 -8.046949 -34.970471 -44.932419 -30.957865 -16.522149 -20.419714 -16.022904 -8.891387 -10.099171 -9.014332 -8.114133 -8.548696 -8.069117
47.960000 -8.131666 -35.574851 -45.645110 -31.421636 -16.860173 -20.847473 -16.297603 -9.024992 -10.286538 -9.148574 -8.191206 -8.640747 -8.149177
48.000000 -8.237014 -36.211298 -46.536319 -31.898829 -17.216673 -21.300077 -16.589580 -9.183395 -10.512184 -9.306854 -8.289303 -8.756406 -8.251201
48.040000 -8.317384 -36.803346 -47.507269 -32.362152 -17.568843 -21.717104 -16.857805 -9.317502 -10.690294 -9.440905 -8.363283 -8.849793 -8.329070
48.080000 -8.416083 -37.441599 -48.426771 -32.845909 -17.918118 -22.137458 -17.144583 -9.474114 -10.903909 -9.595952 -8.456014 -8.963375 -8.426761
48.120000 -8.515144 -38.065206 -49.369889 -33.325947 -18.289750 -22.606992 -17.434485 -9.631760 -11.123599 -9.757133 -8.549866 -9.076792 -8.525258
48.160000 -8.607666 -38.714522 -50.271883 -33.804798 -18.645099 -23.174973 -17.721144 -9.787982 -11.349842 -9.914011 -8.637528 -9.185751 -8.618242
48.200000 -8.725389 -39.371609 -51.178721 -34.322543 -19.052201 -23.679628 -18.039258 -9.969593 -11.599809 -10.105074 -8.751093 -9.319094 -8.737222
48.240000 -8.812489 -40.000117 -52.063805 -34.790073 -19.410669 -24.153684 -18.326611 -10.125300 -11.812908 -10.258958 -8.834398 -9.423702 -8.826124
48.280000 -8.921553 -40.656441 -53.033643 -35.295626 -19.802488 -24.664383 -18.639915 -10.304045 -12.061694 -10.434731 -8.940210 -9.549788 -8.937506
48.320000 -9.031385 -41.335109 -53.900970 -35.806604 -20.196384 -25.179578 -18.955722 -10.486880 -12.301396 -10.608486 -9.047179 -9.677963 -9.047754
48.360000 -9.132592 -42.003788 -54.778936 -36.330824 -20.591300 -25.696370 -19.266035 -10.664311 -12.551905 -10.781838 -9.145896 -9.797736 -9.142879
48.400000 -9.264788 -42.693330 -55.767006 -36.937559 -21.027362 -26.259359 -19.606612 -10.874577 -12.821011 -10.986629 -9.275981 -9.950757 -9.268134
48.440000 -9.359063 -43.365799 -56.618002 -37.515373 -21.406183 -26.784623 -19.910900 -11.050768 -13.056678 -11.163059 -9.368437 -10.073380 -9.355726
48.480000 -9.479646 -44.046957 -57.540867 -38.112846 -21.837531 -27.368824 -20.244270 -11.252942 -13.339316 -11.379229 -9.487547 -10.222151 -9.471494
48.520000 -9.601580 -44.770014 -58.504571 -38.729011 -22.253544 -27.918170 -20.581610 -11.464379 -13.619692 -11.605726 -9.608178 -10.374336 -9.589784
48.560000 -9.712006 -45.456916 -59.419525 -39.339294 -22.697580 -28.509543 -20.912538 -11.661087 -13.905550 -11.819547 -9.717617 -10.513458 -9.702723
48.600000 -9.860452 -46.191759 -60.394970 -39.986362 -23.138441 -29.095939 -21.316496 -11.905036 -14.212725 -12.086306 -9.865205 -10.692331 -9.855714
48.640000 -9.961985 -46.864700 -61.390087 -40.580995 -23.569530 -29.691679 -21.710314 -12.098300 -14.482867 -12.307621 -9.966131 -10.824958 -9.963735
48.680000 -10.094740 -47.619174 -62.311485 -41.205108 -24.008905 -30.272848 -22.106283 -12.331527 -14.776547 -12.569499 -10.098391 -10.990392 -10.104051
48.720000 -10.229674 -48.347870 -63.264598 -41.870313 -24.487253 -30.922935 -22.546578 -12.564348 -15.104126 -12.828819 -10.233025 -11.158864 -10.243390
48.760000 -10.349387 -49.075740 -64.307206 -42.493927 -24.928852 -31.504226 -22.932125 -12.790521 -15.389854 -13.078949 -10.352538 -11.303688 -10.365357
48.800000 -10.515213 -49.847526 -65.296754 -43.180128 -25.423758 -32.190695 -23.419647 -13.060764 -15.756953 -13.380453 -10.518324 -11.493779 -10.532263
48.840000 -10.624022 -50.561900 -66.259259 -43.786537 -25.870204 -32.794854 -23.794270 -13.277354 -16.038137 -13.624016 -10.627206 -11.626363 -10.643942
48.880000 -10.769548 -51.337447 -67.299359 -44.474039 -26.349609 -33.453581 -24.263574 -13.537198 -16.388851 -13.912013 -10.772925 -11.798814 -10.793423
48.920000 -10.918568 -52.109390 -68.328458 -45.139340 -26.864761 -34.123632 -24.694691 -13.797237 -16.718392 -14.159705 -10.922276 -11.971302 -10.945836
48.960000 -11.047985 -52.862418 -69.314937 -45.815440 -27.313050 -34.754871 -25.144624 -14.049155 -17.025548 -14.389629 -11.052127 -12.128891 -11.081407
49.000000 -11.233174 -53.643262 -70.480052 -46.509883 -27.871100 -35.500425 -25.634720 -14.349056 -17.409161 -14.681313 -11.237925 -12.339496 -11.271845
49.040000 -11.349506 -54.430868 -71.435646 -47.103119 -28.315566 -36.116215 -26.056976 -14.595395 -17.734673 -14.912004 -11.354955 -12.484852 -11.398233
49.080000 -11.508877 -55.209404 -72.458407 -47.743010 -28.869734 -36.797339 -26.543357 -14.872632 -18.101970 -15.207533 -11.515262 -12.671190 -11.563752
49.120000 -11.673648 -56.032149 -73.590314 -48.412912 -29.364841 -37.491002 -27.005677 -15.175871 -18.488987 -15.527255 -11.681046 -12.861338 -11.748022
49.160000 -11.813248 -56.797586 -74.641241 -49.036047 -29.888141 -38.147413 -27.501103 -15.439693 -18.841722 -15.819174 -11.821965 -13.020612 -11.901984
49.200000 -12.020235 -57.665426 -75.737469 -49.756679 -30.446653 -38.866710 -27.990290 -15.785251 -19.272220 -16.185390 -12.030361 -13.271806 -12.119400
49.240000 -12.143981 -58.431028 -76.813759 -50.384031 -30.957103 -39.523376 -28.484981 -16.044198 -19.613418 -16.469547 -12.155874 -13.430727 -12.241604
49.280000 -12.317697 -59.286253 -77.940800 -51.056297 -31.510350 -40.204288 -28.948339 -16.358501 -20.025297 -16.789644 -12.331510 -13.635918 -12.423914
49.320000 -12.499468 -60.116861 -79.010232 -51.766658 -32.052605 -40.956531 -29.505233 -16.685848 -20.445616 -17.087880 -12.515569 -13.857548 -12.619754
49.360000 -12.649464 -60.894106 -80.181710 -52.429588 -32.604776 -41.608886 -29.958894 -16.977324 -20.830528 -17.370620 -12.668117 -14.042672 -12.807867
49.400000 -12.880474 -61.832096 -81.317368 -53.156103 -33.194976 -42.408982 -30.551347 -17.365664 -21.305917 -17.719970 -12.901942 -14.320404 -13.056606
49.440000 -13.012508 -62.618961 -82.293194 -53.801752 -33.761783 -43.061162 -31.014188 -17.635705 -21.677641 -17.989736 -13.037288 -14.478049 -13.193724
49.480000 -13.203147 -63.504953 -83.524794 -54.526398 -34.292459 -43.848130 -31.549223 -17.995418 -22.128846 -18.300904 -13.231241 -14.711414 -13.397169
49.520000 -13.406434 -64.351795 -84.597764 -55.226094 -34.932803 -44.634707 -32.120483 -18.339750 -22.574643 -18.646917 -13.438647 -14.978002 -13.605505
49.560000 -13.569983 -65.231956 -85.678792 -55.924406 -35.452413 -45.437364 -32.593371 -18.672593 -22.997651 -18.939172 -13.605952 -15.199453 -13.791168
49.600000 -13.835422 -66.136536 -86.917945 -56.708908 -36.161385 -46.226211 -33.259558 -19.085063 -23.514506 -19.320646 -13.876212 -15.520611 -14.066567
