#Quasar bolometric luminosity function in different stellar mass bins from TRINITY PaperIII (Fig. 4, Zhang+2024, MNRAS, 529, 2777)
#z: 0.10
#log10(Lbol [erg/s])(0) log10(QLF_total [Mpc^-3 dex^-1])(1) log10(QLF(8<logMstar<9) [Mpc^-3 dex^-1])(2) log10(QLF(8<logMstar<9)_16th [Mpc^-3 dex^-1])(3) log10(QLF(8<logMstar<9)_84th [Mpc^-3 dex^-1])(4)
#log10(QLF(9<logMstar<10) [Mpc^-3 dex^-1])(5) log10(QLF(9<logMstar<10)_16th [Mpc^-3 dex^-1])(6) log10(QLF(9<logMstar<10)_84th [Mpc^-3 dex^-1])(7)
#log10(QLF(10<logMstar<11) [Mpc^-3 dex^-1])(8) log10(QLF(10<logMstar<11)_16th [Mpc^-3 dex^-1])(9) log10(QLF(10<logMstar<11)_84th [Mpc^-3 dex^-1])(10)
#log10(QLF(11<logMstar<12) [Mpc^-3 dex^-1])(11) log10(QLF(11<logMstar<12)_16th [Mpc^-3 dex^-1])(12) log10(QLF(11<logMstar<12)_84th [Mpc^-3 dex^-1])(13)
40.000000 -2.767491 -3.170707 -3.376194 -2.999934 -3.308393 -3.496010 -3.177576 -3.304993 -3.452451 -3.279709 -4.336828 -4.538607 -4.050162
40.040000 -2.771796 -3.174964 -3.381701 -3.002518 -3.312729 -3.496734 -3.184254 -3.309330 -3.452797 -3.285887 -4.341163 -4.543265 -4.055996
40.080000 -2.776144 -3.179276 -3.387438 -3.005857 -3.317101 -3.496632 -3.190969 -3.313701 -3.453723 -3.292101 -4.345532 -4.547959 -4.061866
40.120000 -2.781087 -3.184104 -3.393866 -3.008952 -3.322119 -3.497782 -3.196529 -3.318719 -3.454397 -3.298960 -4.350548 -4.553299 -4.068382
40.160000 -2.786647 -3.189591 -3.400884 -3.015835 -3.327728 -3.499523 -3.200978 -3.324328 -3.455708 -3.306362 -4.356153 -4.559228 -4.075446
40.200000 -2.792278 -3.195009 -3.408038 -3.024211 -3.333499 -3.501429 -3.212629 -3.330098 -3.460091 -3.313784 -4.361921 -4.565320 -4.081323
40.240000 -2.798607 -3.201135 -3.415894 -3.033987 -3.339961 -3.504028 -3.221348 -3.336559 -3.462662 -3.321896 -4.368379 -4.572102 -4.087478
40.280000 -2.805029 -3.207250 -3.423847 -3.044057 -3.346584 -3.507819 -3.229894 -3.343182 -3.464680 -3.328442 -4.374998 -4.579044 -4.093794
40.320000 -2.811586 -3.213370 -3.432046 -3.050483 -3.353428 -3.518054 -3.238579 -3.350026 -3.466345 -3.331293 -4.381839 -4.586208 -4.100331
40.360000 -2.818283 -3.219661 -3.440236 -3.054795 -3.360393 -3.528408 -3.246911 -3.356990 -3.468130 -3.341935 -4.388798 -4.593491 -4.107109
40.400000 -2.825084 -3.225658 -3.448278 -3.058832 -3.367725 -3.538760 -3.255450 -3.364321 -3.476389 -3.353513 -4.396125 -4.596621 -4.115044
40.440000 -2.832308 -3.232371 -3.455170 -3.067375 -3.375287 -3.544876 -3.265953 -3.371882 -3.487112 -3.365709 -4.403680 -4.596990 -4.123208
40.480000 -2.839654 -3.238368 -3.463674 -3.075477 -3.383528 -3.551659 -3.276034 -3.380122 -3.498514 -3.375912 -4.411914 -4.598038 -4.132052
40.520000 -2.847290 -3.245178 -3.466933 -3.083395 -3.391715 -3.558846 -3.286059 -3.388309 -3.509863 -3.381307 -4.420095 -4.599035 -4.140841
40.560000 -2.855229 -3.251313 -3.470608 -3.092103 -3.400862 -3.567698 -3.297042 -3.397455 -3.522171 -3.387249 -4.429233 -4.600991 -4.150588
40.600000 -2.863315 -3.257717 -3.469954 -3.099897 -3.410081 -3.578334 -3.308098 -3.406673 -3.531684 -3.391972 -4.438443 -4.603021 -4.160407
40.640000 -2.871707 -3.264243 -3.472123 -3.108428 -3.419740 -3.589409 -3.319592 -3.416330 -3.539987 -3.396853 -4.448092 -4.614141 -4.171683
40.680000 -2.880263 -3.270120 -3.470750 -3.114788 -3.430131 -3.601216 -3.331818 -3.426720 -3.550327 -3.406227 -4.458471 -4.627605 -4.184751
40.720000 -2.888884 -3.276892 -3.473688 -3.118164 -3.440029 -3.611396 -3.344381 -3.436616 -3.563146 -3.415244 -4.468356 -4.640628 -4.197325
40.760000 -2.897569 -3.281985 -3.481192 -3.125192 -3.451222 -3.621865 -3.360404 -3.447808 -3.575627 -3.424467 -4.479536 -4.654970 -4.211194
40.800000 -2.906432 -3.288944 -3.488946 -3.135073 -3.461429 -3.627563 -3.375440 -3.458013 -3.585664 -3.432011 -4.489727 -4.667464 -4.224013
40.840000 -2.915109 -3.293221 -3.498506 -3.143998 -3.473249 -3.634501 -3.391533 -3.469831 -3.600523 -3.435928 -4.501530 -4.674856 -4.237628
40.880000 -2.923963 -3.299543 -3.503930 -3.149729 -3.483939 -3.643366 -3.404980 -3.480518 -3.613845 -3.447720 -4.512200 -4.681392 -4.248144
40.920000 -2.932840 -3.304042 -3.516755 -3.158938 -3.496031 -3.655960 -3.419830 -3.492608 -3.628197 -3.462483 -4.524271 -4.695227 -4.258440
40.960000 -2.941738 -3.309072 -3.523580 -3.163183 -3.507816 -3.669809 -3.434371 -3.504390 -3.641753 -3.476313 -4.536032 -4.708752 -4.268107
41.000000 -2.950822 -3.314705 -3.536056 -3.169217 -3.519516 -3.679212 -3.448826 -3.516087 -3.655999 -3.490380 -4.547706 -4.722189 -4.277688
41.040000 -2.959796 -3.318906 -3.541992 -3.177131 -3.532168 -3.689477 -3.453790 -3.528735 -3.672933 -3.505240 -4.560329 -4.736584 -4.288217
41.080000 -2.968958 -3.325407 -3.542749 -3.181950 -3.543414 -3.703746 -3.463369 -3.539978 -3.687028 -3.514563 -4.571543 -4.749924 -4.299845
41.120000 -2.978138 -3.329526 -3.541787 -3.195366 -3.556618 -3.720397 -3.478189 -3.553177 -3.695663 -3.530280 -4.584712 -4.765220 -4.315162
41.160000 -2.987330 -3.336519 -3.540068 -3.201134 -3.567586 -3.734440 -3.491164 -3.564141 -3.701091 -3.545397 -4.595640 -4.779890 -4.320399
41.200000 -2.996721 -3.341039 -3.543496 -3.214620 -3.580967 -3.751840 -3.506350 -3.577518 -3.712375 -3.554076 -4.608978 -4.798868 -4.333384
41.240000 -3.005976 -3.347888 -3.541289 -3.222559 -3.592226 -3.767108 -3.519407 -3.588772 -3.724663 -3.562422 -4.620189 -4.815721 -4.344437
41.280000 -3.015433 -3.353357 -3.546640 -3.236956 -3.605046 -3.783930 -3.534019 -3.601587 -3.738299 -3.573288 -4.632957 -4.834132 -4.357186
41.320000 -3.024875 -3.359975 -3.563351 -3.247931 -3.616906 -3.799781 -3.547654 -3.613443 -3.750974 -3.580970 -4.644760 -4.851579 -4.369656
41.360000 -3.034296 -3.366636 -3.573190 -3.253042 -3.628719 -3.815571 -3.559029 -3.625253 -3.764363 -3.589126 -4.656511 -4.868611 -4.382074
41.400000 -3.043926 -3.373140 -3.596781 -3.260250 -3.641088 -3.831125 -3.566423 -3.637624 -3.779663 -3.599064 -4.668817 -4.881832 -4.394139
41.440000 -3.053388 -3.381105 -3.608329 -3.264292 -3.651879 -3.842315 -3.572982 -3.648413 -3.791910 -3.609068 -4.679535 -4.892862 -4.405543
41.480000 -3.063061 -3.387634 -3.624817 -3.271133 -3.664357 -3.852207 -3.585251 -3.660907 -3.806410 -3.620783 -4.691949 -4.905586 -4.418434
41.520000 -3.072737 -3.396915 -3.640845 -3.277916 -3.674389 -3.858043 -3.592923 -3.670946 -3.819862 -3.630050 -4.701899 -4.915845 -4.424456
41.560000 -3.082410 -3.404125 -3.654760 -3.289402 -3.686273 -3.866531 -3.604461 -3.682875 -3.834740 -3.641217 -4.713731 -4.927984 -4.431301
41.600000 -3.092304 -3.413940 -3.666396 -3.298048 -3.696220 -3.875870 -3.615216 -3.692871 -3.847682 -3.649106 -4.723618 -4.938176 -4.436739
41.640000 -3.101881 -3.422044 -3.670131 -3.321435 -3.707105 -3.887094 -3.626884 -3.703838 -3.861299 -3.655566 -4.734464 -4.949326 -4.443885
41.680000 -3.111674 -3.432103 -3.675243 -3.346477 -3.716587 -3.895161 -3.637080 -3.713460 -3.874472 -3.660708 -4.743953 -4.959116 -4.449705
41.720000 -3.121443 -3.441509 -3.679141 -3.358314 -3.726623 -3.900768 -3.645835 -3.723634 -3.885778 -3.666474 -4.753980 -4.969441 -4.456096
41.760000 -3.131182 -3.451410 -3.695863 -3.383919 -3.736065 -3.900124 -3.651877 -3.733374 -3.896876 -3.671997 -4.763557 -4.979314 -4.462075
41.800000 -3.141144 -3.462729 -3.723401 -3.410480 -3.744678 -3.900330 -3.656122 -3.742209 -3.907094 -3.676659 -4.772212 -4.988262 -4.467173
41.840000 -3.150813 -3.472682 -3.754287 -3.427731 -3.753796 -3.900861 -3.661777 -3.751900 -3.920629 -3.682224 -4.781704 -4.998044 -4.473253
41.880000 -3.160701 -3.485572 -3.768792 -3.438447 -3.760768 -3.906252 -3.667774 -3.759275 -3.932394 -3.685522 -4.788858 -5.006176 -4.477259
41.920000 -3.170590 -3.496933 -3.785332 -3.453983 -3.768865 -3.917036 -3.676519 -3.768299 -3.942982 -3.690524 -4.797639 -5.016157 -4.484080
41.960000 -3.180475 -3.510498 -3.800419 -3.467389 -3.774981 -3.924624 -3.682643 -3.775415 -3.951040 -3.693675 -4.804486 -5.025502 -4.490279
42.000000 -3.190591 -3.523653 -3.817720 -3.482446 -3.781882 -3.932605 -3.690783 -3.783418 -3.959976 -3.697776 -4.812191 -5.035696 -4.497376
42.040000 -3.200658 -3.538305 -3.833920 -3.499193 -3.787070 -3.941327 -3.695693 -3.790442 -3.967869 -3.702360 -4.818888 -5.044874 -4.503682
42.080000 -3.210965 -3.553322 -3.848971 -3.514352 -3.792711 -3.949275 -3.702268 -3.797459 -3.975490 -3.707070 -4.825544 -5.054001 -4.509952
42.120000 -3.221327 -3.569009 -3.869426 -3.551590 -3.797332 -3.957251 -3.706305 -3.804720 -3.983336 -3.712110 -4.832406 -5.063322 -4.516431
42.160000 -3.231741 -3.586280 -3.882292 -3.572746 -3.801319 -3.963288 -3.710884 -3.810514 -3.989694 -3.715780 -4.837762 -5.071126 -4.517704
42.200000 -3.242412 -3.603480 -3.897569 -3.588551 -3.805084 -3.970194 -3.714925 -3.817813 -3.997534 -3.721056 -4.844579 -5.080375 -4.519732
42.240000 -3.252789 -3.622759 -3.910121 -3.600517 -3.807398 -3.975378 -3.717119 -3.822739 -4.002980 -3.724066 -4.848973 -5.087188 -4.519878
42.280000 -3.263421 -3.642025 -3.927017 -3.618893 -3.809674 -3.979531 -3.720740 -3.829047 -4.011720 -3.729257 -4.854699 -5.095316 -4.524612
42.320000 -3.274116 -3.663233 -3.962628 -3.639813 -3.810654 -3.984615 -3.723900 -3.834617 -4.019694 -3.733913 -4.859630 -5.102628 -4.530944
42.360000 -3.284873 -3.684984 -3.989362 -3.661842 -3.812293 -3.989317 -3.724437 -3.839651 -4.027102 -3.736221 -4.863962 -5.109324 -4.536956
42.400000 -3.295904 -3.708578 -4.015144 -3.683930 -3.812202 -3.996236 -3.732723 -3.845588 -4.035379 -3.738962 -4.869130 -5.116625 -4.543859
42.440000 -3.306862 -3.733000 -4.044573 -3.704382 -3.813161 -3.994986 -3.732758 -3.850043 -4.042496 -3.739726 -4.872744 -5.122215 -4.549269
42.480000 -3.318103 -3.758818 -4.079081 -3.727508 -3.812982 -3.997250 -3.735482 -3.855766 -4.050865 -3.741829 -4.877547 -5.128976 -4.555929
42.520000 -3.329604 -3.786483 -4.129571 -3.750457 -3.813639 -3.995419 -3.738300 -3.860363 -4.058073 -3.742883 -4.881139 -5.134505 -4.559724
42.560000 -3.341377 -3.815203 -4.181292 -3.779811 -3.813972 -3.995839 -3.739712 -3.866072 -4.066355 -3.745133 -4.885753 -5.141032 -4.564412
42.600000 -3.353479 -3.846214 -4.217702 -3.809556 -3.814639 -4.003633 -3.744817 -3.871270 -4.074083 -3.746962 -4.889757 -5.146925 -4.569688
42.640000 -3.365528 -3.877902 -4.254136 -3.837013 -3.815740 -4.022409 -3.747691 -3.876454 -4.081751 -3.748874 -4.893642 -5.152668 -4.575458
42.680000 -3.377921 -3.912118 -4.277213 -3.860116 -3.816041 -4.022716 -3.748723 -3.882531 -4.089293 -3.751782 -4.898307 -5.159161 -4.582106
42.720000 -3.390455 -3.947040 -4.335197 -3.886166 -3.818751 -4.025178 -3.755079 -3.887244 -4.094829 -3.753440 -4.901490 -5.164136 -4.586566
42.760000 -3.403133 -3.984455 -4.380900 -3.921628 -3.819828 -4.029583 -3.758857 -3.893564 -4.101853 -3.759200 -4.906153 -5.170550 -4.591411
42.800000 -3.416192 -4.023199 -4.421199 -3.955370 -3.823264 -4.030385 -3.764238 -3.898924 -4.107790 -3.769934 -4.909719 -5.175826 -4.595212
42.840000 -3.429329 -4.063395 -4.469308 -3.997494 -3.826858 -4.030822 -3.771862 -3.904809 -4.114117 -3.781694 -4.913669 -5.181436 -4.599449
42.880000 -3.442876 -4.105890 -4.528582 -4.041237 -3.831333 -4.030435 -3.781034 -3.910897 -4.120741 -3.794163 -4.917674 -5.187052 -4.603798
42.920000 -3.456546 -4.149305 -4.588745 -4.080713 -3.837264 -4.028835 -3.796601 -3.916678 -4.128621 -3.806825 -4.921212 -5.192141 -4.607737
42.960000 -3.470337 -4.195156 -4.655419 -4.110511 -3.843038 -4.035898 -3.808923 -3.923131 -4.137169 -3.820660 -4.925260 -5.197679 -4.612865
43.000000 -3.484581 -4.242092 -4.722698 -4.143460 -3.851188 -4.055787 -3.816722 -3.929096 -4.145227 -3.828478 -4.928657 -5.202496 -4.618214
43.040000 -3.498838 -4.291520 -4.791525 -4.178467 -3.858668 -4.063473 -3.830155 -3.936160 -4.154355 -3.834705 -4.932963 -5.208148 -4.624712
43.080000 -3.513579 -4.342131 -4.859439 -4.217466 -3.868789 -4.071368 -3.853699 -3.942498 -4.162758 -3.839970 -4.936389 -5.212840 -4.630575
43.120000 -3.528590 -4.395273 -4.929908 -4.264038 -3.878777 -4.085048 -3.862971 -3.950095 -4.172377 -3.848633 -4.940867 -5.218297 -4.637733
43.160000 -3.543882 -4.450030 -5.001504 -4.309335 -3.890342 -4.102250 -3.877043 -3.957493 -4.181761 -3.860425 -4.944995 -5.223098 -4.644788
43.200000 -3.559732 -4.506245 -5.074420 -4.357162 -3.903817 -4.123391 -3.885041 -3.965033 -4.191268 -3.872649 -4.949050 -5.227715 -4.651043
43.240000 -3.575621 -4.564558 -5.144705 -4.392801 -3.917585 -4.136755 -3.900934 -3.973029 -4.201110 -3.882341 -4.953420 -5.232526 -4.653571
43.280000 -3.592113 -4.624234 -5.213473 -4.440019 -3.933687 -4.149897 -3.912002 -3.980849 -4.210780 -3.891813 -4.957408 -5.236828 -4.655844
43.320000 -3.608957 -4.686163 -5.284087 -4.496572 -3.950364 -4.175445 -3.925945 -3.989524 -4.220321 -3.901674 -4.962097 -5.241695 -4.658950
43.360000 -3.626168 -4.749695 -5.357907 -4.544004 -3.968779 -4.208976 -3.937924 -3.998046 -4.228476 -3.913741 -4.966586 -5.246217 -4.661999
43.400000 -3.644090 -4.815097 -5.437944 -4.592222 -3.988545 -4.234921 -3.952667 -4.007521 -4.236552 -3.926298 -4.971623 -5.251135 -4.665745
43.440000 -3.662152 -4.882566 -5.519578 -4.649336 -4.009348 -4.265978 -3.971228 -4.016956 -4.243909 -3.938969 -4.976871 -5.256102 -4.669858
43.480000 -3.680998 -4.951814 -5.602630 -4.706486 -4.031613 -4.297706 -3.991321 -4.027389 -4.253249 -3.954027 -4.982628 -5.261411 -4.674644
43.520000 -3.700387 -5.022979 -5.686867 -4.766321 -4.055744 -4.332437 -4.010062 -4.037893 -4.260666 -3.965274 -4.988671 -5.266826 -4.680412
43.560000 -3.720354 -5.095646 -5.772334 -4.809466 -4.081331 -4.368170 -4.024917 -4.049013 -4.266682 -3.978409 -4.994967 -5.272308 -4.687063
43.600000 -3.741285 -5.170082 -5.858741 -4.861272 -4.109468 -4.408178 -4.048195 -4.060523 -4.269779 -3.986990 -5.001726 -5.278061 -4.694484
43.640000 -3.762136 -5.246067 -5.946341 -4.922646 -4.138072 -4.449937 -4.078899 -4.072215 -4.272226 -3.993728 -5.008552 -5.283675 -4.704240
43.680000 -3.784039 -5.323215 -6.032766 -4.993156 -4.169490 -4.492771 -4.108985 -4.084411 -4.275836 -4.003850 -5.015625 -5.289329 -4.716881
43.720000 -3.806354 -5.403248 -6.121110 -5.066482 -4.201855 -4.539241 -4.140205 -4.097198 -4.290894 -4.012996 -5.024056 -5.296122 -4.733575
43.760000 -3.829084 -5.482455 -6.208106 -5.139457 -4.236195 -4.589862 -4.168046 -4.110305 -4.303103 -4.022853 -5.031104 -5.301790 -4.753171
43.800000 -3.853070 -5.566013 -6.298230 -5.217324 -4.272812 -4.643969 -4.197095 -4.124446 -4.319364 -4.035602 -5.040978 -5.315308 -4.772888
43.840000 -3.876648 -5.648411 -6.386958 -5.286869 -4.309604 -4.700322 -4.233555 -4.138773 -4.328499 -4.054359 -5.049249 -5.327145 -4.782336
43.880000 -3.901579 -5.733296 -6.477167 -5.355473 -4.350423 -4.758423 -4.269455 -4.153491 -4.351738 -4.077117 -5.058793 -5.340172 -4.793097
43.920000 -3.926997 -5.819400 -6.569094 -5.425886 -4.391610 -4.820336 -4.299044 -4.169619 -4.363905 -4.100255 -5.068882 -5.353653 -4.808333
43.960000 -3.952898 -5.905500 -6.659972 -5.498699 -4.436333 -4.883203 -4.334550 -4.185435 -4.382376 -4.120836 -5.078407 -5.366478 -4.823442
44.000000 -3.980443 -5.995246 -6.753721 -5.575117 -4.482729 -4.946156 -4.372264 -4.203648 -4.397197 -4.133160 -5.090422 -5.381692 -4.841130
44.040000 -4.007274 -6.082889 -6.844761 -5.652856 -4.530733 -5.006928 -4.411246 -4.221045 -4.416414 -4.138862 -5.100274 -5.394642 -4.856749
44.080000 -4.035872 -6.175678 -6.939299 -5.735918 -4.581857 -5.074551 -4.453102 -4.240201 -4.438406 -4.151479 -5.113743 -5.411006 -4.876478
44.120000 -4.064959 -6.265559 -7.031536 -5.819401 -4.633906 -5.141664 -4.491812 -4.261001 -4.460537 -4.172299 -5.124706 -5.424483 -4.893513
44.160000 -4.094500 -6.360153 -7.126026 -5.908375 -4.689292 -5.212386 -4.526925 -4.281579 -4.484202 -4.196329 -5.138662 -5.440821 -4.913490
44.200000 -4.126197 -6.454315 -7.221106 -6.000313 -4.746251 -5.283511 -4.572797 -4.305769 -4.498298 -4.214681 -5.152656 -5.457058 -4.933359
44.240000 -4.156763 -6.549566 -7.314433 -6.095007 -4.805409 -5.354429 -4.629420 -4.328441 -4.514850 -4.230969 -5.166024 -5.472538 -4.952307
44.280000 -4.189644 -6.647046 -7.413252 -6.189933 -4.866711 -5.427556 -4.682745 -4.354436 -4.543641 -4.254812 -5.181428 -5.489895 -4.974096
44.320000 -4.223134 -6.745067 -7.532367 -6.288687 -4.930812 -5.501433 -4.729604 -4.381392 -4.559696 -4.282181 -5.196464 -5.506746 -4.994891
44.360000 -4.257166 -6.845550 -7.657000 -6.391178 -4.996341 -5.578314 -4.778741 -4.409377 -4.588588 -4.315962 -5.212884 -5.524279 -5.017381
44.400000 -4.294093 -6.947962 -7.787486 -6.497324 -5.065627 -5.659855 -4.835510 -4.441128 -4.623937 -4.353924 -5.230614 -5.538552 -5.040625
44.440000 -4.328671 -7.051963 -7.914493 -6.599718 -5.134991 -5.741645 -4.893150 -4.470473 -4.666508 -4.376237 -5.247859 -5.552274 -5.063419
44.480000 -4.366242 -7.155814 -8.039698 -6.703896 -5.206042 -5.824150 -4.951942 -4.504418 -4.709669 -4.409091 -5.264985 -5.565675 -5.085547
44.520000 -4.404067 -7.265233 -8.150795 -6.814341 -5.280907 -5.910001 -5.013896 -4.538237 -4.746547 -4.444134 -5.284869 -5.581776 -5.107010
44.560000 -4.441894 -7.372213 -8.260124 -6.924795 -5.354370 -5.994035 -5.073984 -4.573495 -4.779280 -4.468267 -5.302367 -5.594289 -5.123450
44.600000 -4.483334 -7.486921 -8.394008 -7.037771 -5.433546 -6.081389 -5.135286 -4.612634 -4.817183 -4.498193 -5.323993 -5.610277 -5.143647
44.640000 -4.521648 -7.598608 -8.536459 -7.141367 -5.509764 -6.158747 -5.191672 -4.649398 -4.860226 -4.522238 -5.342117 -5.622748 -5.162395
44.680000 -4.563672 -7.715868 -8.686560 -7.245088 -5.589997 -6.238928 -5.258028 -4.690760 -4.912979 -4.556034 -5.362709 -5.637440 -5.183256
44.720000 -4.605957 -7.835412 -8.840586 -7.351357 -5.671686 -6.319486 -5.331370 -4.732749 -4.968427 -4.598249 -5.384262 -5.659095 -5.204213
44.760000 -4.648128 -7.956726 -8.999812 -7.458451 -5.752892 -6.398619 -5.403770 -4.775643 -5.021997 -4.628744 -5.404268 -5.679216 -5.223939
44.800000 -4.694838 -8.086105 -9.168004 -7.583356 -5.840337 -6.482861 -5.479755 -4.823330 -5.083903 -4.666351 -5.429728 -5.696153 -5.251099
44.840000 -4.736673 -8.211216 -9.336195 -7.696457 -5.921568 -6.560134 -5.550070 -4.867422 -5.133454 -4.699592 -5.448317 -5.704541 -5.271555
44.880000 -4.782972 -8.345101 -9.506629 -7.817658 -6.009326 -6.642918 -5.630323 -4.916150 -5.188595 -4.748622 -5.472536 -5.722184 -5.291778
44.920000 -4.829311 -8.480027 -9.664291 -7.939696 -6.095916 -6.723861 -5.703889 -4.966200 -5.242991 -4.799748 -5.494977 -5.739629 -5.314006
44.960000 -4.875088 -8.618876 -9.822036 -8.095456 -6.182629 -6.804098 -5.777900 -5.016368 -5.301096 -4.852183 -5.516801 -5.755637 -5.336832
45.000000 -4.926264 -8.765463 -9.985093 -8.272638 -6.274524 -6.889036 -5.859379 -5.072738 -5.363316 -4.902071 -5.543875 -5.778105 -5.370920
45.040000 -4.971301 -8.908739 -10.146519 -8.454065 -6.360122 -6.966977 -5.934945 -5.124183 -5.417702 -4.952657 -5.563606 -5.797965 -5.396331
45.080000 -5.021554 -9.060573 -10.333328 -8.646682 -6.451551 -7.050046 -6.017051 -5.181555 -5.480315 -5.010207 -5.588872 -5.829701 -5.420534
45.120000 -5.071724 -9.216449 -10.531227 -8.846204 -6.542221 -7.132478 -6.098920 -5.239929 -5.548527 -5.061919 -5.613717 -5.863556 -5.442770
45.160000 -5.120977 -9.375200 -10.735223 -9.036217 -6.632688 -7.215490 -6.181310 -5.298376 -5.620665 -5.119852 -5.637575 -5.898186 -5.473497
45.200000 -5.176539 -9.544259 -10.941129 -9.206155 -6.728797 -7.308073 -6.269668 -5.364336 -5.699574 -5.185190 -5.667559 -5.938689 -5.514165
45.240000 -5.224818 -9.708482 -11.144568 -9.413454 -6.818091 -7.393661 -6.352036 -5.424037 -5.772333 -5.247915 -5.690538 -5.959767 -5.552882
45.280000 -5.279142 -9.884346 -11.330120 -9.628019 -6.913190 -7.485814 -6.440457 -5.491265 -5.852127 -5.315406 -5.719262 -6.002761 -5.592235
45.320000 -5.333174 -10.062934 -11.572861 -9.790638 -7.007757 -7.577442 -6.529969 -5.559389 -5.931680 -5.386963 -5.748141 -6.035586 -5.627988
45.360000 -5.385772 -10.246600 -11.773838 -9.953209 -7.100793 -7.668686 -6.618656 -5.627098 -6.010630 -5.446886 -5.776397 -6.084347 -5.664610
45.400000 -5.445630 -10.437751 -12.021788 -10.126328 -7.200726 -7.767173 -6.714824 -5.703651 -6.097413 -5.515559 -5.812059 -6.140373 -5.707215
45.440000 -5.496345 -10.627613 -12.264154 -10.294948 -7.292577 -7.858626 -6.803363 -5.772406 -6.175899 -5.575387 -5.839172 -6.176724 -5.744903
45.480000 -5.553774 -10.826090 -12.514346 -10.472938 -7.389818 -7.956735 -6.898056 -5.848601 -6.259566 -5.643314 -5.874452 -6.210996 -5.790153
45.520000 -5.610728 -11.032155 -12.754555 -10.654747 -7.487431 -8.058532 -6.994016 -5.926000 -6.341423 -5.712745 -5.909618 -6.242842 -5.841449
45.560000 -5.665784 -11.238245 -13.037310 -10.838062 -7.583192 -8.161834 -7.087894 -6.002408 -6.421534 -5.780146 -5.944116 -6.274717 -5.890565
45.600000 -5.728847 -11.456751 -13.318889 -11.033814 -7.686530 -8.276401 -7.191198 -6.088165 -6.509827 -5.858865 -5.987461 -6.328925 -5.936859
45.640000 -5.781963 -11.671217 -13.588028 -11.258681 -7.781374 -8.381660 -7.286198 -6.165057 -6.587819 -5.931805 -6.021888 -6.374039 -5.981688
45.680000 -5.842494 -11.896980 -13.875810 -11.514631 -7.882100 -8.494307 -7.391087 -6.250162 -6.672997 -6.018007 -6.064977 -6.427843 -6.030862
45.720000 -5.902558 -12.130291 -14.162312 -11.770912 -7.984151 -8.593078 -7.496131 -6.335231 -6.756938 -6.108972 -6.108928 -6.480439 -6.078091
45.760000 -5.960502 -12.359155 -14.459101 -12.028164 -8.082679 -8.691635 -7.589791 -6.419206 -6.839179 -6.198077 -6.151683 -6.534143 -6.118846
45.800000 -6.027386 -12.608710 -14.776664 -12.276042 -8.192944 -8.812959 -7.685912 -6.512898 -6.939063 -6.297774 -6.204346 -6.595430 -6.169178
45.840000 -6.082982 -12.845092 -15.072788 -12.490973 -8.290364 -8.922639 -7.769427 -6.595155 -7.026826 -6.375677 -6.247097 -6.645336 -6.214822
45.880000 -6.146755 -13.103809 -15.424351 -12.733366 -8.397458 -9.044707 -7.863901 -6.686087 -7.123062 -6.461733 -6.298936 -6.712210 -6.272559
45.920000 -6.210196 -13.357015 -15.760873 -12.966613 -8.505464 -9.165605 -7.961972 -6.776967 -7.215961 -6.547679 -6.351377 -6.774853 -6.328186
45.960000 -6.271439 -13.619940 -16.097147 -13.193103 -8.611024 -9.289074 -8.078225 -6.865730 -7.300104 -6.634974 -6.402545 -6.839566 -6.384505
46.000000 -6.342759 -13.890782 -16.451592 -13.442067 -8.729859 -9.424621 -8.208555 -6.964258 -7.393066 -6.734095 -6.464730 -6.915582 -6.449369
46.040000 -6.401747 -14.162434 -16.768514 -13.736253 -8.834578 -9.552084 -8.331083 -7.050217 -7.473010 -6.818868 -6.515431 -6.978162 -6.503655
46.080000 -6.470025 -14.442775 -17.132633 -14.027245 -8.952718 -9.690236 -8.462434 -7.144471 -7.561980 -6.906781 -6.576346 -7.051761 -6.572337
46.120000 -6.537961 -14.727550 -17.469608 -14.320166 -9.069107 -9.830412 -8.598389 -7.238633 -7.650891 -6.992545 -6.637458 -7.125164 -6.633781
46.160000 -6.603246 -15.015273 -17.848870 -14.630027 -9.187732 -9.972683 -8.719805 -7.329221 -7.736220 -7.075254 -6.696648 -7.193259 -6.696194
46.200000 -6.680111 -15.317158 -18.202821 -14.945568 -9.316968 -10.126602 -8.848305 -7.431079 -7.840594 -7.169227 -6.767986 -7.271841 -6.779737
46.240000 -6.742564 -15.618053 -18.600247 -15.259116 -9.435501 -10.272633 -8.977419 -7.517219 -7.928851 -7.248526 -6.825581 -7.337367 -6.849086
46.280000 -6.815532 -15.921600 -19.020641 -15.568933 -9.565645 -10.430124 -9.114851 -7.613763 -8.022116 -7.338804 -6.894103 -7.411435 -6.921039
46.320000 -6.888223 -16.242208 -19.386917 -15.853760 -9.698261 -10.592736 -9.252283 -7.709218 -8.116962 -7.433058 -6.962839 -7.485959 -6.995622
46.360000 -6.957842 -16.548094 -19.727881 -16.114954 -9.830885 -10.770033 -9.398561 -7.800243 -8.201869 -7.523551 -7.029020 -7.553411 -7.064663
46.400000 -7.040791 -16.894458 -20.120944 -16.400468 -9.977713 -10.951434 -9.573557 -7.904294 -8.300216 -7.627095 -7.108890 -7.634162 -7.150233
46.440000 -7.107119 -17.207591 -20.529919 -16.679642 -10.112480 -11.125123 -9.730949 -7.990072 -8.379717 -7.708674 -7.172593 -7.696966 -7.216999
46.480000 -7.185436 -17.555098 -20.981026 -17.028734 -10.259655 -11.325985 -9.904727 -8.087933 -8.475873 -7.797293 -7.248553 -7.772535 -7.298682
46.520000 -7.263429 -17.889184 -21.423861 -17.342155 -10.413147 -11.514897 -10.084677 -8.184060 -8.579827 -7.886022 -7.324531 -7.846814 -7.379135
46.560000 -7.337578 -18.240656 -21.885178 -17.680583 -10.561703 -11.682902 -10.269820 -8.276231 -8.672085 -7.971459 -7.396951 -7.917508 -7.455223
46.600000 -7.427048 -18.605195 -22.390000 -18.059078 -10.733821 -11.904674 -10.478040 -8.382300 -8.777456 -8.076744 -7.484987 -8.010492 -7.548303
46.640000 -7.497273 -18.956780 -22.888515 -18.426648 -10.884287 -12.112769 -10.648239 -8.469005 -8.865146 -8.166806 -7.554006 -8.085099 -7.621498
46.680000 -7.581084 -19.328232 -23.386300 -18.815329 -11.057347 -12.336024 -10.807298 -8.568684 -8.965604 -8.262413 -7.636857 -8.172413 -7.708363
46.720000 -7.664419 -19.692758 -23.857240 -19.212453 -11.229186 -12.564643 -10.966296 -8.666843 -9.067269 -8.363230 -7.719409 -8.251327 -7.794153
46.760000 -7.742823 -20.082632 -24.352735 -19.601782 -11.403758 -12.791525 -11.123780 -8.760170 -9.164651 -8.467130 -7.797255 -8.325360 -7.867273
46.800000 -7.838570 -20.465665 -24.844064 -19.982524 -11.595820 -13.040417 -11.300991 -8.869745 -9.280720 -8.581708 -7.892561 -8.415170 -7.957350
46.840000 -7.912075 -20.862548 -25.353217 -20.306283 -11.771982 -13.269006 -11.464620 -8.957493 -9.381666 -8.664961 -7.965805 -8.479759 -8.028434
46.880000 -8.000607 -21.241372 -25.844220 -20.650403 -11.967220 -13.517451 -11.666037 -9.059485 -9.498955 -8.761178 -8.054145 -8.558100 -8.118285
46.920000 -8.088602 -21.667015 -26.381812 -20.991513 -12.163684 -13.770807 -11.871369 -9.161511 -9.616942 -8.851993 -8.142085 -8.635723 -8.207628
46.960000 -8.170727 -22.056332 -27.016127 -21.331002 -12.364454 -14.022025 -12.082539 -9.256858 -9.731378 -8.937700 -8.224219 -8.706762 -8.292071
47.000000 -8.272091 -22.503670 -27.599302 -21.735559 -12.579872 -14.297305 -12.318064 -9.372421 -9.866014 -9.044411 -8.325612 -8.799953 -8.395346
47.040000 -8.348312 -22.898742 -28.229937 -22.115737 -12.784334 -14.557529 -12.514854 -9.462584 -9.979024 -9.126525 -8.401962 -8.875028 -8.473711
47.080000 -8.440820 -23.333337 -28.825091 -22.533381 -12.999083 -14.836721 -12.738465 -9.569675 -10.107379 -9.225624 -8.494498 -8.958529 -8.570056
47.120000 -8.532660 -23.775880 -29.434523 -22.936660 -13.230718 -15.120124 -12.971444 -9.676775 -10.235329 -9.344752 -8.586439 -9.050318 -8.665950
47.160000 -8.617620 -24.205107 -30.010235 -23.342046 -13.445585 -15.408127 -13.183741 -9.777333 -10.360797 -9.466538 -8.671410 -9.137842 -8.754791
47.200000 -8.723346 -24.681171 -30.559251 -23.785756 -13.700420 -15.759600 -13.411842 -9.900217 -10.502550 -9.593516 -8.777129 -9.245683 -8.864209
47.240000 -8.801780 -25.095786 -31.153201 -24.156589 -13.920023 -16.124854 -13.607986 -9.996042 -10.621067 -9.687739 -8.855499 -9.327229 -8.944727
47.280000 -8.897571 -25.589312 -31.700139 -24.550692 -14.171220 -16.426480 -13.837181 -10.111809 -10.770543 -9.800836 -8.951111 -9.427397 -9.033737
47.320000 -8.992621 -26.028522 -32.402896 -24.929199 -14.422800 -16.750284 -14.099305 -10.226517 -10.910102 -9.915626 -9.045984 -9.526989 -9.122046
47.360000 -9.079951 -26.532945 -33.173281 -25.344677 -14.671240 -17.051862 -14.358092 -10.337248 -11.046717 -10.024547 -9.132935 -9.618916 -9.207983
47.400000 -9.189377 -26.989751 -33.895765 -25.792913 -14.949774 -17.399978 -14.644105 -10.469918 -11.216736 -10.157733 -9.242026 -9.733200 -9.316232
47.440000 -9.269587 -27.486891 -34.735301 -26.227319 -15.196133 -17.707835 -14.909747 -10.577128 -11.359408 -10.271627 -9.321689 -9.818183 -9.387799
47.480000 -9.368045 -27.965177 -35.428657 -26.692448 -15.481741 -18.038275 -15.205236 -10.703477 -11.519065 -10.404024 -9.419630 -9.919972 -9.479228
47.520000 -9.465809 -28.483512 -36.028765 -27.163517 -15.749720 -18.352889 -15.503380 -10.832325 -11.679365 -10.529869 -9.516724 -10.022905 -9.572687
47.560000 -9.555300 -28.975811 -36.679216 -27.624604 -16.041675 -18.676789 -15.789288 -10.955061 -11.824141 -10.668294 -9.605512 -10.119098 -9.662954
47.600000 -9.668148 -29.490417 -37.295050 -28.113015 -16.332402 -19.067042 -16.090276 -11.103470 -11.998043 -10.826624 -9.717625 -10.240286 -9.778215
47.640000 -9.750032 -30.017381 -37.940425 -28.583434 -16.625928 -19.453052 -16.376623 -11.225148 -12.170957 -10.945278 -9.798684 -10.331234 -9.865652
47.680000 -9.851028 -30.514982 -38.635500 -29.056420 -16.918529 -19.861483 -16.698072 -11.366411 -12.355860 -11.086388 -9.898982 -10.438932 -9.972102
47.720000 -9.951361 -31.094821 -39.357380 -29.536221 -17.240067 -20.313306 -17.012235 -11.513499 -12.535820 -11.230653 -9.998494 -10.541519 -10.078318
47.760000 -10.042835 -31.570538 -40.083301 -30.011303 -17.535441 -20.701249 -17.292443 -11.651085 -12.714728 -11.370411 -10.089347 -10.636855 -10.169818
47.800000 -10.158861 -32.179719 -40.819823 -30.477112 -17.874254 -21.148600 -17.613602 -11.820541 -12.936332 -11.538065 -10.204674 -10.757173 -10.285748
47.840000 -10.242597 -32.667923 -41.508119 -30.906959 -18.185145 -21.496562 -17.910939 -11.957064 -13.126643 -11.676420 -10.287933 -10.846376 -10.368351
47.880000 -10.346430 -33.278900 -42.189968 -31.343418 -18.510122 -21.975760 -18.225152 -12.120957 -13.323464 -11.844056 -10.391279 -10.957600 -10.472318
47.920000 -10.449800 -33.803704 -42.946602 -31.790369 -18.864104 -22.390957 -18.531075 -12.284558 -13.521139 -12.040876 -10.494360 -11.069556 -10.574224
47.960000 -10.543897 -34.382684 -43.635287 -32.236388 -19.179671 -22.854191 -18.815552 -12.444664 -13.712793 -12.216555 -10.588304 -11.172686 -10.667968
48.000000 -10.664188 -34.973824 -44.438314 -32.703142 -19.565686 -23.320569 -19.137427 -12.633903 -13.948330 -12.398670 -10.708540 -11.303078 -10.788341
48.040000 -10.750437 -35.528720 -45.094674 -33.192732 -19.877307 -23.768484 -19.428797 -12.791420 -14.150118 -12.578089 -10.795041 -11.398947 -10.878205
48.080000 -10.858169 -36.155033 -45.891702 -33.761908 -20.270486 -24.251314 -19.746003 -12.977070 -14.385550 -12.764175 -10.903043 -11.519131 -10.990313
48.120000 -10.965803 -36.701378 -46.614736 -34.255534 -20.608594 -24.714198 -20.074050 -13.161862 -14.632291 -12.941109 -11.011347 -11.640105 -11.098895
48.160000 -11.063678 -37.351823 -47.428054 -34.850629 -20.994809 -25.218475 -20.385454 -13.346012 -14.874845 -13.133429 -11.109927 -11.752848 -11.201701
48.200000 -11.190231 -37.913121 -48.175807 -35.345841 -21.373831 -25.690875 -20.738486 -13.555935 -15.150123 -13.353426 -11.237596 -11.906065 -11.330214
48.240000 -11.280123 -38.589289 -48.928939 -35.965920 -21.746696 -26.229103 -21.044070 -13.740066 -15.376032 -13.518646 -11.328721 -12.026480 -11.426526
48.280000 -11.393611 -39.138010 -49.737261 -36.448262 -22.141528 -26.687414 -21.390279 -13.943900 -15.622029 -13.713639 -11.443791 -12.172018 -11.544163
48.320000 -11.507513 -39.824966 -50.528309 -37.104907 -22.532773 -27.231833 -21.720806 -14.158455 -15.881849 -13.933331 -11.559600 -12.320975 -11.664577
48.360000 -11.610743 -40.403734 -51.362606 -37.598352 -22.938632 -27.695113 -22.058860 -14.360585 -16.124403 -14.151246 -11.664949 -12.450912 -11.775355
48.400000 -11.746423 -41.094906 -52.186259 -38.233830 -23.339004 -28.264603 -22.411612 -14.601739 -16.445937 -14.394053 -11.803321 -12.604590 -11.917587
48.440000 -11.841317 -41.718561 -52.978701 -38.792522 -23.772341 -28.764479 -22.743047 -14.804811 -16.723850 -14.589973 -11.901003 -12.723085 -12.018530
48.480000 -11.962916 -42.353782 -53.926398 -39.371440 -24.149770 -29.336914 -23.094459 -15.036841 -17.046147 -14.801104 -12.026144 -12.865267 -12.134998
48.520000 -12.085543 -43.057144 -54.699317 -40.000932 -24.624155 -29.877162 -23.456324 -15.276633 -17.358107 -15.034378 -12.152435 -13.010890 -12.253992
48.560000 -12.195667 -43.648384 -55.704704 -40.524209 -25.000767 -30.457783 -23.802947 -15.501597 -17.675077 -15.235807 -12.267052 -13.143797 -12.357228
48.600000 -12.343563 -44.437138 -56.517057 -41.236102 -25.498796 -31.107420 -24.182493 -15.775674 -18.016686 -15.500788 -12.419679 -13.322598 -12.526544
48.640000 -12.444130 -44.996537 -57.484841 -41.720514 -25.891605 -31.680415 -24.533195 -15.995835 -18.333611 -15.698329 -12.525815 -13.450408 -12.630116
48.680000 -12.575234 -45.777722 -58.371749 -42.457510 -26.370105 -32.367655 -24.920878 -16.260750 -18.665706 -15.948746 -12.662957 -13.612131 -12.771094
48.720000 -12.708207 -46.381800 -59.319945 -42.978933 -26.817321 -32.960856 -25.302006 -16.519869 -19.017780 -16.190078 -12.802727 -13.781718 -12.925853
48.760000 -12.826151 -47.146877 -60.270220 -43.683978 -27.253054 -33.664634 -25.756591 -16.776920 -19.344987 -16.430859 -12.928267 -13.948777 -13.067704
48.800000 -12.988583 -47.826966 -61.172572 -44.295687 -27.782919 -34.267905 -26.168944 -17.073555 -19.729807 -16.729238 -13.098878 -14.177233 -13.247527
48.840000 -13.095674 -48.539163 -62.218816 -44.955465 -28.182395 -34.843415 -26.605195 -17.324625 -20.058230 -16.988197 -13.215282 -14.342415 -13.370618
48.880000 -13.238131 -49.256321 -63.062710 -45.608909 -28.724386 -35.465616 -27.028860 -17.609981 -20.427673 -17.273001 -13.367535 -14.530460 -13.530469
48.920000 -13.383737 -49.951777 -64.193484 -46.253776 -29.152780 -36.196452 -27.481618 -17.902399 -20.805830 -17.579110 -13.524403 -14.725056 -13.693213
48.960000 -13.510873 -50.740250 -64.992942 -46.963834 -29.691844 -36.822896 -27.925744 -18.182221 -21.220039 -17.854652 -13.663066 -14.904222 -13.834568
49.000000 -13.691393 -51.426283 -66.162388 -47.578770 -30.165024 -37.611769 -28.397700 -18.511412 -21.698803 -18.203517 -13.857025 -15.134589 -14.030409
49.040000 -13.806319 -52.241286 -67.021991 -48.303464 -30.705426 -38.317231 -28.856725 -18.788821 -22.151827 -18.473169 -13.985357 -15.300328 -14.193716
49.080000 -13.963053 -52.873079 -68.106600 -48.915559 -31.166381 -39.059822 -29.285295 -19.097265 -22.647148 -18.781248 -14.157718 -15.508744 -14.384720
49.120000 -14.124963 -53.764754 -69.058011 -49.724862 -31.714977 -39.864402 -29.825717 -19.428958 -23.127852 -19.092770 -14.335300 -15.733976 -14.564843
49.160000 -14.263223 -54.403943 -69.997520 -50.297998 -32.220724 -40.511058 -30.222095 -19.723662 -23.464597 -19.368378 -14.491246 -15.943339 -14.723413
49.200000 -14.467248 -55.309698 -71.117792 -51.124961 -32.772473 -41.460422 -30.767510 -20.103698 -23.897815 -19.723286 -14.713331 -16.217038 -14.948307
49.240000 -14.591095 -55.975253 -72.041392 -51.744389 -33.315587 -42.073646 -31.202492 -20.390154 -24.244471 -19.960170 -14.856804 -16.417923 -15.101300
49.280000 -14.765011 -56.787164 -73.185702 -52.465571 -33.804513 -43.022281 -31.724941 -20.742194 -24.638101 -20.269031 -15.051439 -16.663370 -15.313948
49.320000 -14.948062 -57.615144 -74.056760 -53.230055 -34.439703 -43.688417 -32.218597 -21.095880 -25.064773 -20.611476 -15.255519 -16.931413 -15.535942
49.360000 -15.101587 -58.346545 -75.223116 -53.851365 -34.888202 -44.489158 -32.715309 -21.425747 -25.428083 -20.937401 -15.432555 -17.159104 -15.729589
49.400000 -15.341199 -59.292302 -76.223548 -54.754130 -35.619907 -45.212022 -33.285693 -21.844734 -25.929378 -21.342243 -15.693373 -17.490564 -16.008864
49.440000 -15.479838 -59.926067 -77.371559 -55.319151 -36.037865 -45.966847 -33.729648 -22.153965 -26.266337 -21.649996 -15.856662 -17.720847 -16.185776
49.480000 -15.684698 -60.908503 -78.355217 -56.196032 -36.696718 -46.644184 -34.310459 -22.543199 -26.778586 -22.018867 -16.082417 -18.034677 -16.419249
49.520000 -15.908704 -61.614690 -79.457647 -56.839506 -37.250021 -47.506036 -34.794663 -22.930006 -27.296118 -22.404347 -16.330742 -18.352428 -16.663095
49.560000 -16.089411 -62.563485 -80.572689 -57.684576 -37.832505 -48.183595 -35.373364 -23.295862 -27.819640 -22.749125 -16.531255 -18.641586 -16.873032
49.600000 -16.404590 -63.351089 -81.716494 -58.438422 -38.529325 -49.054442 -35.929179 -23.764191 -28.408750 -23.215614 -16.869023 -19.097270 -17.212751
