#Quasar bolometric luminosity function in different stellar mass bins from TRINITY PaperIII (Fig. 4, Zhang+2024, MNRAS, 529, 2777)
#z: 4.00
#log10(Lbol [erg/s])(0) log10(QLF_total [Mpc^-3 dex^-1])(1) log10(QLF(8<logMstar<9) [Mpc^-3 dex^-1])(2) log10(QLF(8<logMstar<9)_16th [Mpc^-3 dex^-1])(3) log10(QLF(8<logMstar<9)_84th [Mpc^-3 dex^-1])(4)
#log10(QLF(9<logMstar<10) [Mpc^-3 dex^-1])(5) log10(QLF(9<logMstar<10)_16th [Mpc^-3 dex^-1])(6) log10(QLF(9<logMstar<10)_84th [Mpc^-3 dex^-1])(7)
#log10(QLF(10<logMstar<11) [Mpc^-3 dex^-1])(8) log10(QLF(10<logMstar<11)_16th [Mpc^-3 dex^-1])(9) log10(QLF(10<logMstar<11)_84th [Mpc^-3 dex^-1])(10)
#log10(QLF(11<logMstar<12) [Mpc^-3 dex^-1])(11) log10(QLF(11<logMstar<12)_16th [Mpc^-3 dex^-1])(12) log10(QLF(11<logMstar<12)_84th [Mpc^-3 dex^-1])(13)
40.000000 -5.546680 -7.713473 -8.133618 -7.296424 -5.933778 -6.439242 -5.827586 -5.788482 -6.377194 -5.788177 -7.545778 -8.152527 -7.383909
40.040000 -5.534556 -7.690339 -8.112071 -7.275855 -5.921701 -6.425229 -5.813567 -5.776456 -6.359434 -5.777297 -7.533749 -8.136263 -7.369925
40.080000 -5.522761 -7.670398 -8.093127 -7.255429 -5.909954 -6.411498 -5.799838 -5.764726 -6.341637 -5.766714 -7.522017 -8.120294 -7.356235
40.120000 -5.510875 -7.650248 -8.072175 -7.233866 -5.898106 -6.397347 -5.786031 -5.752914 -6.323759 -5.756073 -7.510203 -8.104316 -7.342465
40.160000 -5.498914 -7.627969 -8.053772 -7.208312 -5.886211 -6.382670 -5.772159 -5.741037 -6.305818 -5.745646 -7.498329 -8.088438 -7.328639
40.200000 -5.487274 -7.610363 -8.035785 -7.183386 -5.874603 -6.368280 -5.759621 -5.729451 -6.288163 -5.733060 -7.486742 -8.072848 -7.315096
40.240000 -5.475137 -7.586980 -8.017092 -7.159019 -5.862537 -6.353450 -5.747717 -5.717412 -6.270056 -5.719946 -7.474701 -8.056800 -7.301098
40.280000 -5.463331 -7.569953 -7.999484 -7.131729 -5.850765 -6.338889 -5.736229 -5.705652 -6.252665 -5.707112 -7.462941 -8.040259 -7.287379
40.320000 -5.451368 -7.547328 -7.980642 -7.106945 -5.838873 -6.322450 -5.725286 -5.693783 -6.236974 -5.694173 -7.451073 -8.024433 -7.273556
40.360000 -5.439269 -7.528382 -7.962892 -7.077749 -5.826827 -6.304137 -5.714175 -5.681743 -6.221113 -5.681063 -7.439035 -8.008435 -7.259564
40.400000 -5.427497 -7.507200 -7.944446 -7.061447 -5.815120 -6.286175 -5.703420 -5.670058 -6.205897 -5.668307 -7.427348 -7.992792 -7.245921
40.440000 -5.414987 -7.485531 -7.925792 -7.047060 -5.802682 -6.267467 -5.691920 -5.657630 -6.189971 -5.654804 -7.414919 -7.976404 -7.231821
40.480000 -5.402828 -7.465066 -7.907079 -7.031869 -5.790586 -6.249103 -5.681872 -5.645549 -6.174388 -5.641649 -7.402836 -7.960363 -7.218077
40.520000 -5.390374 -7.441682 -7.887892 -7.017177 -5.778223 -6.230474 -5.671621 -5.633196 -6.157938 -5.628227 -7.390486 -7.944053 -7.204071
40.560000 -5.377662 -7.421524 -7.868633 -6.996256 -5.765574 -6.211855 -5.661089 -5.620553 -6.140599 -5.614516 -7.377845 -7.927454 -7.189769
40.600000 -5.365311 -7.397211 -7.840952 -6.971280 -5.753326 -6.193860 -5.648425 -5.608319 -6.123670 -5.601207 -7.365607 -7.911258 -7.175872
40.640000 -5.351724 -7.376096 -7.808284 -6.944407 -5.739808 -6.174582 -5.630553 -5.594805 -6.105462 -5.586620 -7.352093 -7.893786 -7.160697
40.680000 -5.338549 -7.350413 -7.775452 -6.910896 -5.726748 -6.157035 -5.612451 -5.581755 -6.087710 -5.572497 -7.339042 -7.876776 -7.145987
40.720000 -5.324590 -7.327671 -7.739838 -6.884522 -5.712875 -6.139230 -5.593264 -5.567884 -6.069143 -5.557558 -7.325174 -7.858948 -7.129927
40.760000 -5.309935 -7.300299 -7.703127 -6.846332 -5.698344 -6.120768 -5.580089 -5.553362 -6.049927 -5.542840 -7.310652 -7.840469 -7.112985
40.800000 -5.295758 -7.275129 -7.671563 -6.801269 -5.684278 -6.102769 -5.567677 -5.539303 -6.031175 -5.529173 -7.296590 -7.822449 -7.096502
40.840000 -5.278064 -7.244838 -7.631222 -6.770327 -5.666713 -6.081267 -5.551767 -5.521750 -6.008918 -5.512014 -7.279035 -7.800935 -7.076524
40.880000 -5.261063 -7.214457 -7.585279 -6.746442 -5.649855 -6.060479 -5.536510 -5.504900 -5.987373 -5.495565 -7.262188 -7.780129 -7.057255
40.920000 -5.240611 -7.181903 -7.540511 -6.718755 -5.629533 -6.036210 -5.517791 -5.484593 -5.962372 -5.475657 -7.241883 -7.755864 -7.034528
40.960000 -5.217203 -7.142711 -7.499500 -6.682932 -5.606297 -6.009045 -5.494907 -5.461381 -5.934466 -5.452840 -7.218668 -7.728692 -7.008893
41.000000 -5.194993 -7.108779 -7.449924 -6.640560 -5.584213 -5.983014 -5.469685 -5.439325 -5.907712 -5.431179 -7.196610 -7.702678 -6.984505
41.040000 -5.157302 -7.053264 -7.379651 -6.585469 -5.546720 -5.941590 -5.430474 -5.401877 -5.865563 -5.394127 -7.159160 -7.661270 -6.947798
41.080000 -5.122622 -7.006389 -7.310046 -6.528461 -5.512173 -5.903440 -5.394232 -5.367375 -5.826368 -5.360027 -7.124661 -7.622810 -6.914040
41.120000 -5.092693 -6.957639 -7.244418 -6.479802 -5.482454 -5.874160 -5.362869 -5.337733 -5.792034 -5.330783 -7.095020 -7.589209 -6.884866
41.160000 -5.066752 -6.917374 -7.183392 -6.419112 -5.456667 -5.848504 -5.335348 -5.312026 -5.761631 -5.305470 -7.069310 -7.559543 -6.859442
41.200000 -5.042274 -6.874112 -7.138805 -6.348894 -5.432387 -5.824537 -5.309367 -5.287878 -5.732780 -5.281718 -7.045159 -7.531434 -6.835576
41.240000 -5.036461 -6.851127 -7.085110 -6.328423 -5.426747 -5.818880 -5.301991 -5.282389 -5.722596 -5.276629 -7.039670 -7.521987 -6.830373
41.280000 -5.030725 -6.827581 -7.055951 -6.312380 -5.421171 -5.811011 -5.294661 -5.277023 -5.712540 -5.271664 -7.034306 -7.512663 -6.825291
41.320000 -5.024997 -6.801807 -7.023142 -6.285684 -5.415614 -5.802554 -5.287375 -5.271741 -5.702565 -5.266780 -7.029023 -7.503421 -6.820292
41.360000 -5.019277 -6.779270 -6.993373 -6.236041 -5.409999 -5.793224 -5.279865 -5.266446 -5.692568 -5.261880 -7.023725 -7.494166 -6.815278
41.400000 -5.013631 -6.751494 -6.964349 -6.203430 -5.404496 -5.783318 -5.272661 -5.261384 -5.682807 -5.257214 -7.018659 -7.485143 -6.810498
41.440000 -5.007115 -6.727997 -6.926483 -6.164184 -5.398039 -5.772468 -5.265778 -5.255377 -5.672111 -5.251612 -7.012654 -7.475179 -6.804778
41.480000 -5.000695 -6.698711 -6.894140 -6.133210 -5.391720 -5.761562 -5.262541 -5.249664 -5.661708 -5.246300 -7.006941 -7.465505 -6.799346
41.520000 -4.994520 -6.673555 -6.865213 -6.092766 -5.385557 -5.751572 -5.256951 -5.244159 -5.651460 -5.241190 -7.001433 -7.456039 -6.794123
41.560000 -4.988581 -6.644449 -6.832705 -6.064070 -5.379650 -5.742068 -5.247795 -5.239068 -5.641336 -5.236156 -6.996338 -7.446989 -6.789315
41.600000 -4.982721 -6.616759 -6.802657 -6.029051 -5.373698 -5.734143 -5.237761 -5.234139 -5.631379 -5.230371 -6.991405 -7.438099 -6.784669
41.640000 -4.975975 -6.586894 -6.768156 -6.001322 -5.366862 -5.725553 -5.227475 -5.228426 -5.620644 -5.221852 -6.985692 -7.428425 -6.779238
41.680000 -4.969331 -6.555584 -6.732629 -5.975825 -5.360027 -5.712390 -5.216284 -5.223012 -5.610204 -5.213626 -6.980276 -7.419050 -6.774105
41.720000 -4.961921 -6.524609 -6.697696 -5.958474 -5.352367 -5.698760 -5.204569 -5.216890 -5.599049 -5.204629 -6.974150 -7.408969 -6.768264
41.760000 -4.953785 -6.489173 -6.650179 -5.935875 -5.343980 -5.684067 -5.191694 -5.210302 -5.588185 -5.195188 -6.967555 -7.398415 -6.761955
41.800000 -4.945799 -6.456793 -6.608813 -5.910348 -5.335596 -5.672837 -5.178310 -5.203904 -5.578214 -5.185806 -6.961154 -7.388057 -6.755841
41.840000 -4.936395 -6.417177 -6.563154 -5.873928 -5.325970 -5.662976 -5.164019 -5.196382 -5.567117 -5.175376 -6.953630 -7.376574 -6.746622
41.880000 -4.927190 -6.383500 -6.518437 -5.837018 -5.316162 -5.652468 -5.148190 -5.189111 -5.556268 -5.164935 -6.946354 -7.365340 -6.737459
41.920000 -4.917463 -6.343672 -6.469763 -5.818595 -5.306107 -5.641677 -5.133465 -5.181587 -5.545167 -5.154289 -6.938822 -7.353852 -6.728038
41.960000 -4.907253 -6.307275 -6.432927 -5.789381 -5.295066 -5.626336 -5.116361 -5.173825 -5.533828 -5.143213 -6.931052 -7.341924 -6.718379
42.000000 -4.897277 -6.269392 -6.409239 -5.771159 -5.284368 -5.611078 -5.100341 -5.166478 -5.522906 -5.132368 -6.923699 -7.330264 -6.709140
42.040000 -4.886407 -6.230785 -6.373539 -5.749173 -5.272591 -5.595409 -5.081993 -5.158518 -5.511369 -5.120958 -6.915732 -7.317992 -6.699288
42.080000 -4.875802 -6.195221 -6.344284 -5.731617 -5.260707 -5.578650 -5.070149 -5.151031 -5.500304 -5.109476 -6.908236 -7.306189 -6.689902
42.120000 -4.864655 -6.154701 -6.307863 -5.715823 -5.248612 -5.561696 -5.054881 -5.143320 -5.489010 -5.098047 -6.900512 -7.297316 -6.680288
42.160000 -4.853013 -6.122286 -6.277562 -5.679983 -5.235201 -5.540535 -5.045514 -5.135096 -5.477207 -5.085161 -6.892277 -7.284447 -6.670167
42.200000 -4.841674 -6.079836 -6.249305 -5.654757 -5.222838 -5.522405 -5.035228 -5.127841 -5.466366 -5.073842 -6.885011 -7.272341 -6.661014
42.240000 -4.828832 -6.052021 -6.211388 -5.632209 -5.207668 -5.499845 -5.025115 -5.118530 -5.453459 -5.059004 -6.875685 -7.259059 -6.649802
42.280000 -4.816359 -6.014861 -6.173030 -5.596583 -5.193426 -5.480441 -5.011852 -5.110406 -5.441598 -5.045692 -6.867546 -7.246963 -6.639773
42.320000 -4.803403 -5.986215 -6.133262 -5.560961 -5.177881 -5.461906 -4.991199 -5.101535 -5.427293 -5.035252 -6.858657 -7.234117 -6.628995
42.360000 -4.790018 -5.955697 -6.112499 -5.525837 -5.161484 -5.441586 -4.974535 -5.092907 -5.413320 -5.025266 -6.850014 -7.221521 -6.618467
42.400000 -4.777034 -5.926074 -6.080784 -5.496194 -5.145739 -5.420312 -4.944315 -5.084559 -5.400179 -5.015562 -6.841651 -7.209204 -6.608303
42.440000 -4.762396 -5.900586 -6.037985 -5.464753 -5.126986 -5.392622 -4.917187 -5.075036 -5.387519 -5.004674 -6.832112 -7.195709 -6.597035
42.480000 -4.748236 -5.869070 -6.000460 -5.437155 -5.109510 -5.370675 -4.889403 -5.066415 -5.375736 -4.994689 -6.823481 -7.183120 -6.586673
42.520000 -4.733164 -5.848322 -5.979006 -5.408492 -5.089892 -5.342369 -4.859726 -5.056324 -5.362364 -4.984041 -6.813377 -7.171256 -6.574843
42.560000 -4.717287 -5.815449 -5.940750 -5.386421 -5.069922 -5.309604 -4.830685 -5.046986 -5.349764 -4.975601 -6.804060 -7.161129 -6.563804
42.600000 -4.701970 -5.798708 -5.905697 -5.361530 -5.049689 -5.278651 -4.799813 -5.036544 -5.335785 -4.966043 -6.793626 -7.149884 -6.551644
42.640000 -4.684364 -5.771966 -5.875892 -5.340750 -5.026772 -5.249513 -4.771749 -5.025652 -5.321491 -4.948091 -6.782807 -7.138253 -6.539095
42.680000 -4.667444 -5.750353 -5.859816 -5.316419 -5.004954 -5.220972 -4.744811 -5.014428 -5.306305 -4.934777 -6.771671 -7.126304 -6.526230
42.720000 -4.649878 -5.729810 -5.828105 -5.308665 -4.981053 -5.189705 -4.716526 -5.003865 -5.295741 -4.921134 -6.761257 -7.115630 -6.514094
42.760000 -4.631767 -5.705153 -5.788965 -5.299518 -4.957840 -5.155357 -4.689235 -4.992333 -5.283314 -4.907271 -6.749977 -7.102797 -6.501091
42.800000 -4.614382 -5.688495 -5.757760 -5.283292 -4.933844 -5.128699 -4.662459 -4.981951 -5.265515 -4.890036 -6.739877 -7.087805 -6.489262
42.840000 -4.594948 -5.663513 -5.740651 -5.268684 -4.908481 -5.103714 -4.634003 -4.970208 -5.254964 -4.879847 -6.728728 -7.071138 -6.474222
42.880000 -4.576347 -5.646758 -5.726863 -5.255762 -4.884015 -5.076946 -4.607997 -4.957968 -5.243092 -4.865258 -6.716917 -7.053806 -6.457227
42.920000 -4.556955 -5.624121 -5.713075 -5.239280 -4.858181 -5.052404 -4.584462 -4.946852 -5.231445 -4.844542 -6.707029 -7.039884 -6.442157
42.960000 -4.536906 -5.606366 -5.700269 -5.218244 -4.832744 -5.024487 -4.558243 -4.932893 -5.215412 -4.826923 -6.694050 -7.022883 -6.423998
43.000000 -4.517742 -5.589170 -5.688656 -5.205105 -4.807223 -4.998494 -4.536465 -4.921280 -5.199817 -4.805582 -6.684292 -7.008908 -6.409063
43.040000 -4.496395 -5.567917 -5.677781 -5.206875 -4.781030 -4.964541 -4.511202 -4.906151 -5.179445 -4.780139 -6.671338 -6.990676 -6.390961
43.080000 -4.476049 -5.553005 -5.668418 -5.193771 -4.754875 -4.931606 -4.486766 -4.892327 -5.159313 -4.759514 -6.659906 -6.973967 -6.374574
43.120000 -4.455153 -5.532521 -5.651799 -5.181605 -4.729671 -4.897063 -4.463936 -4.877162 -5.137682 -4.743172 -6.648387 -6.957170 -6.358101
43.160000 -4.433827 -5.519145 -5.640766 -5.168029 -4.703436 -4.864946 -4.441147 -4.860917 -5.113328 -4.720354 -6.635371 -6.938881 -6.340408
43.200000 -4.413499 -5.503158 -5.645766 -5.160837 -4.679171 -4.832154 -4.421512 -4.845176 -5.089643 -4.693952 -6.625308 -6.923548 -6.332866
43.240000 -4.391619 -5.490237 -5.632883 -5.146121 -4.653644 -4.799721 -4.400018 -4.826610 -5.056100 -4.669633 -6.610648 -6.903619 -6.320809
43.280000 -4.370789 -5.477446 -5.626913 -5.137054 -4.629894 -4.769212 -4.382890 -4.808249 -5.027888 -4.655136 -6.600415 -6.888116 -6.313183
43.320000 -4.349886 -5.466954 -5.633793 -5.113867 -4.606672 -4.739513 -4.365072 -4.788530 -4.996706 -4.637611 -6.587080 -6.869513 -6.297445
43.360000 -4.328965 -5.458037 -5.636861 -5.102944 -4.583860 -4.716959 -4.349187 -4.767865 -4.973196 -4.620060 -6.575210 -6.852382 -6.283735
43.400000 -4.309005 -5.450554 -5.653578 -5.099625 -4.563203 -4.696964 -4.335817 -4.746330 -4.950622 -4.600802 -6.563778 -6.835686 -6.274140
43.440000 -4.288477 -5.446234 -5.665077 -5.097407 -4.541498 -4.675769 -4.321131 -4.724355 -4.924801 -4.576224 -6.550091 -6.817093 -6.262293
43.480000 -4.268875 -5.441808 -5.681864 -5.091387 -4.522551 -4.657388 -4.310320 -4.700823 -4.896717 -4.556978 -6.538714 -6.802604 -6.252757
43.520000 -4.249758 -5.443856 -5.732249 -5.099420 -4.503214 -4.637118 -4.298899 -4.678224 -4.867899 -4.528971 -6.524957 -6.785737 -6.240840
43.560000 -4.231100 -5.444785 -5.788433 -5.109667 -4.486402 -4.620449 -4.289599 -4.653463 -4.841108 -4.505684 -6.513710 -6.773629 -6.231430
43.600000 -4.213210 -5.453185 -5.830664 -5.116405 -4.469185 -4.605798 -4.276144 -4.630442 -4.812558 -4.484159 -6.499404 -6.760821 -6.218960
43.640000 -4.196239 -5.459774 -5.874293 -5.128269 -4.455348 -4.590303 -4.268082 -4.605485 -4.790481 -4.463703 -6.488512 -6.751433 -6.209392
43.680000 -4.179906 -5.473862 -5.917301 -5.137947 -4.441511 -4.575604 -4.255339 -4.581553 -4.761371 -4.443893 -6.475401 -6.740342 -6.197529
43.720000 -4.164644 -5.487010 -5.961708 -5.154938 -4.429626 -4.566954 -4.253623 -4.558160 -4.732562 -4.427590 -6.463118 -6.730552 -6.183559
43.760000 -4.150362 -5.508176 -6.019126 -5.172594 -4.419872 -4.551181 -4.249176 -4.533893 -4.704961 -4.414985 -6.451714 -6.721642 -6.168487
43.800000 -4.136536 -5.529727 -6.069834 -5.191051 -4.409481 -4.545824 -4.241087 -4.512092 -4.680513 -4.393040 -6.437542 -6.709969 -6.150002
43.840000 -4.124917 -5.557265 -6.150396 -5.213839 -4.403383 -4.546476 -4.246128 -4.490044 -4.659184 -4.377726 -6.426807 -6.701736 -6.135422
43.880000 -4.113602 -5.589614 -6.225674 -5.238499 -4.396516 -4.547708 -4.250717 -4.469888 -4.634958 -4.358724 -6.413092 -6.690525 -6.119291
43.920000 -4.103584 -5.621869 -6.307685 -5.266801 -4.392815 -4.549036 -4.253451 -4.449528 -4.611488 -4.344615 -6.401476 -6.681415 -6.105093
43.960000 -4.094782 -5.666617 -6.396257 -5.297640 -4.389410 -4.545012 -4.242901 -4.431383 -4.589146 -4.327208 -6.387868 -6.670319 -6.088618
44.000000 -4.086155 -5.703990 -6.478873 -5.330265 -4.387967 -4.549922 -4.248770 -4.412537 -4.566909 -4.314740 -6.374981 -6.659953 -6.072848
44.040000 -4.080492 -5.757738 -6.576247 -5.349511 -4.389400 -4.558386 -4.247854 -4.396774 -4.547976 -4.307043 -6.362979 -6.650480 -6.057964
44.080000 -4.074903 -5.804703 -6.662170 -5.381798 -4.391273 -4.566654 -4.256526 -4.381696 -4.528185 -4.297804 -6.349429 -6.639479 -6.041772
44.120000 -4.071123 -5.866961 -6.785017 -5.438412 -4.396243 -4.574873 -4.275188 -4.367348 -4.510733 -4.289975 -6.337552 -6.630150 -6.026497
44.160000 -4.069108 -5.927190 -6.892467 -5.480623 -4.402343 -4.584879 -4.291220 -4.356195 -4.498984 -4.282629 -6.324127 -6.619343 -6.009443
44.200000 -4.067101 -5.995994 -7.022580 -5.545227 -4.409818 -4.609648 -4.309243 -4.344236 -4.489796 -4.279009 -6.311026 -6.608845 -5.992071
44.240000 -4.068591 -6.070484 -7.144411 -5.599502 -4.420886 -4.626721 -4.333602 -4.336337 -4.484800 -4.277091 -6.298625 -6.599193 -5.975356
44.280000 -4.070086 -6.144073 -7.271705 -5.654456 -4.432615 -4.644689 -4.359107 -4.328542 -4.475815 -4.274749 -6.285694 -6.589013 -5.964820
44.320000 -4.073348 -6.234742 -7.407936 -5.715136 -4.446731 -4.665019 -4.373133 -4.322449 -4.466930 -4.273484 -6.272126 -6.564478 -5.953579
44.360000 -4.078418 -6.315145 -7.538974 -5.778136 -4.463138 -4.687648 -4.387536 -4.318564 -4.466671 -4.273645 -6.259434 -6.534698 -5.931611
44.400000 -4.083548 -6.414739 -7.690282 -5.842561 -4.480497 -4.712395 -4.407768 -4.314518 -4.464747 -4.275179 -6.245198 -6.505836 -5.897550
44.440000 -4.092177 -6.507162 -7.834678 -5.914673 -4.501704 -4.739027 -4.423177 -4.314432 -4.471537 -4.278116 -6.232105 -6.473937 -5.870115
44.480000 -4.100982 -6.618677 -8.019202 -5.985594 -4.524085 -4.768658 -4.439311 -4.314331 -4.469839 -4.281610 -6.218812 -6.443512 -5.847932
44.520000 -4.111481 -6.724169 -8.203188 -6.062461 -4.548742 -4.798797 -4.457623 -4.316228 -4.472481 -4.287375 -6.203641 -6.409951 -5.828840
44.560000 -4.123796 -6.846449 -8.365272 -6.141199 -4.575715 -4.840595 -4.479232 -4.320150 -4.479717 -4.298200 -6.190251 -6.377812 -5.803291
44.600000 -4.136471 -6.966081 -8.542102 -6.243919 -4.604327 -4.883175 -4.502103 -4.324349 -4.491954 -4.310404 -6.173521 -6.360992 -5.775110
44.640000 -4.151917 -7.090810 -8.724849 -6.348248 -4.635708 -4.920335 -4.529047 -4.331880 -4.499566 -4.323014 -6.158666 -6.346337 -5.747310
44.680000 -4.167933 -7.232937 -8.908111 -6.474146 -4.669259 -4.961347 -4.557328 -4.339756 -4.514997 -4.334569 -6.141600 -6.327183 -5.717825
44.720000 -4.185330 -7.362560 -9.096268 -6.589211 -4.704361 -4.999844 -4.590758 -4.349554 -4.531240 -4.346172 -6.123494 -6.308622 -5.692875
44.760000 -4.204256 -7.515871 -9.288714 -6.723737 -4.742375 -5.054117 -4.635138 -4.360819 -4.540827 -4.358891 -6.106306 -6.287918 -5.664242
44.800000 -4.224044 -7.658603 -9.504395 -6.854154 -4.782086 -5.107890 -4.682318 -4.373281 -4.563628 -4.371245 -6.084983 -6.265443 -5.640884
44.840000 -4.245313 -7.824720 -9.696510 -7.002115 -4.824058 -5.158604 -4.729304 -4.387457 -4.587816 -4.386684 -6.066901 -6.245865 -5.614436
44.880000 -4.267677 -7.980844 -9.918907 -7.118479 -4.868712 -5.212597 -4.772183 -4.402905 -4.606247 -4.402515 -6.042979 -6.224378 -5.592415
44.920000 -4.291043 -8.160816 -10.139151 -7.235364 -4.914743 -5.275015 -4.816550 -4.419780 -4.624967 -4.418891 -6.022743 -6.203885 -5.568872
44.960000 -4.315513 -8.331053 -10.372766 -7.358371 -4.963837 -5.338388 -4.860818 -4.437931 -4.647711 -4.439367 -5.997434 -6.181389 -5.542726
45.000000 -4.341444 -8.510954 -10.613490 -7.484509 -5.014594 -5.405392 -4.914255 -4.458132 -4.668206 -4.461368 -5.974137 -6.161809 -5.528028
45.040000 -4.367512 -8.706852 -10.852924 -7.683773 -5.067534 -5.472433 -4.962291 -4.478622 -4.688735 -4.488003 -5.949669 -6.137995 -5.508604
45.080000 -4.395244 -8.892013 -11.101847 -7.886817 -5.122728 -5.543050 -5.012947 -4.501459 -4.721196 -4.513698 -5.923438 -6.117871 -5.488593
45.120000 -4.423579 -9.099180 -11.359386 -8.100275 -5.180393 -5.614765 -5.068980 -4.525040 -4.754139 -4.539578 -5.901684 -6.096610 -5.466876
45.160000 -4.452512 -9.299133 -11.666301 -8.285122 -5.239823 -5.688622 -5.131560 -4.550003 -4.787451 -4.570358 -5.874254 -6.075048 -5.450640
45.200000 -4.483511 -9.521728 -11.990582 -8.448892 -5.302460 -5.764110 -5.195903 -4.577312 -4.820592 -4.598521 -5.854923 -6.057454 -5.438156
45.240000 -4.513265 -9.730634 -12.341404 -8.638759 -5.365925 -5.838426 -5.260870 -4.604153 -4.852969 -4.624845 -5.828131 -6.037014 -5.428931
45.280000 -4.545207 -9.971882 -12.680653 -8.811071 -5.432505 -5.914833 -5.328287 -4.633583 -4.891974 -4.653227 -5.808884 -6.020228 -5.421555
45.320000 -4.577525 -10.194563 -13.037715 -9.003870 -5.501875 -5.993711 -5.396951 -4.664129 -4.930632 -4.687736 -5.786832 -6.003488 -5.416933
45.360000 -4.610110 -10.431677 -13.412053 -9.194445 -5.572167 -6.077228 -5.467105 -4.695654 -4.966538 -4.720939 -5.767159 -5.989069 -5.414399
45.400000 -4.645340 -10.685419 -13.782943 -9.394120 -5.647612 -6.168293 -5.539743 -4.730297 -5.005411 -4.756924 -5.752155 -5.976536 -5.410107
45.440000 -4.678286 -10.927838 -14.152212 -9.595816 -5.721845 -6.260309 -5.612403 -4.763693 -5.043579 -4.790383 -5.733461 -5.964022 -5.405297
45.480000 -4.713937 -11.189890 -14.486010 -9.806305 -5.801427 -6.356632 -5.686720 -4.799999 -5.084996 -4.830754 -5.722661 -5.954666 -5.399354
45.520000 -4.749752 -11.452030 -14.792797 -10.021918 -5.882482 -6.458379 -5.764783 -4.837739 -5.131935 -4.872005 -5.709444 -5.946216 -5.398609
45.560000 -4.785500 -11.728330 -15.098779 -10.234517 -5.965379 -6.563176 -5.848465 -4.875659 -5.178927 -4.916209 -5.701362 -5.940648 -5.405266
45.600000 -4.824456 -11.996660 -15.436132 -10.487288 -6.053810 -6.668047 -5.936670 -4.918001 -5.225830 -4.957706 -5.694756 -5.941007 -5.416344
45.640000 -4.860237 -12.296543 -15.741153 -10.719132 -6.140982 -6.772371 -6.018945 -4.957558 -5.269807 -4.997521 -5.688905 -5.938510 -5.431039
45.680000 -4.899233 -12.575153 -16.077918 -11.033323 -6.234241 -6.883314 -6.106900 -5.001335 -5.318288 -5.042482 -5.686331 -5.942111 -5.449670
45.720000 -4.938384 -12.870941 -16.418326 -11.361634 -6.328985 -7.002723 -6.196475 -5.045994 -5.367142 -5.089530 -5.686051 -5.946443 -5.459142
45.760000 -4.977375 -13.179923 -16.755988 -11.701646 -6.426438 -7.124554 -6.288639 -5.091086 -5.416147 -5.137708 -5.687793 -5.947555 -5.476386
45.800000 -5.020214 -13.486592 -17.126315 -11.965935 -6.529759 -7.259510 -6.387330 -5.141057 -5.470048 -5.187166 -5.693968 -5.947392 -5.500854
45.840000 -5.059185 -13.799643 -17.533978 -12.219660 -6.632551 -7.401957 -6.484647 -5.187422 -5.525208 -5.233892 -5.699417 -5.940047 -5.522513
45.880000 -5.102002 -14.126541 -17.980703 -12.480356 -6.741158 -7.550977 -6.588486 -5.238786 -5.580608 -5.285086 -5.708911 -5.960571 -5.541796
45.920000 -5.145007 -14.458257 -18.435366 -12.723737 -6.852361 -7.696895 -6.695469 -5.290577 -5.637527 -5.334011 -5.721473 -5.985091 -5.559156
45.960000 -5.187778 -14.781644 -18.913870 -12.967583 -6.966249 -7.845592 -6.805991 -5.343180 -5.698556 -5.383327 -5.734235 -6.011420 -5.575365
46.000000 -5.235225 -15.145731 -19.388729 -13.216181 -7.087912 -8.003854 -6.924659 -5.400736 -5.763805 -5.438130 -5.753996 -6.032916 -5.605603
46.040000 -5.277904 -15.479622 -19.839863 -13.464274 -7.208184 -8.163825 -7.041628 -5.454342 -5.824833 -5.489308 -5.769886 -6.048620 -5.632500
46.080000 -5.325239 -15.833083 -20.321695 -13.722764 -7.335060 -8.332733 -7.167135 -5.512987 -5.890559 -5.547063 -5.792220 -6.072335 -5.665421
46.120000 -5.372785 -16.202654 -20.809060 -13.982139 -7.465311 -8.507225 -7.296635 -5.572323 -5.956078 -5.609080 -5.816139 -6.101666 -5.700351
46.160000 -5.419951 -16.566349 -21.282601 -14.242672 -7.598545 -8.685474 -7.430774 -5.631797 -6.018165 -5.671680 -5.840869 -6.137911 -5.735960
46.200000 -5.472870 -16.939539 -21.704925 -14.515528 -7.741498 -8.872963 -7.574006 -5.697181 -6.083702 -5.741818 -5.872989 -6.180076 -5.777606
46.240000 -5.519750 -17.326596 -22.122783 -14.782121 -7.880902 -9.058819 -7.715702 -5.757057 -6.142292 -5.807106 -5.900010 -6.211848 -5.813892
46.280000 -5.572311 -17.715193 -22.563096 -15.079456 -8.028668 -9.256002 -7.866901 -5.822624 -6.209427 -5.871754 -5.934264 -6.243820 -5.856933
46.320000 -5.625033 -18.098321 -22.987310 -15.400744 -8.180466 -9.457395 -8.013794 -5.888827 -6.278688 -5.930786 -5.969467 -6.277541 -5.901823
46.360000 -5.677052 -18.516366 -23.424807 -15.706337 -8.335772 -9.664983 -8.168263 -5.954209 -6.346670 -5.998854 -6.005382 -6.319771 -5.943711
46.400000 -5.736161 -18.919626 -23.888080 -16.038849 -8.501858 -9.886368 -8.338402 -6.027024 -6.422081 -6.069711 -6.049145 -6.371829 -5.993029
46.440000 -5.787436 -19.323301 -24.320870 -16.369834 -8.662064 -10.106254 -8.505487 -6.091747 -6.489766 -6.133079 -6.086377 -6.414741 -6.035643
46.480000 -5.845585 -19.755620 -24.777858 -16.714262 -8.833290 -10.338325 -8.682549 -6.163534 -6.564079 -6.203421 -6.131211 -6.462054 -6.085185
46.520000 -5.903783 -20.181216 -25.253945 -17.051025 -9.008921 -10.575041 -8.848048 -6.235201 -6.639230 -6.274036 -6.177073 -6.510058 -6.135579
46.560000 -5.960778 -20.604051 -25.722117 -17.417245 -9.188221 -10.817665 -9.014080 -6.305571 -6.712777 -6.343049 -6.222547 -6.556601 -6.184839
46.600000 -6.026398 -21.063102 -26.304687 -17.784145 -9.377918 -11.066565 -9.171671 -6.384432 -6.796251 -6.419261 -6.277417 -6.613227 -6.243281
46.640000 -6.082040 -21.504031 -26.835411 -18.205670 -9.561539 -11.294787 -9.326173 -6.453070 -6.869958 -6.485844 -6.323084 -6.659379 -6.291990
46.680000 -6.145872 -21.946301 -27.399814 -18.628928 -9.757905 -11.536360 -9.552892 -6.529933 -6.953279 -6.564316 -6.377444 -6.714052 -6.348956
46.720000 -6.209596 -22.424529 -27.950634 -19.065062 -9.959916 -11.783748 -9.778003 -6.606250 -7.037006 -6.639950 -6.432476 -6.769902 -6.406164
46.760000 -6.271442 -22.884682 -28.475856 -19.494519 -10.162603 -12.027767 -9.960587 -6.680878 -7.120165 -6.712644 -6.485933 -6.823686 -6.461146
46.800000 -6.343580 -23.354596 -29.073910 -19.949784 -10.378470 -12.315483 -10.158015 -6.765127 -7.215653 -6.799170 -6.550495 -6.887795 -6.526604
46.840000 -6.403303 -23.840591 -29.737214 -20.379030 -10.586892 -12.602265 -10.346085 -6.837398 -7.299923 -6.873497 -6.602728 -6.934246 -6.576473
46.880000 -6.472568 -24.329245 -30.356837 -20.834297 -10.810838 -12.866907 -10.547587 -6.918755 -7.394983 -6.956668 -6.665098 -6.991149 -6.637141
46.920000 -6.541567 -24.809883 -30.962191 -21.296786 -11.038780 -13.159061 -10.749325 -7.000251 -7.487616 -7.040996 -6.727283 -7.047665 -6.696441
46.960000 -6.607928 -25.321312 -31.601142 -21.768122 -11.265647 -13.460101 -10.953558 -7.078804 -7.579248 -7.122364 -6.787284 -7.107721 -6.753731
47.000000 -6.686291 -25.838156 -32.222484 -22.251323 -11.509966 -13.780640 -11.172832 -7.169791 -7.684723 -7.217004 -6.859343 -7.180147 -6.827859
47.040000 -6.749789 -26.327279 -32.848817 -22.725434 -11.744872 -14.098760 -11.382465 -7.246219 -7.777271 -7.296916 -6.916664 -7.238176 -6.887976
47.080000 -6.824187 -26.865805 -33.497819 -23.214733 -11.997523 -14.447375 -11.603230 -7.333890 -7.883057 -7.383889 -6.984997 -7.307922 -6.958245
47.120000 -6.898213 -27.393723 -34.134781 -23.710979 -12.249806 -14.800692 -11.827521 -7.421978 -7.990642 -7.470702 -7.052886 -7.377888 -7.024751
47.160000 -6.968845 -27.908667 -34.805255 -24.232966 -12.504716 -15.167949 -12.052782 -7.506827 -8.098251 -7.556416 -7.117597 -7.441090 -7.088563
47.200000 -7.053239 -28.470560 -35.469573 -24.746380 -12.777571 -15.536935 -12.296602 -7.606882 -8.221362 -7.656219 -7.195777 -7.524074 -7.164947
47.240000 -7.120288 -29.013057 -36.116669 -25.262965 -13.042443 -15.888944 -12.517958 -7.690216 -8.331043 -7.741653 -7.256687 -7.591904 -7.225099
47.280000 -7.199611 -29.549296 -36.813896 -25.784313 -13.319137 -16.262244 -12.758358 -7.787364 -8.455739 -7.839652 -7.329642 -7.655256 -7.302019
47.320000 -7.278501 -30.124912 -37.500701 -26.254711 -13.600875 -16.646333 -13.015393 -7.884946 -8.583411 -7.939054 -7.402223 -7.728550 -7.372225
47.360000 -7.353229 -30.694284 -38.225283 -26.709556 -13.882495 -17.033586 -13.262155 -7.980005 -8.709695 -8.031844 -7.470487 -7.793095 -7.434592
47.400000 -7.443544 -31.257497 -39.149403 -27.177866 -14.188831 -17.381163 -13.531046 -8.092401 -8.856384 -8.143115 -7.554216 -7.872134 -7.513414
47.440000 -7.513965 -31.841864 -40.020672 -27.654476 -14.478575 -17.701478 -13.777127 -8.186769 -8.985548 -8.234660 -7.617966 -7.930234 -7.571812
47.480000 -7.598056 -32.437406 -40.745588 -28.131236 -14.782580 -18.043336 -14.032533 -8.296468 -9.133226 -8.342441 -7.695422 -8.002102 -7.647781
47.520000 -7.681708 -33.011776 -41.458747 -28.601747 -15.093919 -18.398618 -14.290714 -8.407816 -9.284981 -8.450783 -7.772428 -8.085139 -7.727314
47.560000 -7.760442 -33.617342 -42.210973 -29.103864 -15.404610 -18.758756 -14.557493 -8.516236 -9.435162 -8.554807 -7.844596 -8.165570 -7.800675
47.600000 -7.856682 -34.248460 -42.992586 -29.602458 -15.743682 -19.153933 -14.846999 -8.645243 -9.608356 -8.678702 -7.934191 -8.265024 -7.893266
47.640000 -7.930671 -34.822512 -43.716910 -30.078921 -16.054062 -19.547382 -15.110815 -8.753423 -9.764052 -8.780865 -8.001860 -8.342042 -7.960728
47.680000 -8.019907 -35.459506 -44.581925 -30.599998 -16.392176 -19.983836 -15.399341 -8.880240 -9.933166 -8.901782 -8.084791 -8.430757 -8.041079
47.720000 -8.108853 -36.099539 -45.472327 -31.108740 -16.729479 -20.399895 -15.688304 -9.008150 -10.110869 -9.028229 -8.167839 -8.522486 -8.120926
47.760000 -8.192201 -36.702382 -46.375800 -31.604249 -17.076705 -20.834423 -15.977983 -9.134675 -10.290449 -9.157020 -8.245320 -8.613908 -8.196850
47.800000 -8.295437 -37.366093 -47.240572 -32.151601 -17.436874 -21.267052 -16.293737 -9.283006 -10.490515 -9.310564 -8.343096 -8.723089 -8.292789
47.840000 -8.373564 -38.015269 -48.147888 -32.662546 -17.780774 -21.703747 -16.595718 -9.409169 -10.663956 -9.449121 -8.416064 -8.806930 -8.369823
47.880000 -8.468896 -38.643392 -49.068092 -33.177862 -18.144899 -22.147578 -16.915106 -9.555257 -10.861762 -9.613034 -8.506590 -8.906644 -8.465985
47.920000 -8.564163 -39.312626 -49.948365 -33.733336 -18.519283 -22.616611 -17.245189 -9.703914 -11.079784 -9.782864 -8.597425 -9.007353 -8.559512
47.960000 -8.652941 -39.994681 -50.930481 -34.264236 -18.890477 -23.086826 -17.590056 -9.850534 -11.289601 -9.948649 -8.682023 -9.104757 -8.643193
48.000000 -8.764657 -40.647264 -51.914836 -34.809893 -19.279956 -23.574042 -17.984837 -10.021045 -11.517990 -10.126861 -8.790066 -9.225809 -8.749123
48.040000 -8.847590 -41.325001 -52.940372 -35.360073 -19.655340 -24.040874 -18.355350 -10.167867 -11.719913 -10.273321 -8.869565 -9.321192 -8.828349
48.080000 -8.950190 -42.034694 -53.973136 -35.921912 -20.048989 -24.521573 -18.748026 -10.334640 -11.948743 -10.440975 -8.969222 -9.436588 -8.926143
48.120000 -9.052984 -42.700083 -55.035376 -36.466275 -20.460199 -25.041874 -19.152410 -10.508328 -12.179561 -10.613730 -9.069257 -9.554992 -9.025470
48.160000 -9.147974 -43.396650 -56.170290 -37.040320 -20.846715 -25.518999 -19.511408 -10.674337 -12.411711 -10.778933 -9.161927 -9.666640 -9.117014
48.200000 -9.269732 -44.149732 -57.257183 -37.632180 -21.280884 -26.072360 -19.890062 -10.872564 -12.664230 -10.976031 -9.281598 -9.807730 -9.235863
48.240000 -9.358064 -44.806118 -58.242895 -38.169869 -21.675399 -26.554176 -20.245690 -11.037569 -12.890675 -11.139898 -9.368201 -9.915560 -9.322209
48.280000 -9.469072 -45.536412 -59.167770 -38.773218 -22.114212 -27.131746 -20.625084 -11.231199 -13.142909 -11.332272 -9.477681 -10.046253 -9.432436
48.320000 -9.580622 -46.294876 -59.987155 -39.364488 -22.538697 -27.740504 -21.007674 -11.427160 -13.407599 -11.524942 -9.587969 -10.176316 -9.543693
48.360000 -9.682543 -46.977882 -60.890531 -39.927655 -22.964055 -28.436869 -21.378426 -11.617542 -13.660043 -11.717257 -9.688835 -10.296331 -9.645667
48.400000 -9.815963 -47.745427 -61.848129 -40.558510 -23.426225 -29.045998 -21.791967 -11.841551 -13.964221 -11.969407 -9.821408 -10.448599 -9.779616
48.440000 -9.910220 -48.504780 -62.821782 -41.149782 -23.858302 -29.723983 -22.170209 -12.029050 -14.227753 -12.178245 -9.914999 -10.562321 -9.870549
48.480000 -10.030774 -49.223961 -63.959637 -41.736415 -24.321405 -30.337960 -22.576866 -12.248611 -14.516190 -12.401358 -10.035028 -10.703289 -9.994052
48.520000 -10.152443 -49.984608 -64.967153 -42.368561 -24.771966 -31.030658 -22.981827 -12.470024 -14.815674 -12.622448 -10.156330 -10.846696 -10.120995
48.560000 -10.262180 -50.783090 -66.075641 -42.982364 -25.235421 -31.675181 -23.380897 -12.685358 -15.100516 -12.814891 -10.265819 -10.977490 -10.233853
48.600000 -10.409377 -51.529643 -67.210121 -43.604884 -25.727240 -32.318299 -23.828550 -12.935837 -15.435554 -13.099592 -10.412906 -11.145143 -10.384940
48.640000 -10.510066 -52.292173 -68.280757 -44.224483 -26.199674 -32.966481 -24.228816 -13.150241 -15.721935 -13.313744 -10.513578 -11.267560 -10.486571
48.680000 -10.641377 -53.120085 -69.323102 -44.872057 -26.669924 -33.621983 -24.659395 -13.391812 -16.045559 -13.560301 -10.644992 -11.421759 -10.619494
48.720000 -10.774560 -53.874597 -70.548940 -45.488860 -27.174070 -34.295556 -25.068712 -13.646135 -16.349162 -13.812089 -10.778372 -11.586885 -10.756979
48.760000 -10.892621 -54.656954 -71.585004 -46.130999 -27.651286 -34.948219 -25.444217 -13.878680 -16.644142 -14.044270 -10.896744 -11.740991 -10.880146
48.800000 -11.055276 -55.546621 -72.737163 -46.825626 -28.202155 -35.721905 -25.869459 -14.167448 -17.031681 -14.315061 -11.059814 -11.937752 -11.051613
48.840000 -11.162580 -56.279730 -73.893645 -47.420517 -28.673823 -36.337820 -26.236737 -14.398377 -17.305960 -14.549921 -11.167652 -12.078008 -11.170394
48.880000 -11.305414 -57.098870 -75.058338 -48.101065 -29.190304 -37.009035 -26.642956 -14.674440 -17.632834 -14.831005 -11.311142 -12.257505 -11.320912
48.920000 -11.451277 -57.983442 -76.193049 -48.783027 -29.721136 -37.695829 -27.050053 -14.950501 -18.004943 -15.141339 -11.457799 -12.439580 -11.465250
48.960000 -11.578210 -58.743608 -77.431101 -49.408013 -30.238398 -38.366291 -27.447623 -15.211089 -18.377649 -15.398591 -11.585669 -12.607037 -11.594957
49.000000 -11.758315 -59.621656 -78.630782 -50.128703 -30.821274 -39.094333 -27.895186 -15.532775 -18.780151 -15.720102 -11.766896 -12.826083 -11.779014
49.040000 -11.872645 -60.483324 -79.701511 -50.795260 -31.305397 -39.739733 -28.279734 -15.786152 -19.165940 -15.970910 -11.882517 -12.980828 -11.892503
49.080000 -12.028266 -61.297198 -81.034447 -51.481596 -31.874140 -40.462810 -28.702277 -16.093378 -19.600872 -16.277678 -12.039660 -13.177625 -12.046914
49.120000 -12.188639 -62.145198 -82.185319 -52.208650 -32.425327 -41.154903 -29.144331 -16.391990 -20.005399 -16.585747 -12.201757 -13.372276 -12.207219
49.160000 -12.325275 -63.071434 -83.399415 -52.945278 -32.996861 -41.889208 -29.616657 -16.688274 -20.380350 -16.877545 -12.340399 -13.538583 -12.343345
49.200000 -12.525751 -63.918707 -84.673788 -53.712263 -33.576958 -42.784935 -30.179316 -17.034210 -20.834233 -17.232045 -12.543147 -13.769803 -12.546122
49.240000 -12.647848 -64.755149 -85.958300 -54.426538 -34.122163 -43.592584 -30.638184 -17.326223 -21.212687 -17.507715 -12.667842 -13.924446 -12.680953
49.280000 -12.818312 -65.704020 -87.115210 -55.191945 -34.699019 -44.366537 -31.200065 -17.644609 -21.634560 -17.844954 -12.841234 -14.133463 -12.882903
49.320000 -12.996557 -66.555584 -88.532773 -55.918950 -35.320363 -45.138924 -31.712485 -17.991830 -22.086121 -18.154394 -13.022716 -14.353282 -13.080739
49.360000 -13.145481 -67.426084 -89.732537 -56.642282 -35.884733 -45.949691 -32.255531 -18.301104 -22.520698 -18.421793 -13.175271 -14.547661 -13.242670
49.400000 -13.373925 -68.456155 -91.002635 -57.489311 -36.522662 -46.757138 -32.817502 -18.702265 -23.039413 -18.768541 -13.407598 -14.838226 -13.498422
49.440000 -13.507509 -69.272289 -92.330662 -58.178454 -37.095065 -47.534897 -33.350438 -19.004792 -23.486961 -19.021654 -13.545368 -15.029326 -13.654769
49.480000 -13.701427 -70.170167 -93.633219 -58.958490 -37.715208 -48.312832 -33.897748 -19.361446 -23.960024 -19.354730 -13.743669 -15.288201 -13.874087
49.520000 -13.910071 -71.215365 -94.965316 -59.783397 -38.382767 -49.207029 -34.492886 -19.748488 -24.460175 -19.705987 -13.956855 -15.558941 -14.091685
49.560000 -14.079817 -72.044123 -96.243648 -60.520861 -38.940892 -49.981190 -35.023103 -20.078149 -24.913315 -20.023858 -14.131281 -15.793963 -14.273801
49.600000 -14.362349 -73.061337 -97.787825 -61.406585 -39.677460 -50.907402 -35.668629 -20.548070 -25.469673 -20.449557 -14.418576 -16.136509 -14.564744
