#Quasar bolometric luminosity function in different stellar mass bins from TRINITY PaperIII (Fig. 4, Zhang+2024, MNRAS, 529, 2777)
#z: 1.00
#log10(Lbol [erg/s])(0) log10(QLF_total [Mpc^-3 dex^-1])(1) log10(QLF(8<logMstar<9) [Mpc^-3 dex^-1])(2) log10(QLF(8<logMstar<9)_16th [Mpc^-3 dex^-1])(3) log10(QLF(8<logMstar<9)_84th [Mpc^-3 dex^-1])(4)
#log10(QLF(9<logMstar<10) [Mpc^-3 dex^-1])(5) log10(QLF(9<logMstar<10)_16th [Mpc^-3 dex^-1])(6) log10(QLF(9<logMstar<10)_84th [Mpc^-3 dex^-1])(7)
#log10(QLF(10<logMstar<11) [Mpc^-3 dex^-1])(8) log10(QLF(10<logMstar<11)_16th [Mpc^-3 dex^-1])(9) log10(QLF(10<logMstar<11)_84th [Mpc^-3 dex^-1])(10)
#log10(QLF(11<logMstar<12) [Mpc^-3 dex^-1])(11) log10(QLF(11<logMstar<12)_16th [Mpc^-3 dex^-1])(12) log10(QLF(11<logMstar<12)_84th [Mpc^-3 dex^-1])(13)
40.000000 -3.847886 -5.276713 -5.365986 -5.036072 -4.915594 -5.097298 -4.742823 -3.975190 -4.177793 -4.007528 -4.729768 -4.983325 -4.491804
40.040000 -3.841991 -5.270343 -5.354438 -5.030535 -4.909355 -5.088895 -4.736650 -3.969316 -4.166683 -4.000615 -4.724116 -4.976643 -4.486067
40.080000 -3.836175 -5.264072 -5.344530 -5.023765 -4.903169 -5.080546 -4.731291 -3.963520 -4.155666 -3.993973 -4.718556 -4.970070 -4.480404
40.120000 -3.830348 -5.257594 -5.335748 -5.016020 -4.896955 -5.072169 -4.726005 -3.957721 -4.144664 -3.987580 -4.713010 -4.963528 -4.474735
40.160000 -3.824512 -5.251166 -5.326919 -5.008747 -4.890704 -5.063755 -4.720741 -3.951910 -4.133667 -3.981183 -4.707469 -4.957010 -4.469051
40.200000 -3.818754 -5.244530 -5.318109 -4.997620 -4.884515 -5.055375 -4.715694 -3.946189 -4.122781 -3.975551 -4.702037 -4.950619 -4.463453
40.240000 -3.812911 -5.237796 -5.309095 -4.986911 -4.878212 -5.046842 -4.710760 -3.940384 -4.115505 -3.972023 -4.696538 -4.944183 -4.457767
40.280000 -3.807146 -5.230942 -5.300162 -4.975820 -4.871963 -5.039095 -4.706274 -3.934664 -4.109399 -3.968921 -4.691147 -4.937875 -4.452164
40.320000 -3.801326 -5.223722 -5.290869 -4.966685 -4.865640 -5.031400 -4.702847 -3.928901 -4.101947 -3.965756 -4.685735 -4.931569 -4.446515
40.360000 -3.795453 -5.216569 -5.281644 -4.954303 -4.859225 -5.023867 -4.699327 -3.923081 -4.093077 -3.962512 -4.680290 -4.925251 -4.441996
40.400000 -3.789658 -5.208587 -5.271965 -4.939266 -4.852888 -5.016411 -4.693682 -3.917376 -4.084331 -3.957396 -4.674983 -4.919099 -4.437849
40.440000 -3.783588 -5.200999 -5.262158 -4.930443 -4.846211 -5.008616 -4.685789 -3.911369 -4.075737 -3.950897 -4.669402 -4.912694 -4.433671
40.480000 -3.777602 -5.191927 -5.251814 -4.918201 -4.839641 -5.000928 -4.677775 -3.905509 -4.068545 -3.944544 -4.663994 -4.906493 -4.429766
40.520000 -3.771494 -5.183473 -5.240099 -4.903947 -4.832878 -4.993046 -4.671885 -3.899497 -4.061198 -3.939376 -4.658466 -4.900195 -4.423007
40.560000 -3.765273 -5.173524 -5.226531 -4.888098 -4.826014 -4.985063 -4.667476 -3.893430 -4.053792 -3.933502 -4.652913 -4.893904 -4.417677
40.600000 -3.759138 -5.163459 -5.212558 -4.874647 -4.819200 -4.977130 -4.661804 -3.887458 -4.045354 -3.926305 -4.647490 -4.887767 -4.410088
40.640000 -3.752619 -5.153094 -5.195838 -4.859390 -4.811950 -4.968761 -4.655697 -3.881100 -4.035283 -3.918819 -4.641714 -4.881314 -4.402723
40.680000 -3.746196 -5.140989 -5.182238 -4.846327 -4.804823 -4.960515 -4.649713 -3.874916 -4.027834 -3.911599 -4.636151 -4.875099 -4.393432
40.720000 -3.739632 -5.130439 -5.169595 -4.834161 -4.797434 -4.952005 -4.643465 -3.868523 -4.020753 -3.904048 -4.630416 -4.868750 -4.383910
40.760000 -3.732933 -5.116169 -5.152216 -4.815390 -4.790009 -4.943459 -4.637181 -3.862150 -4.013670 -3.896503 -4.624745 -4.862491 -4.377324
40.800000 -3.726337 -5.105079 -5.138867 -4.794622 -4.782499 -4.934827 -4.630814 -3.855751 -4.006541 -3.888919 -4.619089 -4.856013 -4.370720
40.840000 -3.719691 -5.089584 -5.120872 -4.772985 -4.775073 -4.925906 -4.624531 -3.849497 -3.999534 -3.881466 -4.613626 -4.849164 -4.364267
40.880000 -3.713145 -5.076314 -5.101394 -4.753287 -4.767597 -4.916821 -4.616950 -3.843256 -3.992515 -3.874003 -4.608222 -4.842417 -4.357837
40.920000 -3.706945 -5.061554 -5.079404 -4.734371 -4.760488 -4.908101 -4.611079 -3.837450 -3.985907 -3.866887 -4.603305 -4.834707 -4.351851
40.960000 -3.701079 -5.045957 -5.061717 -4.718016 -4.753707 -4.895157 -4.605537 -3.832041 -3.979671 -3.860149 -4.598836 -4.824824 -4.346274
41.000000 -3.695291 -5.032835 -5.045818 -4.698192 -4.746828 -4.882232 -4.599899 -3.826606 -3.973384 -3.853367 -4.594398 -4.815041 -4.340684
41.040000 -3.690368 -5.016415 -5.031022 -4.683415 -4.740950 -4.870819 -4.595264 -3.822247 -3.968148 -3.847642 -4.591093 -4.806460 -4.336184
41.080000 -3.685501 -5.004396 -5.013537 -4.664103 -4.734845 -4.859174 -4.590711 -3.817740 -3.962735 -3.841751 -4.587700 -4.797867 -4.331553
41.120000 -3.680905 -4.987061 -5.001080 -4.649113 -4.729225 -4.847989 -4.586671 -3.813799 -3.957863 -3.836369 -4.584936 -4.789979 -4.327446
41.160000 -3.676571 -4.974967 -4.983319 -4.630478 -4.723539 -4.840791 -4.582146 -3.809876 -3.952979 -3.830870 -4.582255 -4.782256 -4.323267
41.200000 -3.672280 -4.957653 -4.967503 -4.611929 -4.718101 -4.833977 -4.578984 -3.806290 -3.948405 -3.825858 -4.579979 -4.775018 -4.319446
41.240000 -3.668189 -4.943162 -4.948613 -4.596832 -4.712647 -4.827152 -4.576154 -3.802780 -3.943706 -3.821916 -4.577848 -4.768014 -4.315725
41.280000 -3.664136 -4.927795 -4.930811 -4.579664 -4.707206 -4.820322 -4.572765 -3.799376 -3.938801 -3.816759 -4.575899 -4.761277 -4.312137
41.320000 -3.660189 -4.910731 -4.914441 -4.563721 -4.701899 -4.810917 -4.569367 -3.796205 -3.932611 -3.811819 -4.574255 -4.755203 -4.308810
41.360000 -3.656346 -4.897526 -4.896077 -4.547103 -4.696387 -4.799674 -4.565155 -3.792935 -3.925818 -3.806765 -4.572593 -4.753827 -4.305416
41.400000 -3.652536 -4.879760 -4.876537 -4.531634 -4.691108 -4.789760 -4.559159 -3.790000 -3.921914 -3.802293 -4.571343 -4.752817 -4.302390
41.440000 -3.648918 -4.866961 -4.854653 -4.515365 -4.685619 -4.781916 -4.552972 -3.786981 -3.918100 -3.798891 -4.570094 -4.751764 -4.299317
41.480000 -3.645329 -4.849041 -4.839869 -4.500768 -4.680415 -4.775945 -4.548545 -3.784349 -3.914659 -3.795989 -4.569314 -4.751133 -4.296670
41.520000 -3.641875 -4.835978 -4.824461 -4.483032 -4.674907 -4.769731 -4.544316 -3.781566 -3.910893 -3.793156 -4.568475 -4.750394 -4.293915
41.560000 -3.638552 -4.818284 -4.811708 -4.467655 -4.669761 -4.764193 -4.538385 -3.779270 -3.907576 -3.791146 -4.568206 -4.750180 -4.291692
41.600000 -3.635255 -4.803202 -4.797615 -4.452976 -4.664342 -4.757655 -4.533548 -3.776853 -3.904125 -3.789430 -4.567914 -4.749891 -4.289398
41.640000 -3.632229 -4.787588 -4.783612 -4.438916 -4.659102 -4.750809 -4.528784 -3.774803 -3.901027 -3.784724 -4.568075 -4.750010 -4.287803
41.680000 -3.629224 -4.770767 -4.768329 -4.423072 -4.653896 -4.740820 -4.524021 -3.772903 -3.898065 -3.780685 -4.568488 -4.750327 -4.286600
41.720000 -3.626357 -4.757143 -4.755073 -4.403630 -4.648338 -4.731752 -4.517443 -3.770956 -3.895040 -3.777945 -4.568943 -4.750640 -4.285396
41.760000 -3.623625 -4.740188 -4.743497 -4.381692 -4.643185 -4.723012 -4.507757 -3.769449 -3.892443 -3.775644 -4.569945 -4.751445 -4.284682
41.800000 -3.620910 -4.727058 -4.726007 -4.361437 -4.637297 -4.708579 -4.493681 -3.767723 -3.889609 -3.772577 -4.570819 -4.752077 -4.283799
41.840000 -3.618442 -4.710498 -4.712355 -4.344981 -4.632027 -4.696265 -4.480743 -3.766577 -3.887343 -3.768837 -4.572382 -4.753341 -4.283551
41.880000 -3.615987 -4.697599 -4.694852 -4.335896 -4.625893 -4.684967 -4.465318 -3.765222 -3.884624 -3.765451 -4.573832 -4.754446 -4.283153
41.920000 -3.613691 -4.681490 -4.679998 -4.327345 -4.620092 -4.670733 -4.451863 -3.764378 -3.882271 -3.762602 -4.575904 -4.756115 -4.283327
41.960000 -3.611550 -4.667763 -4.664648 -4.319947 -4.613948 -4.659475 -4.438059 -3.763556 -3.879907 -3.760070 -4.578094 -4.757860 -4.283586
42.000000 -3.609421 -4.653626 -4.648589 -4.313970 -4.607227 -4.653394 -4.430641 -3.762898 -3.878379 -3.759351 -4.580561 -4.759822 -4.284078
42.040000 -3.607643 -4.639501 -4.634414 -4.309514 -4.601123 -4.645897 -4.424229 -3.762638 -3.878021 -3.758968 -4.583526 -4.762239 -4.284926
42.080000 -3.605873 -4.627480 -4.622234 -4.306237 -4.593588 -4.627405 -4.415467 -3.762364 -3.874892 -3.757968 -4.586590 -4.764696 -4.285821
42.120000 -3.604277 -4.613933 -4.606885 -4.301547 -4.587122 -4.610200 -4.405352 -3.762392 -3.871964 -3.755710 -4.590058 -4.767516 -4.287112
42.160000 -3.602854 -4.602946 -4.591762 -4.297169 -4.578667 -4.595701 -4.391053 -3.762624 -3.870044 -3.753690 -4.593845 -4.770594 -4.288443
42.200000 -3.601435 -4.590358 -4.576194 -4.293682 -4.571340 -4.582557 -4.375946 -3.762958 -3.868796 -3.751810 -4.597837 -4.773837 -4.289956
42.240000 -3.600345 -4.580187 -4.562267 -4.289036 -4.562270 -4.568507 -4.361769 -3.763678 -3.867825 -3.750355 -4.602329 -4.777521 -4.291974
42.280000 -3.599258 -4.568781 -4.546994 -4.286543 -4.553436 -4.552878 -4.355658 -3.764587 -3.867013 -3.749130 -4.607114 -4.781460 -4.294293
42.320000 -3.598345 -4.558842 -4.533496 -4.277781 -4.544298 -4.539646 -4.347442 -3.765613 -3.866691 -3.748067 -4.612133 -4.785572 -4.296857
42.360000 -3.597605 -4.549260 -4.525225 -4.269370 -4.533818 -4.525057 -4.335016 -3.767067 -3.867928 -3.747474 -4.617684 -4.790179 -4.299969
42.400000 -3.596867 -4.539734 -4.513858 -4.260219 -4.524763 -4.514486 -4.324857 -3.768361 -3.868005 -3.746795 -4.623192 -4.794684 -4.303055
42.440000 -3.596483 -4.531789 -4.506318 -4.254130 -4.513170 -4.507453 -4.312011 -3.770339 -3.868141 -3.747015 -4.629490 -4.799943 -4.306955
42.480000 -3.596099 -4.523262 -4.499271 -4.249095 -4.503999 -4.496235 -4.297431 -3.772087 -3.868592 -3.747054 -4.635673 -4.805029 -4.310765
42.520000 -3.595886 -4.516296 -4.491333 -4.244791 -4.491353 -4.488554 -4.279061 -3.774458 -3.869900 -3.747759 -4.642589 -4.810811 -4.315334
42.560000 -3.595845 -4.508953 -4.487174 -4.242961 -4.481382 -4.477138 -4.258943 -3.776746 -3.871059 -3.748425 -4.649536 -4.816571 -4.319970
42.600000 -3.595803 -4.502943 -4.484136 -4.240522 -4.468436 -4.459766 -4.245504 -3.779417 -3.872199 -3.749477 -4.656977 -4.822786 -4.325130
42.640000 -3.596093 -4.496910 -4.481703 -4.239192 -4.457034 -4.442694 -4.233077 -3.782354 -3.873311 -3.750682 -4.664799 -4.829331 -4.330617
42.680000 -3.596384 -4.491866 -4.482633 -4.238519 -4.444773 -4.425564 -4.219033 -3.785379 -3.874662 -3.752032 -4.672824 -4.836039 -4.335566
42.720000 -3.596839 -4.487344 -4.486158 -4.240992 -4.431684 -4.410331 -4.205452 -3.788804 -3.877596 -3.753834 -4.681360 -4.843212 -4.341294
42.760000 -3.597458 -4.483343 -4.495158 -4.249242 -4.420416 -4.391126 -4.192246 -3.792100 -3.879709 -3.755573 -4.689888 -4.850335 -4.346932
42.800000 -3.598078 -4.480390 -4.497968 -4.256686 -4.406271 -4.373919 -4.180202 -3.795926 -3.880938 -3.757897 -4.699059 -4.858059 -4.353137
42.840000 -3.599099 -4.477764 -4.496912 -4.261632 -4.395647 -4.359819 -4.168044 -3.799601 -3.882121 -3.760137 -4.708202 -4.865712 -4.359239
42.880000 -3.600123 -4.476672 -4.500410 -4.269058 -4.381267 -4.350760 -4.156277 -3.803967 -3.883551 -3.763134 -4.718157 -4.874136 -4.366083
42.920000 -3.601335 -4.475548 -4.508387 -4.277802 -4.370342 -4.337922 -4.142891 -3.807922 -3.884678 -3.765779 -4.727820 -4.882226 -4.372564
42.960000 -3.602736 -4.476456 -4.507363 -4.294135 -4.356124 -4.330834 -4.129669 -3.812700 -3.888557 -3.769336 -4.738448 -4.891244 -4.379946
43.000000 -3.604142 -4.477136 -4.519975 -4.309116 -4.344571 -4.318151 -4.117033 -3.816998 -3.892080 -3.772457 -4.748707 -4.899850 -4.387699
43.040000 -3.605711 -4.479774 -4.534315 -4.314199 -4.330856 -4.310962 -4.103657 -3.821870 -3.895452 -3.776278 -4.759715 -4.909172 -4.397329
43.080000 -3.607285 -4.482884 -4.544801 -4.318548 -4.317844 -4.299064 -4.093030 -3.826636 -3.897123 -3.780021 -4.770734 -4.918460 -4.406951
43.120000 -3.608975 -4.487064 -4.557184 -4.326541 -4.305644 -4.290154 -4.081583 -3.831285 -3.898868 -3.784311 -4.781826 -4.927793 -4.416637
43.160000 -3.610783 -4.492832 -4.576041 -4.347985 -4.291664 -4.280753 -4.076133 -3.836516 -3.900388 -3.787392 -4.793683 -4.937845 -4.427071
43.200000 -3.612598 -4.498692 -4.599199 -4.369457 -4.280904 -4.268897 -4.069223 -3.840905 -3.900386 -3.790709 -4.804825 -4.947158 -4.436784
43.240000 -3.614656 -4.507031 -4.626710 -4.389151 -4.267255 -4.255761 -4.070989 -3.846293 -3.901001 -3.794331 -4.817307 -4.957766 -4.447818
43.280000 -3.616723 -4.515104 -4.641225 -4.406384 -4.257112 -4.247265 -4.070103 -3.850758 -3.901408 -3.797159 -4.828861 -4.967425 -4.457994
43.320000 -3.618910 -4.525839 -4.658597 -4.428242 -4.244202 -4.235594 -4.064879 -3.856029 -3.904833 -3.797842 -4.841837 -4.978463 -4.469923
43.360000 -3.621218 -4.536420 -4.684701 -4.444424 -4.234493 -4.226411 -4.056920 -3.860572 -3.910000 -3.800535 -4.853955 -4.988623 -4.481111
43.400000 -3.623538 -4.549345 -4.716230 -4.455767 -4.222965 -4.216032 -4.049894 -3.865534 -3.912547 -3.805283 -4.867297 -5.001233 -4.493823
43.440000 -3.626091 -4.563160 -4.741300 -4.468024 -4.213121 -4.210143 -4.044466 -3.870268 -3.914541 -3.809505 -4.880453 -5.016966 -4.506359
43.480000 -3.628659 -4.577749 -4.763982 -4.481304 -4.204203 -4.208336 -4.040528 -3.874682 -3.916280 -3.810901 -4.893797 -5.032863 -4.519080
43.520000 -3.631360 -4.594689 -4.785913 -4.496956 -4.194828 -4.207409 -4.038099 -3.879258 -3.917594 -3.812899 -4.908014 -5.049611 -4.532679
43.560000 -3.634198 -4.611069 -4.815546 -4.515956 -4.188344 -4.198918 -4.037224 -3.883126 -3.917214 -3.811316 -4.921227 -5.063735 -4.545269
43.600000 -3.637054 -4.630523 -4.850138 -4.540044 -4.180873 -4.195157 -4.041049 -3.887027 -3.917738 -3.813188 -4.936093 -5.076193 -4.559515
43.640000 -3.640228 -4.649303 -4.881879 -4.561208 -4.175922 -4.195525 -4.042644 -3.890689 -3.920171 -3.812780 -4.949620 -5.087382 -4.572414
43.680000 -3.643426 -4.671194 -4.912940 -4.586408 -4.170968 -4.197836 -4.043674 -3.893897 -3.922462 -3.813468 -4.965230 -5.100761 -4.587391
43.720000 -3.646932 -4.693042 -4.939480 -4.610912 -4.167790 -4.196871 -4.047677 -3.897056 -3.922002 -3.814970 -4.979552 -5.112935 -4.600126
43.760000 -3.650756 -4.717215 -4.973901 -4.639129 -4.165513 -4.203098 -4.054013 -3.899996 -3.922084 -3.816853 -4.995629 -5.126971 -4.614767
43.800000 -3.654613 -4.742837 -5.013125 -4.668035 -4.164409 -4.212934 -4.061127 -3.902390 -3.922324 -3.817790 -5.011346 -5.141749 -4.630642
43.840000 -3.658869 -4.768315 -5.054298 -4.698257 -4.164478 -4.218741 -4.068562 -3.905085 -3.920704 -3.822469 -5.026985 -5.157801 -4.644906
43.880000 -3.663167 -4.797403 -5.100279 -4.731948 -4.165804 -4.230667 -4.077206 -3.906789 -3.922907 -3.829733 -5.043920 -5.175113 -4.660225
43.920000 -3.667765 -4.824890 -5.145839 -4.764338 -4.167800 -4.245174 -4.085513 -3.909206 -3.921941 -3.834610 -5.059021 -5.188803 -4.672319
43.960000 -3.672672 -4.856808 -5.197103 -4.802194 -4.171963 -4.259851 -4.094602 -3.910469 -3.924239 -3.841631 -5.076673 -5.205075 -4.686982
44.000000 -3.677635 -4.887171 -5.247607 -4.838709 -4.175588 -4.277978 -4.102407 -3.912706 -3.922458 -3.843563 -5.091689 -5.218743 -4.699033
44.040000 -3.683332 -4.922037 -5.303941 -4.880553 -4.182496 -4.296039 -4.113062 -3.913956 -3.923063 -3.847126 -5.109911 -5.235613 -4.714311
44.080000 -3.689104 -4.957160 -5.359156 -4.921698 -4.189144 -4.313551 -4.122084 -3.915823 -3.922751 -3.852958 -5.126254 -5.250643 -4.727822
44.120000 -3.695452 -4.994228 -5.417851 -4.965358 -4.197408 -4.329835 -4.134087 -3.917805 -3.923453 -3.854772 -5.143652 -5.266690 -4.742837
44.160000 -3.702401 -5.034994 -5.485334 -5.011219 -4.207771 -4.348793 -4.148261 -3.919605 -3.928073 -3.857406 -5.161945 -5.283653 -4.758784
44.200000 -3.709463 -5.074205 -5.554439 -5.055611 -4.216926 -4.364822 -4.161129 -3.922720 -3.928990 -3.862012 -5.178072 -5.298380 -4.772565
44.240000 -3.717638 -5.119548 -5.629378 -5.105262 -4.229958 -4.384283 -4.177991 -3.925368 -3.938262 -3.865928 -5.197103 -5.315989 -4.789256
44.280000 -3.725971 -5.163253 -5.702971 -5.152526 -4.241151 -4.401503 -4.194118 -3.929724 -3.947996 -3.873112 -5.213156 -5.330544 -4.802974
44.320000 -3.735132 -5.212652 -5.783540 -5.204637 -4.256118 -4.423018 -4.217106 -3.933359 -3.964118 -3.881858 -5.232049 -5.347812 -4.819211
44.360000 -3.745174 -5.262180 -5.865171 -5.256495 -4.270021 -4.443021 -4.235168 -3.939279 -3.975795 -3.886157 -5.248710 -5.362811 -4.832812
44.400000 -3.755452 -5.315902 -5.945995 -5.314845 -4.286679 -4.466453 -4.253131 -3.944269 -3.994495 -3.894297 -5.267169 -5.379279 -4.847958
44.440000 -3.767396 -5.372842 -6.027138 -5.375296 -4.304592 -4.495386 -4.272946 -3.951423 -4.012012 -3.906716 -5.285574 -5.396045 -4.856982
44.480000 -3.779678 -5.431343 -6.112608 -5.436396 -4.322527 -4.524116 -4.293000 -3.959335 -4.027651 -3.920925 -5.303050 -5.411676 -4.866502
44.520000 -3.793008 -5.495435 -6.210429 -5.501996 -4.343705 -4.555126 -4.316802 -3.967450 -4.047338 -3.934418 -5.322172 -5.429151 -4.878680
44.560000 -3.807474 -5.559462 -6.309530 -5.568464 -4.363305 -4.585206 -4.341426 -3.978299 -4.069799 -3.946773 -5.338873 -5.443894 -4.889550
44.600000 -3.822439 -5.629130 -6.414579 -5.639660 -4.386144 -4.619265 -4.363315 -3.988585 -4.087084 -3.962184 -5.357046 -5.460182 -4.903319
44.640000 -3.839282 -5.700660 -6.522681 -5.713041 -4.408727 -4.652101 -4.394454 -4.001978 -4.109460 -3.978356 -5.374015 -5.475194 -4.916492
44.680000 -3.856805 -5.777487 -6.638252 -5.792386 -4.433988 -4.687210 -4.429258 -4.015393 -4.129087 -3.994809 -5.391806 -5.490951 -4.932354
44.720000 -3.875512 -5.856737 -6.760111 -5.873645 -4.459179 -4.721624 -4.458027 -4.030776 -4.154258 -4.010752 -5.408263 -5.505614 -4.946788
44.760000 -3.895528 -5.940495 -6.888077 -5.959662 -4.486749 -4.758493 -4.487746 -4.047253 -4.184893 -4.031121 -5.425340 -5.520458 -4.964154
44.800000 -3.916513 -6.028188 -7.026153 -6.051870 -4.515490 -4.795922 -4.518532 -4.064853 -4.216089 -4.050102 -5.441868 -5.535884 -4.982008
44.840000 -3.938846 -6.119098 -7.173168 -6.150757 -4.544536 -4.833471 -4.549751 -4.084435 -4.247395 -4.069785 -5.457343 -5.549819 -4.996530
44.880000 -3.962390 -6.216142 -7.318176 -6.256999 -4.576589 -4.873821 -4.584002 -4.104785 -4.281104 -4.091037 -5.472949 -5.565711 -5.010957
44.920000 -3.987022 -6.314749 -7.471632 -6.366600 -4.607679 -4.912643 -4.617215 -4.127177 -4.313365 -4.113239 -5.487356 -5.579428 -5.022101
44.960000 -4.012857 -6.418764 -7.613414 -6.472132 -4.641241 -4.954138 -4.652534 -4.150524 -4.347636 -4.139785 -5.501823 -5.594070 -5.033740
45.000000 -4.040328 -6.526664 -7.784383 -6.580905 -4.675512 -4.995667 -4.689106 -4.175999 -4.381873 -4.166529 -5.516568 -5.609187 -5.046226
45.040000 -4.068172 -6.639143 -7.962651 -6.694531 -4.710615 -5.038612 -4.728438 -4.201891 -4.416791 -4.194740 -5.530068 -5.623364 -5.057753
45.080000 -4.097924 -6.756781 -8.129919 -6.814108 -4.747483 -5.082287 -4.769159 -4.229905 -4.452303 -4.225734 -5.544409 -5.639465 -5.071820
45.120000 -4.128462 -6.877516 -8.301941 -6.944712 -4.785019 -5.127974 -4.808048 -4.258897 -4.488384 -4.255322 -5.558712 -5.654566 -5.085664
45.160000 -4.159802 -7.003143 -8.480256 -7.083736 -4.823775 -5.173872 -4.847589 -4.288742 -4.524493 -4.286010 -5.572560 -5.671976 -5.104814
45.200000 -4.193580 -7.134340 -8.665663 -7.218271 -4.864228 -5.222890 -4.888154 -4.321348 -4.562064 -4.318948 -5.588861 -5.690296 -5.132220
45.240000 -4.226306 -7.269498 -8.830834 -7.356336 -4.904381 -5.271228 -4.928964 -4.352913 -4.598469 -4.352294 -5.601912 -5.708599 -5.160506
45.280000 -4.261701 -7.409500 -8.991526 -7.500258 -4.946638 -5.322430 -4.973404 -4.387312 -4.636555 -4.383408 -5.619444 -5.729071 -5.191407
45.320000 -4.297641 -7.553623 -9.160777 -7.649357 -4.989469 -5.375237 -5.019050 -4.422379 -4.674980 -4.414281 -5.636960 -5.749706 -5.224686
45.360000 -4.334001 -7.702275 -9.364138 -7.803248 -5.032954 -5.429054 -5.064684 -4.457842 -4.712431 -4.446650 -5.655801 -5.772143 -5.258697
45.400000 -4.373686 -7.858723 -9.595239 -7.964434 -5.079616 -5.487720 -5.114265 -4.496752 -4.752799 -4.484468 -5.678117 -5.797214 -5.295753
45.440000 -4.410592 -8.017299 -9.829436 -8.125741 -5.124215 -5.543953 -5.160768 -4.532778 -4.789582 -4.522734 -5.697803 -5.821109 -5.320517
45.480000 -4.450929 -8.180962 -10.071588 -8.298380 -5.172117 -5.605340 -5.212085 -4.572239 -4.829752 -4.564265 -5.722622 -5.848469 -5.345272
45.520000 -4.491542 -8.350059 -10.315718 -8.480265 -5.221116 -5.668431 -5.264145 -4.611899 -4.869555 -4.606317 -5.747137 -5.884504 -5.371564
45.560000 -4.532110 -8.523434 -10.566569 -8.665795 -5.270310 -5.732938 -5.314376 -4.651369 -4.909572 -4.647835 -5.773972 -5.920515 -5.399001
45.600000 -4.576862 -8.706772 -10.814074 -8.840306 -5.324484 -5.803350 -5.368073 -4.694996 -4.953163 -4.693641 -5.803985 -5.960053 -5.435589
45.640000 -4.617227 -8.888644 -11.055589 -9.012859 -5.375180 -5.870713 -5.418809 -4.733906 -4.992525 -4.734793 -5.832298 -5.993866 -5.471091
45.680000 -4.661731 -9.078426 -11.307409 -9.202604 -5.430576 -5.944575 -5.472620 -4.776875 -5.035550 -4.779608 -5.865321 -6.030236 -5.510907
45.720000 -4.706161 -9.273226 -11.567644 -9.397480 -5.487334 -6.020369 -5.531653 -4.819464 -5.078738 -4.824669 -5.899349 -6.065007 -5.552460
45.760000 -4.749948 -9.472992 -11.833242 -9.595863 -5.544275 -6.097942 -5.592454 -4.861264 -5.121479 -4.868485 -5.933663 -6.099951 -5.593347
45.800000 -4.798650 -9.683532 -12.104060 -9.801675 -5.608079 -6.182075 -5.657472 -4.907675 -5.168894 -4.914603 -5.973181 -6.140330 -5.639264
45.840000 -4.841565 -9.889650 -12.375439 -10.006820 -5.667234 -6.262682 -5.720997 -4.948084 -5.208944 -4.954706 -6.008414 -6.177860 -5.679306
45.880000 -4.889192 -10.106061 -12.655239 -10.211725 -5.733133 -6.350274 -5.792216 -4.992996 -5.251925 -4.999118 -6.048137 -6.219846 -5.723927
45.920000 -4.936567 -10.327850 -12.928968 -10.403711 -5.800553 -6.440475 -5.865359 -5.037386 -5.294325 -5.043220 -6.089093 -6.261221 -5.768221
45.960000 -4.982931 -10.555341 -13.199654 -10.598766 -5.868946 -6.534904 -5.935064 -5.080666 -5.334860 -5.086690 -6.128627 -6.300710 -5.811136
46.000000 -5.034841 -10.791472 -13.489246 -10.803444 -5.945414 -6.640797 -6.011954 -5.129204 -5.381543 -5.139800 -6.174964 -6.345666 -5.859608
46.040000 -5.079875 -11.024511 -13.796935 -11.031235 -6.016875 -6.744268 -6.088728 -5.170854 -5.420869 -5.185539 -6.214280 -6.382972 -5.900450
46.080000 -5.130124 -11.268183 -14.126074 -11.330367 -6.096579 -6.856865 -6.175350 -5.217514 -5.466220 -5.232369 -6.259522 -6.426915 -5.946815
46.120000 -5.180027 -11.518907 -14.451017 -11.641360 -6.177867 -6.972863 -6.265046 -5.263912 -5.511123 -5.277843 -6.304155 -6.471641 -5.991897
46.160000 -5.228662 -11.774276 -14.785275 -11.890888 -6.261456 -7.091203 -6.357857 -5.308922 -5.555657 -5.322176 -6.347838 -6.515662 -6.035825
46.200000 -5.283438 -12.037102 -15.136496 -12.154346 -6.353357 -7.220533 -6.457386 -5.360214 -5.611467 -5.373742 -6.397494 -6.565266 -6.085019
46.240000 -5.330535 -12.296718 -15.477442 -12.415971 -6.441079 -7.345726 -6.554956 -5.403870 -5.658634 -5.420734 -6.439345 -6.607196 -6.126239
46.280000 -5.383368 -12.570174 -15.859993 -12.692087 -6.537089 -7.480381 -6.662517 -5.453433 -5.710350 -5.474564 -6.486886 -6.654199 -6.172564
46.320000 -5.435839 -12.849595 -16.237548 -12.969077 -6.636145 -7.618612 -6.773963 -5.502809 -5.761448 -5.524703 -6.533602 -6.700232 -6.217755
46.360000 -5.486871 -13.131612 -16.618146 -13.250700 -6.736971 -7.760283 -6.887638 -5.550936 -5.812506 -5.571238 -6.578806 -6.739287 -6.261038
46.400000 -5.544709 -13.422021 -17.012565 -13.545660 -6.847830 -7.912544 -7.008969 -5.606155 -5.870895 -5.625130 -6.630038 -6.790939 -6.309883
46.440000 -5.594096 -13.710856 -17.401011 -13.838584 -6.953674 -8.061331 -7.110808 -5.653142 -5.924682 -5.673141 -6.672847 -6.834041 -6.350064
46.480000 -5.649829 -14.014053 -17.804283 -14.133519 -7.068711 -8.221064 -7.221146 -5.706845 -5.985096 -5.728568 -6.720910 -6.881760 -6.395048
46.520000 -5.705241 -14.323925 -18.179669 -14.393088 -7.187771 -8.387496 -7.331877 -5.760441 -6.046739 -5.784832 -6.768608 -6.928940 -6.439444
46.560000 -5.759091 -14.631237 -18.535635 -14.656142 -7.307961 -8.558636 -7.443341 -5.812888 -6.108268 -5.839958 -6.813442 -6.972143 -6.480645
46.600000 -5.820577 -14.949839 -18.951439 -14.928377 -7.440200 -8.739583 -7.566708 -5.873232 -6.177722 -5.903377 -6.865578 -7.022418 -6.528913
46.640000 -5.872779 -15.269909 -19.361477 -15.192620 -7.565283 -8.904243 -7.690699 -5.924706 -6.238924 -5.957595 -6.907208 -7.062149 -6.566605
46.680000 -5.932123 -15.602621 -19.793054 -15.510418 -7.702473 -9.093395 -7.824534 -5.983605 -6.307795 -6.019823 -6.955314 -7.108432 -6.610615
46.720000 -5.991291 -15.940042 -20.229400 -15.841131 -7.841906 -9.286697 -7.961849 -6.042729 -6.378161 -6.081833 -7.001962 -7.153204 -6.653414
46.760000 -6.048846 -16.273027 -20.722343 -16.172679 -7.985002 -9.485638 -8.100148 -6.100565 -6.448494 -6.142353 -7.045954 -7.195401 -6.696855
46.800000 -6.115211 -16.625744 -21.269325 -16.514355 -8.138373 -9.697097 -8.254875 -6.167602 -6.528437 -6.210753 -7.097589 -7.245200 -6.749652
46.840000 -6.171149 -16.973765 -21.761231 -16.861189 -8.286364 -9.904301 -8.401212 -6.224577 -6.599465 -6.265742 -7.137463 -7.283259 -6.790885
46.880000 -6.235373 -17.341428 -22.257403 -17.224732 -8.445498 -10.121555 -8.561023 -6.290217 -6.679933 -6.329647 -7.184424 -7.328460 -6.839374
46.920000 -6.299536 -17.700541 -22.743714 -17.585215 -8.609399 -10.340080 -8.727417 -6.356223 -6.761257 -6.393342 -7.229709 -7.371877 -6.886404
46.960000 -6.361858 -18.064836 -23.241604 -17.924896 -8.774160 -10.565401 -8.904005 -6.420805 -6.842658 -6.455971 -7.271857 -7.412365 -6.930439
47.000000 -6.434646 -18.449602 -23.774769 -18.273509 -8.952639 -10.815991 -9.091702 -6.496313 -6.934781 -6.533793 -7.323009 -7.463235 -6.983599
47.040000 -6.495120 -18.830558 -24.335542 -18.618628 -9.123223 -11.048847 -9.275550 -6.559985 -7.017031 -6.601495 -7.360448 -7.502186 -7.024771
47.080000 -6.565398 -19.222270 -24.888153 -18.975314 -9.306738 -11.296618 -9.471533 -6.633994 -7.108854 -6.677867 -7.406250 -7.549128 -7.078646
47.120000 -6.635707 -19.609191 -25.487521 -19.328588 -9.495896 -11.553514 -9.672725 -6.708570 -7.204110 -6.758284 -7.450896 -7.595546 -7.131819
47.160000 -6.703715 -20.008434 -26.048023 -19.656597 -9.682680 -11.807290 -9.875779 -6.781516 -7.295986 -6.839450 -7.491719 -7.637834 -7.183857
47.200000 -6.784387 -20.423739 -26.603821 -20.003295 -9.888972 -12.083203 -10.095446 -6.867679 -7.404493 -6.932010 -7.544604 -7.688552 -7.244614
47.240000 -6.850211 -20.840248 -27.131599 -20.407096 -10.081224 -12.344233 -10.308186 -6.939851 -7.497304 -7.011279 -7.581006 -7.725799 -7.282453
47.280000 -6.927825 -21.249823 -27.692534 -20.807013 -10.293463 -12.628513 -10.532175 -7.024411 -7.605238 -7.104175 -7.629129 -7.788272 -7.332063
47.320000 -7.005538 -21.674291 -28.238626 -21.186519 -10.504203 -12.912204 -10.765631 -7.110136 -7.713176 -7.197218 -7.675790 -7.855688 -7.380766
47.360000 -7.080165 -22.100182 -28.824388 -21.553852 -10.719291 -13.195544 -10.999575 -7.193392 -7.820645 -7.283065 -7.719913 -7.918343 -7.430604
47.400000 -7.170332 -22.559359 -29.384379 -21.950585 -10.949809 -13.498315 -11.270161 -7.293433 -7.942829 -7.386788 -7.778341 -7.980006 -7.499896
47.440000 -7.242054 -22.988826 -29.973262 -22.329585 -11.170401 -13.794845 -11.500462 -7.375831 -8.045785 -7.470163 -7.818921 -8.020578 -7.541095
47.480000 -7.328010 -23.433461 -30.606529 -22.739515 -11.405700 -14.111273 -11.737594 -7.473682 -8.163946 -7.569670 -7.873447 -8.078008 -7.601435
47.520000 -7.414138 -23.890464 -31.191857 -23.149525 -11.645222 -14.430860 -12.010025 -7.572951 -8.290124 -7.667469 -7.928211 -8.152019 -7.666049
47.560000 -7.496015 -24.351248 -31.815704 -23.551778 -11.883463 -14.748559 -12.323754 -7.668986 -8.421201 -7.764660 -7.979604 -8.235705 -7.730531
47.600000 -7.597002 -24.844084 -32.462735 -23.972832 -12.145002 -15.090081 -12.605072 -7.785888 -8.574344 -7.881417 -8.049755 -8.321393 -7.812101
47.640000 -7.674877 -25.290616 -33.111496 -24.380786 -12.390164 -15.417300 -12.838225 -7.880453 -8.709181 -7.979224 -8.098564 -8.380146 -7.876744
47.680000 -7.769836 -25.774852 -33.784211 -24.817526 -12.650655 -15.762927 -13.089683 -7.994454 -8.855639 -8.107854 -8.163786 -8.463365 -7.966947
47.720000 -7.865125 -26.259080 -34.532752 -25.247431 -12.920199 -16.116556 -13.346033 -8.109269 -9.012830 -8.238432 -8.231764 -8.551880 -8.044589
47.760000 -7.954675 -26.765576 -35.210538 -25.673515 -13.180782 -16.460111 -13.597712 -8.221123 -9.159937 -8.368175 -8.293417 -8.638177 -8.120717
47.800000 -8.067620 -27.268280 -35.875258 -26.120791 -13.479248 -16.845568 -13.874945 -8.357034 -9.320487 -8.523622 -8.380727 -8.745830 -8.221272
47.840000 -8.152109 -27.755575 -36.553643 -26.563188 -13.742360 -17.248503 -14.128608 -8.467030 -9.474489 -8.639325 -8.439829 -8.821731 -8.292673
47.880000 -8.257106 -28.265693 -37.178272 -27.018197 -14.038515 -17.676049 -14.403421 -8.599113 -9.648145 -8.775214 -8.520857 -8.912631 -8.389363
47.920000 -8.362642 -28.799506 -37.917101 -27.476679 -14.328272 -18.144381 -14.684398 -8.733598 -9.832553 -8.913090 -8.603635 -9.020325 -8.484380
47.960000 -8.460328 -29.322519 -38.578179 -27.916751 -14.625822 -18.476233 -14.955242 -8.862878 -9.999715 -9.044367 -8.679324 -9.119196 -8.578636
48.000000 -8.586563 -29.858900 -39.384363 -28.408205 -14.947710 -18.866168 -15.264678 -9.021549 -10.196003 -9.208268 -8.785576 -9.246147 -8.698431
48.040000 -8.677473 -30.376552 -40.057394 -28.877641 -15.243625 -19.207231 -15.539472 -9.149150 -10.353964 -9.336040 -8.856551 -9.339666 -8.789181
48.080000 -8.792591 -30.923407 -40.795857 -29.384362 -15.562183 -19.590256 -15.815770 -9.300443 -10.552278 -9.494943 -8.954365 -9.469105 -8.899348
48.120000 -8.908450 -31.499031 -41.571166 -29.892154 -15.886494 -19.989585 -16.091715 -9.458061 -10.762777 -9.656984 -9.052685 -9.595445 -9.012652
48.160000 -9.013673 -32.029244 -42.325743 -30.409991 -16.210596 -20.409641 -16.362058 -9.604266 -10.963595 -9.810253 -9.142852 -9.709846 -9.113205
48.200000 -9.152831 -32.614850 -43.176472 -30.959596 -16.563610 -20.864371 -16.688186 -9.789582 -11.187459 -10.003729 -9.267197 -9.856512 -9.245047
48.240000 -9.249348 -33.150709 -43.841422 -31.487738 -16.888008 -21.316677 -17.004833 -9.933070 -11.382562 -10.164802 -9.350622 -9.963950 -9.333028
48.280000 -9.373632 -33.755940 -44.709757 -31.963742 -17.227409 -21.808886 -17.350316 -10.107967 -11.624242 -10.351501 -9.462676 -10.097415 -9.453236
48.320000 -9.499146 -34.337561 -45.447205 -32.433120 -17.595130 -22.327777 -17.704812 -10.287073 -11.865054 -10.546826 -9.577038 -10.234810 -9.574210
48.360000 -9.611441 -34.906740 -46.367537 -32.884318 -17.930785 -22.829039 -18.035295 -10.453912 -12.116791 -10.730659 -9.679582 -10.356836 -9.678072
48.400000 -9.763300 -35.518174 -47.091822 -33.372388 -18.334379 -23.360899 -18.386829 -10.667089 -12.398053 -10.933843 -9.822088 -10.521778 -9.814656
48.440000 -9.865695 -36.104460 -47.946453 -33.822450 -18.665339 -23.800808 -18.701416 -10.827850 -12.621029 -11.106231 -9.916936 -10.635793 -9.910508
48.480000 -9.999932 -36.733825 -48.745135 -34.326841 -19.055772 -24.319096 -19.043857 -11.030914 -12.884807 -11.297426 -10.043655 -10.783887 -10.037538
48.520000 -10.136213 -37.339377 -49.670014 -34.864461 -19.437766 -24.847865 -19.401440 -11.231113 -13.167816 -11.504187 -10.174130 -10.940465 -10.174721
48.560000 -10.256277 -37.944846 -50.482854 -35.418243 -19.819257 -25.367273 -19.738528 -11.425466 -13.449510 -11.682276 -10.288571 -11.091206 -10.292703
48.600000 -10.422781 -38.592345 -51.328528 -36.021417 -20.243295 -25.960013 -20.119938 -11.663604 -13.779126 -11.920823 -10.450679 -11.285879 -10.461460
48.640000 -10.531116 -39.230531 -52.225699 -36.594756 -20.608544 -26.515995 -20.415001 -11.850913 -14.044382 -12.095082 -10.555078 -11.425778 -10.562262
48.680000 -10.675792 -39.868094 -53.068354 -37.182589 -21.033185 -27.094105 -20.761406 -12.076076 -14.357433 -12.317208 -10.696616 -11.603953 -10.708639
48.720000 -10.823378 -40.518431 -54.081358 -37.825723 -21.438856 -27.708311 -21.101303 -12.305946 -14.667467 -12.543668 -10.841747 -11.780275 -10.863766
48.760000 -10.950695 -41.137852 -54.815787 -38.376834 -21.864076 -28.257832 -21.436304 -12.524555 -14.979045 -12.789257 -10.967036 -11.935594 -10.994530
48.800000 -11.131582 -41.860167 -55.866095 -38.992987 -22.300480 -28.873429 -21.821325 -12.789943 -15.329188 -13.064657 -11.146737 -12.147114 -11.180483
48.840000 -11.244961 -42.499454 -56.652483 -39.517289 -22.722864 -29.428893 -22.144585 -13.005280 -15.618300 -13.261372 -11.259143 -12.288024 -11.302100
48.880000 -11.398817 -43.172760 -57.741743 -40.107725 -23.143737 -30.078594 -22.547185 -13.248067 -15.899235 -13.521710 -11.412858 -12.468586 -11.461590
48.920000 -11.556713 -43.847916 -58.553028 -40.696061 -23.620754 -30.664362 -22.983332 -13.514417 -16.220774 -13.765346 -11.570836 -12.653606 -11.629424
48.960000 -11.690642 -44.513793 -59.511083 -41.290347 -24.031470 -31.285959 -23.379091 -13.745398 -16.496185 -14.004130 -11.705538 -12.818692 -11.782693
49.000000 -11.885293 -45.276043 -60.491238 -41.884132 -24.537927 -32.040584 -23.875367 -14.052310 -16.898919 -14.300349 -11.901289 -13.044938 -11.981494
49.040000 -12.004152 -45.934217 -61.452036 -42.455838 -24.960412 -32.785079 -24.260896 -14.278394 -17.196019 -14.519639 -12.021805 -13.200532 -12.113543
49.080000 -12.168333 -46.637879 -62.465122 -43.051799 -25.430164 -33.440981 -24.727261 -14.556375 -17.605399 -14.803050 -12.188111 -13.390374 -12.268244
49.120000 -12.338463 -47.336038 -63.339105 -43.704479 -25.930854 -34.118589 -25.187095 -14.847466 -17.956347 -15.068796 -12.360785 -13.608201 -12.444087
49.160000 -12.480747 -48.072453 -64.420645 -44.266066 -26.365605 -34.821657 -25.638951 -15.102226 -18.345759 -15.353165 -12.506281 -13.801696 -12.587750
49.200000 -12.693757 -48.843129 -65.357898 -44.928422 -26.931274 -35.535295 -26.139240 -15.450871 -18.750625 -15.664712 -12.722781 -14.067204 -12.816988
49.240000 -12.819241 -49.534016 -66.518243 -45.506930 -27.346363 -36.227123 -26.544929 -15.689529 -19.080061 -15.941476 -12.852630 -14.248970 -12.948981
49.280000 -12.996425 -50.254110 -67.338224 -46.153099 -27.898158 -36.853631 -26.991693 -16.011173 -19.459328 -16.224019 -13.034377 -14.481143 -13.144817
49.320000 -13.182088 -51.027081 -68.492874 -46.816231 -28.374141 -37.615930 -27.411989 -16.316086 -19.804182 -16.560877 -13.225622 -14.729982 -13.349193
49.360000 -13.333491 -51.770903 -69.403156 -47.393206 -28.898113 -38.229506 -27.824248 -16.615244 -20.180555 -16.833397 -13.382853 -14.930627 -13.521425
49.400000 -13.567904 -52.596565 -70.653336 -48.106937 -29.443126 -39.023293 -28.308624 -16.978129 -20.603122 -17.152857 -13.624064 -15.234678 -13.789785
49.440000 -13.700025 -53.291984 -71.566352 -48.690011 -29.940279 -39.638738 -28.679948 -17.257851 -21.025239 -17.394758 -13.763502 -15.420194 -13.946118
49.480000 -13.890847 -54.051406 -72.602388 -49.399288 -30.473034 -40.385082 -29.117313 -17.592659 -21.439970 -17.719579 -13.962279 -15.680858 -14.176511
49.520000 -14.093691 -54.886885 -73.749707 -50.027995 -31.020456 -41.093540 -29.600218 -17.937063 -21.955184 -18.071436 -14.174139 -15.942138 -14.388404
49.560000 -14.255093 -55.643444 -74.749784 -50.674246 -31.554351 -41.802522 -30.038837 -18.261272 -22.347577 -18.382864 -14.344511 -16.155568 -14.581453
49.600000 -14.514821 -56.500191 -75.915832 -51.392055 -32.136519 -42.537151 -30.616253 -18.656553 -22.918202 -18.766392 -14.614967 -16.473226 -14.838948
