#Quasar bolometric luminosity function in different stellar mass bins from TRINITY PaperIII (Fig. 4, Zhang+2024, MNRAS, 529, 2777)
#z: 2.00
#log10(Lbol [erg/s])(0) log10(QLF_total [Mpc^-3 dex^-1])(1) log10(QLF(8<logMstar<9) [Mpc^-3 dex^-1])(2) log10(QLF(8<logMstar<9)_16th [Mpc^-3 dex^-1])(3) log10(QLF(8<logMstar<9)_84th [Mpc^-3 dex^-1])(4)
#log10(QLF(9<logMstar<10) [Mpc^-3 dex^-1])(5) log10(QLF(9<logMstar<10)_16th [Mpc^-3 dex^-1])(6) log10(QLF(9<logMstar<10)_84th [Mpc^-3 dex^-1])(7)
#log10(QLF(10<logMstar<11) [Mpc^-3 dex^-1])(8) log10(QLF(10<logMstar<11)_16th [Mpc^-3 dex^-1])(9) log10(QLF(10<logMstar<11)_84th [Mpc^-3 dex^-1])(10)
#log10(QLF(11<logMstar<12) [Mpc^-3 dex^-1])(11) log10(QLF(11<logMstar<12)_16th [Mpc^-3 dex^-1])(12) log10(QLF(11<logMstar<12)_84th [Mpc^-3 dex^-1])(13)
40.000000 -4.396318 -6.187274 -6.420946 -5.903859 -5.325886 -5.601623 -5.177731 -4.514794 -4.905881 -4.560158 -5.375274 -5.758500 -5.213833
40.040000 -4.387108 -6.177436 -6.409336 -5.893408 -5.316606 -5.586578 -5.169255 -4.505551 -4.891085 -4.551361 -5.366481 -5.747990 -5.203823
40.080000 -4.378088 -6.167868 -6.397408 -5.882446 -5.307508 -5.571836 -5.161029 -4.496494 -4.876358 -4.542749 -5.357900 -5.737132 -5.194004
40.120000 -4.369014 -6.157926 -6.385353 -5.871794 -5.298359 -5.557693 -5.152753 -4.487387 -4.861586 -4.534089 -5.349281 -5.724460 -5.184144
40.160000 -4.359892 -6.147849 -6.373139 -5.860274 -5.289159 -5.545776 -5.144425 -4.478232 -4.846769 -4.525379 -5.340641 -5.711749 -5.174908
40.200000 -4.350958 -6.137827 -6.360978 -5.848951 -5.280145 -5.534488 -5.136283 -4.469266 -4.832146 -4.516857 -5.332201 -5.699236 -5.166672
40.240000 -4.341726 -6.127094 -6.348344 -5.837057 -5.270836 -5.522908 -5.127847 -4.460006 -4.817234 -4.508043 -5.323492 -5.686441 -5.158145
40.280000 -4.332686 -6.116752 -6.335673 -5.824342 -5.261711 -5.511512 -5.119595 -4.450934 -4.802768 -4.499415 -5.314987 -5.673844 -5.149804
40.320000 -4.323547 -6.105400 -6.322684 -5.812476 -5.252498 -5.500026 -5.111253 -4.441776 -4.789825 -4.490700 -5.306417 -5.661172 -5.137928
40.360000 -4.314317 -6.094527 -6.304377 -5.796247 -5.243180 -5.488434 -5.101835 -4.432517 -4.776786 -4.481088 -5.297764 -5.648411 -5.125714
40.400000 -4.305280 -6.082331 -6.286443 -5.773307 -5.234076 -5.477056 -5.089352 -4.423475 -4.763973 -4.471056 -5.289347 -5.635880 -5.115201
40.440000 -4.295779 -6.070306 -6.265744 -5.755966 -5.224492 -5.465199 -5.076650 -4.413957 -4.751013 -4.460546 -5.280475 -5.622887 -5.105003
40.480000 -4.286481 -6.057387 -6.245154 -5.740742 -5.215126 -5.453561 -5.066676 -4.404660 -4.738282 -4.450259 -5.271840 -5.610132 -5.095041
40.520000 -4.276997 -6.044232 -6.225382 -5.724286 -5.205569 -5.441728 -5.056617 -4.395176 -4.725369 -4.439783 -5.263043 -5.597206 -5.084903
40.560000 -4.267344 -6.030689 -6.202272 -5.710424 -5.195841 -5.429726 -5.044915 -4.385526 -4.712000 -4.429141 -5.254093 -5.584131 -5.074611
40.600000 -4.257900 -6.016520 -6.183111 -5.695052 -5.186333 -5.417943 -5.032431 -4.376099 -4.696834 -4.419533 -5.245392 -5.571297 -5.064558
40.640000 -4.247714 -6.002004 -6.158300 -5.675053 -5.176071 -5.405406 -5.018957 -4.365924 -4.680923 -4.410494 -5.235955 -5.557578 -5.053770
40.680000 -4.237762 -5.986071 -6.137927 -5.651919 -5.166065 -5.393124 -5.005668 -4.356011 -4.665280 -4.401716 -5.226804 -5.543795 -5.043259
40.720000 -4.227390 -5.970855 -6.111124 -5.633630 -5.155615 -5.380395 -4.991972 -4.345658 -4.649202 -4.392495 -5.217228 -5.529598 -5.032323
40.760000 -4.216632 -5.952689 -6.087572 -5.616680 -5.144820 -5.367321 -4.977786 -4.334967 -4.632793 -4.381622 -5.207337 -5.517314 -5.021066
40.800000 -4.206133 -5.936308 -6.061085 -5.602226 -5.134250 -5.354472 -4.963853 -4.324507 -4.616622 -4.370319 -5.197692 -5.507124 -5.010057
40.840000 -4.194138 -5.916372 -6.033966 -5.586020 -5.122219 -5.340160 -4.948325 -4.312591 -4.599002 -4.357564 -5.186615 -5.495496 -4.997611
40.880000 -4.182465 -5.897847 -6.010731 -5.561238 -5.110482 -5.326139 -4.935233 -4.300978 -4.581692 -4.345113 -5.175856 -5.484188 -4.988438
40.920000 -4.170332 -5.877347 -5.989291 -5.536088 -5.098308 -5.311181 -4.924228 -4.288936 -4.563962 -4.333928 -5.164688 -5.472469 -4.979110
40.960000 -4.157786 -5.857264 -5.961763 -5.509861 -5.085701 -5.295732 -4.912495 -4.276467 -4.545847 -4.322765 -5.153113 -5.460342 -4.969358
41.000000 -4.145592 -5.835831 -5.931965 -5.481947 -5.073473 -5.280659 -4.901064 -4.264387 -4.528608 -4.310147 -5.141945 -5.448620 -4.959998
41.040000 -4.135035 -5.816028 -5.905889 -5.457819 -5.062876 -5.267215 -4.891809 -4.253948 -4.513018 -4.299024 -5.132439 -5.436562 -4.952281
41.080000 -4.124729 -5.796575 -5.876224 -5.429850 -5.052521 -5.254108 -4.878671 -4.243762 -4.497691 -4.288157 -5.123202 -5.423346 -4.944819
41.120000 -4.115600 -5.776156 -5.850878 -5.406564 -5.043383 -5.242622 -4.870741 -4.234804 -4.483603 -4.278518 -5.115217 -5.411412 -4.938588
41.160000 -4.107579 -5.759219 -5.823323 -5.379054 -5.035293 -5.232131 -4.863201 -4.226906 -4.470586 -4.269941 -5.108307 -5.400577 -4.931953
41.200000 -4.099704 -5.738920 -5.797387 -5.355528 -5.027420 -5.221818 -4.855982 -4.219240 -4.457816 -4.261182 -5.101654 -5.390033 -4.922991
41.240000 -4.092156 -5.722474 -5.773384 -5.327746 -5.019786 -5.211519 -4.847773 -4.211826 -4.445308 -4.252616 -5.095269 -5.379779 -4.914295
41.280000 -4.084737 -5.701811 -5.746740 -5.301715 -5.012367 -5.201539 -4.837664 -4.204652 -4.433055 -4.244298 -5.089148 -5.369829 -4.905857
41.320000 -4.077228 -5.684831 -5.723973 -5.275097 -5.004761 -5.190853 -4.827338 -4.197303 -4.420661 -4.235812 -5.082869 -5.359745 -4.897260
41.360000 -4.069636 -5.663371 -5.702792 -5.246249 -4.997157 -5.180476 -4.817386 -4.189992 -4.409971 -4.227373 -5.076651 -5.349762 -4.888721
41.400000 -4.062175 -5.643934 -5.675747 -5.220759 -4.989623 -5.169354 -4.808601 -4.182775 -4.399192 -4.219038 -5.070548 -5.339924 -4.880294
41.440000 -4.054337 -5.623645 -5.645509 -5.190507 -4.981706 -5.158030 -4.799439 -4.175205 -4.388079 -4.210359 -5.064114 -5.329794 -4.871534
41.480000 -4.046638 -5.601451 -5.615615 -5.169228 -4.973930 -5.146372 -4.790490 -4.167849 -4.377203 -4.201904 -5.057915 -5.319935 -4.863008
41.520000 -4.038832 -5.582699 -5.585497 -5.147639 -4.965953 -5.134576 -4.781293 -4.160295 -4.366814 -4.194040 -5.051539 -5.309940 -4.854305
41.560000 -4.030926 -5.559254 -5.557934 -5.129123 -4.957907 -5.122279 -4.772153 -4.152802 -4.357865 -4.187898 -5.045247 -5.300071 -4.845687
41.600000 -4.023162 -5.540895 -5.535781 -5.108572 -4.949875 -5.109455 -4.762955 -4.145310 -4.348915 -4.181126 -5.038978 -5.290911 -4.837125
41.640000 -4.015002 -5.516822 -5.510055 -5.088191 -4.941452 -5.097218 -4.752868 -4.137624 -4.339775 -4.172714 -5.032537 -5.282311 -4.828665
41.680000 -4.006992 -5.497306 -5.486231 -5.069132 -4.933043 -5.082062 -4.742450 -4.129958 -4.329599 -4.164326 -5.026141 -5.273793 -4.820246
41.720000 -3.998868 -5.473867 -5.462112 -5.048302 -4.924483 -5.068956 -4.731948 -4.122345 -4.316733 -4.155990 -5.019817 -5.265388 -4.811894
41.760000 -3.990640 -5.451878 -5.437012 -5.028816 -4.915614 -5.058420 -4.721376 -4.114611 -4.303791 -4.147591 -5.013398 -5.256927 -4.803446
41.800000 -3.982565 -5.430637 -5.414858 -5.007863 -4.906906 -5.049455 -4.710679 -4.107023 -4.291570 -4.139346 -5.007145 -5.248674 -4.795861
41.840000 -3.974126 -5.406928 -5.390571 -4.988561 -4.897411 -5.038323 -4.699915 -4.099236 -4.278726 -4.130990 -5.000718 -5.240288 -4.789427
41.880000 -3.965849 -5.387032 -5.368772 -4.968175 -4.888177 -5.028316 -4.688733 -4.091457 -4.267447 -4.122675 -4.994321 -5.231977 -4.779370
41.920000 -3.957475 -5.363516 -5.344959 -4.949028 -4.878348 -5.015722 -4.677729 -4.083828 -4.256738 -4.114447 -4.988097 -5.223881 -4.768390
41.960000 -3.949012 -5.343538 -5.322608 -4.927652 -4.868418 -5.003913 -4.666256 -4.075962 -4.246012 -4.104378 -4.981657 -5.215618 -4.759031
42.000000 -3.940711 -5.320596 -5.299528 -4.905756 -4.858277 -4.990381 -4.654775 -4.068482 -4.235667 -4.098097 -4.975628 -5.207808 -4.750732
42.040000 -3.932094 -5.299766 -5.276484 -4.881529 -4.847533 -4.972397 -4.636247 -4.060629 -4.224998 -4.089713 -4.969245 -5.199695 -4.742094
42.080000 -3.923644 -5.277681 -5.253953 -4.859484 -4.836860 -4.951559 -4.612654 -4.053052 -4.214581 -4.081606 -4.963162 -5.191926 -4.734861
42.120000 -3.915125 -5.256025 -5.230002 -4.837536 -4.825247 -4.931407 -4.594974 -4.045531 -4.204247 -4.073558 -4.957155 -5.184288 -4.727809
42.160000 -3.906545 -5.234965 -5.205735 -4.813691 -4.814142 -4.912635 -4.582364 -4.037854 -4.193762 -4.065355 -4.951014 -5.176560 -4.720645
42.200000 -3.898131 -5.213118 -5.181342 -4.792123 -4.801555 -4.890154 -4.571136 -4.030672 -4.183751 -4.057649 -4.945387 -5.169399 -4.714021
42.240000 -3.889460 -5.192476 -5.157351 -4.768739 -4.789481 -4.868530 -4.550764 -4.023058 -4.176217 -4.049411 -4.939349 -5.161880 -4.707011
42.280000 -3.880960 -5.170765 -5.135313 -4.748111 -4.776402 -4.845553 -4.529148 -4.015902 -4.168948 -4.041476 -4.933787 -5.154890 -4.700505
42.320000 -3.872439 -5.150191 -5.112566 -4.726267 -4.763186 -4.824633 -4.511292 -4.008704 -4.158459 -4.033508 -4.928202 -5.147929 -4.694003
42.360000 -3.863904 -5.128668 -5.090709 -4.706315 -4.749924 -4.803892 -4.499873 -4.001593 -4.149930 -4.025633 -4.922723 -5.141129 -4.687637
42.400000 -3.855534 -5.108039 -5.071333 -4.687462 -4.735823 -4.781347 -4.485203 -3.994799 -4.141969 -4.018082 -4.917574 -5.134717 -4.681479
42.440000 -3.846972 -5.086882 -5.053772 -4.674356 -4.722025 -4.764049 -4.469720 -3.987797 -4.133814 -4.010334 -4.912237 -5.128170 -4.674831
42.480000 -3.838576 -5.066389 -5.034263 -4.663541 -4.706813 -4.750720 -4.448989 -3.981233 -4.125977 -4.001860 -4.907349 -5.122132 -4.668673
42.520000 -3.830184 -5.045995 -5.014458 -4.654867 -4.692503 -4.732831 -4.429498 -3.974562 -4.117769 -3.992082 -4.902372 -5.115975 -4.662464
42.560000 -3.821798 -5.025938 -4.995245 -4.647468 -4.676109 -4.716560 -4.409789 -3.968284 -4.109925 -3.985217 -4.897799 -5.110057 -4.656952
42.600000 -3.813572 -5.006616 -4.976900 -4.641510 -4.660632 -4.697445 -4.390597 -3.962045 -4.102003 -3.978734 -4.893278 -5.104248 -4.652091
42.640000 -3.805305 -4.987418 -4.959378 -4.633038 -4.644073 -4.680116 -4.371655 -3.955998 -4.094100 -3.970705 -4.888959 -5.098701 -4.647325
42.680000 -3.797192 -4.969287 -4.945397 -4.620608 -4.627462 -4.660010 -4.352381 -3.950131 -4.086250 -3.965370 -4.884831 -5.093402 -4.642163
42.720000 -3.789122 -4.951479 -4.929955 -4.607408 -4.610964 -4.640796 -4.333607 -3.944333 -4.078554 -3.959552 -4.880783 -5.088248 -4.637099
42.760000 -3.781094 -4.934676 -4.914812 -4.601484 -4.593916 -4.618579 -4.314671 -3.938672 -4.070779 -3.952699 -4.876878 -5.083293 -4.632815
42.800000 -3.773211 -4.918635 -4.903523 -4.602840 -4.576556 -4.595225 -4.295712 -3.933259 -4.063317 -3.945254 -4.873239 -5.078670 -4.626906
42.840000 -3.765249 -4.903693 -4.893101 -4.600788 -4.558994 -4.572437 -4.276558 -3.927755 -4.055437 -3.937792 -4.869509 -5.074014 -4.621606
42.880000 -3.757430 -4.889856 -4.890218 -4.603335 -4.540680 -4.547900 -4.257269 -3.922564 -4.047009 -3.930746 -4.866119 -5.069762 -4.616675
42.920000 -3.749708 -4.876934 -4.888520 -4.597074 -4.521900 -4.525828 -4.238205 -3.917596 -4.038863 -3.924445 -4.862957 -5.065798 -4.612003
42.960000 -3.742080 -4.865468 -4.880695 -4.593154 -4.503521 -4.505530 -4.220790 -3.912603 -4.032944 -3.918737 -4.859795 -5.061900 -4.607362
43.000000 -3.734585 -4.854999 -4.881560 -4.590887 -4.484094 -4.488166 -4.202179 -3.908017 -4.026733 -3.913741 -4.857077 -5.058505 -4.603196
43.040000 -3.727204 -4.845792 -4.881940 -4.589940 -4.466199 -4.470454 -4.186511 -3.903182 -4.019012 -3.907934 -4.854102 -5.054920 -4.598806
43.080000 -3.719946 -4.838008 -4.878491 -4.590527 -4.446770 -4.453100 -4.169672 -3.898825 -4.012340 -3.901737 -4.851734 -5.052064 -4.595054
43.120000 -3.712768 -4.831026 -4.877351 -4.593451 -4.429319 -4.436499 -4.155310 -3.894093 -4.003928 -3.896281 -4.848902 -5.048863 -4.590763
43.160000 -3.705668 -4.825709 -4.877810 -4.594393 -4.409601 -4.420084 -4.140922 -3.889962 -3.995103 -3.891388 -4.846960 -5.046540 -4.585813
43.200000 -3.698682 -4.821448 -4.889739 -4.601908 -4.392117 -4.403062 -4.129504 -3.885385 -3.986540 -3.884569 -4.844472 -5.043663 -4.580373
43.240000 -3.691835 -4.818974 -4.885546 -4.609291 -4.373124 -4.385217 -4.118411 -3.881316 -3.981652 -3.877310 -4.842777 -5.041565 -4.575779
43.280000 -3.685093 -4.817171 -4.884159 -4.611403 -4.354861 -4.367614 -4.106290 -3.877224 -3.976915 -3.870456 -4.841120 -5.039581 -4.571281
43.320000 -3.678573 -4.817025 -4.884148 -4.616330 -4.338046 -4.350841 -4.099587 -3.872934 -3.971889 -3.864345 -4.839401 -5.037687 -4.566779
43.360000 -3.672266 -4.818215 -4.886865 -4.629523 -4.320223 -4.334291 -4.093686 -3.869192 -3.966931 -3.857409 -4.838645 -5.036814 -4.563299
43.400000 -3.666050 -4.820199 -4.914516 -4.642867 -4.305323 -4.319244 -4.087057 -3.864693 -3.957479 -3.849748 -4.836897 -5.035012 -4.558893
43.440000 -3.660160 -4.824508 -4.942172 -4.659489 -4.289169 -4.304090 -4.080352 -3.860843 -3.947816 -3.843269 -4.836806 -5.034921 -4.556365
43.480000 -3.654350 -4.828811 -4.945546 -4.674185 -4.275577 -4.290573 -4.069018 -3.856419 -3.936346 -3.834507 -4.835356 -5.033532 -4.552845
43.520000 -3.648788 -4.835665 -4.974517 -4.691699 -4.261357 -4.277789 -4.064570 -3.852258 -3.927084 -3.828806 -4.835820 -5.034110 -4.551307
43.560000 -3.643467 -4.843366 -5.004193 -4.704558 -4.249057 -4.269173 -4.062591 -3.847846 -3.920559 -3.819779 -4.835350 -5.033811 -4.548537
43.600000 -3.638211 -4.852867 -5.031105 -4.719021 -4.237185 -4.260487 -4.055618 -3.843203 -3.914521 -3.812794 -4.835645 -5.034328 -4.546370
43.640000 -3.633545 -4.863715 -5.052162 -4.731192 -4.226418 -4.256641 -4.048276 -3.838970 -3.908706 -3.805182 -4.836489 -5.035442 -4.544831
43.680000 -3.628929 -4.875926 -5.084439 -4.740419 -4.217495 -4.249031 -4.047001 -3.834077 -3.904039 -3.796355 -4.836789 -5.036061 -4.542826
43.720000 -3.624761 -4.890115 -5.123625 -4.752183 -4.209042 -4.245719 -4.048938 -3.829469 -3.897999 -3.791145 -4.838598 -5.038229 -4.542413
43.760000 -3.621030 -4.905427 -5.160370 -4.764556 -4.202496 -4.242002 -4.051926 -3.824878 -3.889805 -3.784144 -4.839169 -5.039198 -4.540845
43.800000 -3.617330 -4.923547 -5.196203 -4.793309 -4.196844 -4.245460 -4.058340 -3.819641 -3.881216 -3.779088 -4.841621 -5.042086 -4.541239
43.840000 -3.614723 -4.942376 -5.234069 -4.825354 -4.192466 -4.249591 -4.064813 -3.815767 -3.872963 -3.774365 -4.842901 -5.043826 -4.540550
43.880000 -3.612132 -4.964401 -5.276734 -4.848445 -4.189983 -4.252757 -4.077643 -3.810791 -3.868607 -3.770840 -4.846282 -5.047700 -4.542029
43.920000 -3.610197 -4.987871 -5.325276 -4.871258 -4.187978 -4.256624 -4.083863 -3.806764 -3.865138 -3.764888 -4.848652 -5.050566 -4.542587
43.960000 -3.608909 -5.014212 -5.379411 -4.897163 -4.188162 -4.261097 -4.086217 -3.802671 -3.860717 -3.761171 -4.852221 -5.054663 -4.544500
44.000000 -3.607626 -5.041791 -5.429501 -4.923347 -4.188401 -4.268138 -4.092296 -3.798665 -3.858459 -3.762706 -4.855335 -5.058268 -4.546110
44.040000 -3.607830 -5.072970 -5.484928 -4.953419 -4.191474 -4.285009 -4.108262 -3.795658 -3.854185 -3.760897 -4.859544 -5.062986 -4.548851
44.080000 -3.608034 -5.106231 -5.547603 -4.985696 -4.195224 -4.303288 -4.124211 -3.792384 -3.852743 -3.761323 -4.864293 -5.068191 -4.552041
44.120000 -3.609194 -5.141690 -5.612616 -5.019277 -4.199782 -4.316833 -4.127836 -3.790390 -3.853332 -3.761544 -4.868141 -5.072447 -4.554480
44.160000 -3.611316 -5.181797 -5.688270 -5.057634 -4.207293 -4.337435 -4.133288 -3.788467 -3.856082 -3.765064 -4.874555 -5.079237 -4.559139
44.200000 -3.613448 -5.221853 -5.764799 -5.097724 -4.213392 -4.358105 -4.137337 -3.787511 -3.855974 -3.764493 -4.878213 -5.084476 -4.561630
44.240000 -3.617658 -5.268052 -5.844321 -5.150534 -4.224133 -4.378539 -4.150113 -3.787570 -3.857855 -3.771887 -4.885735 -5.094668 -4.567656
44.280000 -3.621908 -5.315584 -5.919709 -5.198944 -4.233803 -4.397560 -4.164296 -3.788404 -3.860366 -3.774885 -4.891187 -5.100098 -4.571732
44.320000 -3.627331 -5.367456 -6.009944 -5.247282 -4.246308 -4.423560 -4.181543 -3.789889 -3.869275 -3.780403 -4.898248 -5.105043 -4.577067
44.360000 -3.633970 -5.422237 -6.104387 -5.298380 -4.259449 -4.445368 -4.203910 -3.793049 -3.876680 -3.782441 -4.905287 -5.112513 -4.582561
44.400000 -3.640712 -5.480529 -6.204455 -5.354231 -4.274266 -4.462132 -4.225865 -3.795901 -3.886222 -3.790206 -4.912440 -5.120127 -4.588453
44.440000 -3.649496 -5.543322 -6.310602 -5.416610 -4.291040 -4.479209 -4.250736 -3.801034 -3.892544 -3.796368 -4.921033 -5.128813 -4.595792
44.480000 -3.658460 -5.608422 -6.419828 -5.481482 -4.307904 -4.500752 -4.270953 -3.806672 -3.902085 -3.802881 -4.928053 -5.134778 -4.600597
44.520000 -3.668491 -5.678499 -6.535634 -5.551934 -4.327122 -4.532607 -4.288884 -3.813068 -3.915964 -3.812004 -4.936741 -5.142125 -4.606548
44.560000 -3.679658 -5.750958 -6.656829 -5.624999 -4.346325 -4.563938 -4.309416 -3.821342 -3.937170 -3.818675 -4.943757 -5.148401 -4.611383
44.600000 -3.691120 -5.827912 -6.782863 -5.697033 -4.367621 -4.597466 -4.335180 -3.829464 -3.957407 -3.830276 -4.951716 -5.155102 -4.616908
44.640000 -3.704765 -5.909439 -6.911662 -5.764779 -4.390081 -4.632255 -4.360320 -3.840399 -3.971927 -3.839824 -4.959580 -5.162335 -4.623744
44.680000 -3.718853 -5.994845 -7.043074 -5.835962 -4.414410 -4.668358 -4.383486 -3.851546 -3.985850 -3.854376 -4.967593 -5.169143 -4.628577
44.720000 -3.734143 -6.083983 -7.176605 -5.909466 -4.438968 -4.704477 -4.410384 -3.864448 -4.000176 -3.867042 -4.975083 -5.175682 -4.635464
44.760000 -3.750750 -6.178715 -7.317566 -5.987208 -4.466657 -4.743145 -4.441798 -3.878382 -4.025920 -3.884324 -4.983205 -5.182892 -4.642492
44.800000 -3.768017 -6.276800 -7.462026 -6.066783 -4.493811 -4.779258 -4.472423 -3.893539 -4.051738 -3.901154 -4.990692 -5.188372 -4.649205
44.840000 -3.786994 -6.379815 -7.612564 -6.150338 -4.523343 -4.813782 -4.506412 -3.910559 -4.078083 -3.923934 -4.997662 -5.195238 -4.655384
44.880000 -3.806837 -6.486992 -7.768211 -6.237096 -4.553682 -4.850722 -4.540762 -3.928604 -4.104264 -3.947480 -5.005502 -5.199728 -4.662252
44.920000 -3.827799 -6.598630 -7.929067 -6.336427 -4.584932 -4.892269 -4.576124 -3.948224 -4.131274 -3.971620 -5.011310 -5.206129 -4.673494
44.960000 -3.850000 -6.715453 -8.094606 -6.458447 -4.618237 -4.933879 -4.613931 -3.969068 -4.160309 -3.993389 -5.018045 -5.209848 -4.681459
45.000000 -3.873398 -6.837155 -8.265690 -6.586429 -4.651828 -4.977278 -4.650115 -3.991619 -4.189504 -4.015681 -5.024209 -5.215493 -4.688714
45.040000 -3.898034 -6.963094 -8.442961 -6.720668 -4.687809 -5.023007 -4.688939 -4.015380 -4.220685 -4.039720 -5.030877 -5.219954 -4.695887
45.080000 -3.924151 -7.094087 -8.625939 -6.862112 -4.723965 -5.069420 -4.729557 -4.041122 -4.252239 -4.064686 -5.038339 -5.224861 -4.705711
45.120000 -3.951152 -7.230804 -8.814245 -6.983307 -4.762716 -5.118456 -4.772199 -4.067688 -4.285500 -4.089470 -5.045373 -5.234158 -4.710659
45.160000 -3.979102 -7.371743 -9.011737 -7.107537 -4.800776 -5.167366 -4.813811 -4.095638 -4.318081 -4.117658 -5.053957 -5.251020 -4.718886
45.200000 -4.008976 -7.518542 -9.217705 -7.236598 -4.841742 -5.219852 -4.856484 -4.125701 -4.353023 -4.149343 -5.062533 -5.269800 -4.728499
45.240000 -4.038389 -7.667728 -9.427738 -7.367453 -4.881806 -5.268789 -4.897525 -4.155391 -4.386329 -4.181618 -5.072143 -5.289248 -4.741196
45.280000 -4.069940 -7.824146 -9.646888 -7.506241 -4.924092 -5.321589 -4.941842 -4.187588 -4.421681 -4.217356 -5.082199 -5.310635 -4.764514
45.320000 -4.102127 -7.985461 -9.871283 -7.660083 -4.967925 -5.374957 -4.985986 -4.220388 -4.457005 -4.251624 -5.093354 -5.336175 -4.789243
45.360000 -4.134910 -8.152252 -10.100131 -7.817140 -5.011302 -5.430284 -5.030411 -4.254080 -4.491847 -4.286218 -5.105736 -5.361827 -4.814547
45.400000 -4.170371 -8.323601 -10.335750 -7.984233 -5.058853 -5.489249 -5.078863 -4.290311 -4.528864 -4.324655 -5.121268 -5.390915 -4.842551
45.440000 -4.203951 -8.498182 -10.577022 -8.155093 -5.103475 -5.547402 -5.125883 -4.324829 -4.563024 -4.361598 -5.136237 -5.414185 -4.862832
45.480000 -4.240347 -8.680697 -10.827653 -8.334774 -5.152672 -5.610524 -5.175870 -4.362066 -4.601087 -4.401693 -5.153941 -5.428189 -4.887753
45.520000 -4.277156 -8.868409 -11.082248 -8.518217 -5.201762 -5.674672 -5.227198 -4.399641 -4.638997 -4.441451 -5.174148 -5.449386 -4.910621
45.560000 -4.314199 -9.060001 -11.340619 -8.706210 -5.252182 -5.741984 -5.278984 -4.437475 -4.678785 -4.481364 -5.194431 -5.468035 -4.932448
45.600000 -4.354697 -9.258258 -11.609595 -8.902357 -5.306866 -5.813904 -5.333577 -4.478492 -4.720903 -4.520373 -5.219992 -5.490816 -4.957244
45.640000 -4.391844 -9.459198 -11.882353 -9.101802 -5.358809 -5.885388 -5.385672 -4.516176 -4.759686 -4.559581 -5.242507 -5.500875 -4.987323
45.680000 -4.432467 -9.668945 -12.166064 -9.310328 -5.416227 -5.962151 -5.442978 -4.557064 -4.800910 -4.600641 -5.269323 -5.521804 -5.022549
45.720000 -4.473174 -9.884925 -12.450917 -9.521356 -5.473851 -6.042356 -5.501219 -4.597924 -4.841769 -4.640398 -5.297586 -5.554989 -5.057953
45.760000 -4.513582 -10.100771 -12.741028 -9.737239 -5.533429 -6.124506 -5.561632 -4.638156 -4.880365 -4.679172 -5.326533 -5.588228 -5.088336
45.800000 -4.558138 -10.327731 -13.047850 -9.963624 -5.598064 -6.214093 -5.627575 -4.682348 -4.923072 -4.722061 -5.360801 -5.625713 -5.122133
45.840000 -4.598050 -10.555527 -13.361408 -10.197700 -5.660386 -6.302027 -5.690688 -4.721658 -4.960962 -4.759995 -5.391039 -5.658854 -5.152524
45.880000 -4.642005 -10.794202 -13.680293 -10.441654 -5.728469 -6.399551 -5.756472 -4.764759 -5.004602 -4.801707 -5.426449 -5.695866 -5.188862
45.920000 -4.685836 -11.035315 -14.004541 -10.692421 -5.798410 -6.500708 -5.825023 -4.807593 -5.047574 -4.842941 -5.462296 -5.732426 -5.227870
45.960000 -4.728979 -11.279641 -14.328494 -10.938509 -5.870218 -6.595794 -5.895362 -4.849525 -5.087124 -4.885109 -5.498179 -5.767848 -5.266161
46.000000 -4.776886 -11.534996 -14.680708 -11.204868 -5.948959 -6.700866 -5.973544 -4.896117 -5.131032 -4.929816 -5.539364 -5.807825 -5.309587
46.040000 -4.818966 -11.792035 -15.049171 -11.470068 -6.025026 -6.800304 -6.049475 -4.936753 -5.172019 -4.968421 -5.575120 -5.841361 -5.346828
46.080000 -4.865565 -12.059778 -15.390880 -11.748205 -6.107699 -6.927576 -6.133547 -4.981864 -5.217690 -5.011359 -5.615955 -5.879299 -5.388759
46.120000 -4.911845 -12.326879 -15.762185 -12.037426 -6.193254 -7.048413 -6.221333 -5.026568 -5.263791 -5.054012 -5.656965 -5.916780 -5.429974
46.160000 -4.957070 -12.599723 -16.149030 -12.328616 -6.280640 -7.172963 -6.312100 -5.070239 -5.308747 -5.095962 -5.697180 -5.953244 -5.470095
46.200000 -5.007558 -12.885530 -16.556784 -12.630525 -6.376730 -7.306069 -6.413161 -5.119177 -5.359092 -5.143260 -5.742977 -5.994308 -5.516170
46.240000 -5.051320 -13.171916 -16.886620 -12.934545 -6.469166 -7.438358 -6.512524 -5.161506 -5.403878 -5.184474 -5.782094 -6.033478 -5.556900
46.280000 -5.099991 -13.465968 -17.278981 -13.234681 -6.569808 -7.585281 -6.616429 -5.208820 -5.454245 -5.230950 -5.826395 -6.080031 -5.602663
46.320000 -5.148226 -13.761995 -17.661654 -13.479392 -6.673570 -7.736020 -6.718748 -5.255878 -5.506843 -5.279179 -5.870131 -6.125907 -5.648111
46.360000 -5.195153 -14.063993 -18.044901 -13.721857 -6.779537 -7.890869 -6.822629 -5.301797 -5.559165 -5.326154 -5.912551 -6.170362 -5.692943
46.400000 -5.247771 -14.381501 -18.427963 -14.010816 -6.895281 -8.052256 -6.935471 -5.353579 -5.617060 -5.376167 -5.960628 -6.220392 -5.743250
46.440000 -5.293041 -14.696811 -18.814299 -14.313520 -7.006561 -8.208539 -7.044375 -5.398305 -5.666045 -5.422978 -6.001007 -6.261426 -5.786219
46.480000 -5.343586 -15.017582 -19.209508 -14.623722 -7.127601 -8.374253 -7.162097 -5.448442 -5.719594 -5.477121 -6.046793 -6.306935 -5.834390
46.520000 -5.393688 -15.342058 -19.598895 -14.942069 -7.251329 -8.544372 -7.282342 -5.498517 -5.772139 -5.527147 -6.091414 -6.351299 -5.881640
46.560000 -5.442373 -15.677395 -20.030766 -15.265733 -7.378790 -8.716496 -7.404449 -5.547300 -5.828393 -5.574987 -6.134762 -6.394340 -5.927174
46.600000 -5.497212 -16.023595 -20.477246 -15.582469 -7.514993 -8.900493 -7.536246 -5.602675 -5.889369 -5.629197 -6.183345 -6.442365 -5.970355
46.640000 -5.544283 -16.368483 -20.912627 -15.855230 -7.648399 -9.080982 -7.664044 -5.650444 -5.943880 -5.676442 -6.224157 -6.480917 -6.009341
46.680000 -5.597084 -16.714928 -21.359499 -16.141886 -7.790608 -9.273436 -7.801306 -5.704379 -6.004740 -5.729262 -6.269735 -6.519470 -6.047111
46.720000 -5.649519 -17.072937 -21.829136 -16.436037 -7.937518 -9.467657 -7.940648 -5.758224 -6.065602 -5.782559 -6.314504 -6.554386 -6.090281
46.760000 -5.700513 -17.438146 -22.298196 -16.733380 -8.086749 -9.667191 -8.095963 -5.811009 -6.126853 -5.835647 -6.357053 -6.588877 -6.133694
46.800000 -5.758301 -17.817940 -22.774355 -17.044805 -8.246490 -9.889130 -8.261793 -5.871011 -6.194943 -5.896322 -6.405486 -6.628960 -6.183709
46.840000 -5.807784 -18.185545 -23.240148 -17.352081 -8.402343 -10.094374 -8.426105 -5.923050 -6.259204 -5.950645 -6.444998 -6.662549 -6.225679
46.880000 -5.863640 -18.563594 -23.735918 -17.676664 -8.568130 -10.331901 -8.598090 -5.982041 -6.331415 -6.010925 -6.489542 -6.702232 -6.272093
46.920000 -5.919259 -18.956297 -24.236124 -18.049607 -8.739512 -10.549254 -8.778475 -6.041143 -6.405649 -6.073075 -6.533314 -6.742520 -6.315679
46.960000 -5.973428 -19.350552 -24.743766 -18.438320 -8.911545 -10.757721 -8.959314 -6.099500 -6.479589 -6.133877 -6.574106 -6.781513 -6.356760
47.000000 -6.035328 -19.762560 -25.245992 -18.809375 -9.096959 -10.983984 -9.155864 -6.165990 -6.563583 -6.204190 -6.622118 -6.828593 -6.406605
47.040000 -6.088013 -20.152589 -25.754566 -19.126162 -9.275320 -11.213590 -9.343130 -6.224142 -6.639836 -6.265513 -6.659191 -6.867520 -6.446922
47.080000 -6.147983 -20.568698 -26.290012 -19.461921 -9.467829 -11.460085 -9.546236 -6.290027 -6.725051 -6.335493 -6.703186 -6.913599 -6.494198
47.120000 -6.207830 -20.987979 -26.882428 -19.804688 -9.662234 -11.716859 -9.751076 -6.356873 -6.812858 -6.406264 -6.745227 -6.964003 -6.535329
47.160000 -6.266090 -21.422444 -27.420341 -20.143101 -9.860697 -11.985326 -9.935806 -6.422630 -6.900526 -6.476344 -6.785544 -7.017650 -6.575981
47.200000 -6.333396 -21.849835 -27.955112 -20.495474 -10.069738 -12.257080 -10.136245 -6.498679 -7.000837 -6.553265 -6.833234 -7.067708 -6.626066
47.240000 -6.390228 -22.277603 -28.490860 -20.836446 -10.274948 -12.530704 -10.342947 -6.564912 -7.091815 -6.620498 -6.870357 -7.108743 -6.663495
47.280000 -6.455633 -22.724090 -29.057769 -21.184829 -10.491974 -12.812838 -10.563016 -6.641038 -7.194253 -6.702730 -6.914829 -7.161658 -6.712194
47.320000 -6.521093 -23.180202 -29.678871 -21.537493 -10.713670 -13.107703 -10.788953 -6.718128 -7.298704 -6.788169 -6.959217 -7.225135 -6.758037
47.360000 -6.584776 -23.639383 -30.224096 -21.879468 -10.935649 -13.400301 -11.008755 -6.794644 -7.403680 -6.870225 -7.001389 -7.287846 -6.803522
47.400000 -6.659428 -24.095053 -30.865431 -22.247974 -11.173165 -13.720057 -11.221105 -6.883573 -7.522575 -6.963900 -7.053986 -7.360317 -6.859348
47.440000 -6.721506 -24.558473 -31.504593 -22.602104 -11.403945 -14.024378 -11.459059 -6.960761 -7.629492 -7.054231 -7.094607 -7.409257 -6.904051
47.480000 -6.793962 -25.033053 -32.169918 -22.976520 -11.647476 -14.353583 -11.721310 -7.050454 -7.752079 -7.156314 -7.144647 -7.462501 -6.968255
47.520000 -6.866633 -25.532789 -32.844460 -23.338432 -11.896391 -14.670793 -11.993703 -7.140813 -7.873783 -7.255289 -7.196299 -7.516483 -7.032224
47.560000 -6.937043 -26.001388 -33.523048 -23.707444 -12.142505 -14.988801 -12.262054 -7.231532 -8.000236 -7.344466 -7.244728 -7.560674 -7.088946
47.600000 -7.021118 -26.502840 -34.208252 -24.096381 -12.412255 -15.343062 -12.558529 -7.336181 -8.139527 -7.461914 -7.308566 -7.635184 -7.161424
47.640000 -7.089453 -26.988720 -34.871637 -24.516700 -12.666037 -15.684093 -12.830087 -7.428063 -8.266234 -7.566846 -7.355907 -7.701801 -7.218501
47.680000 -7.170584 -27.512827 -35.609555 -24.963407 -12.941185 -16.062791 -13.139748 -7.532997 -8.400137 -7.689022 -7.417852 -7.787947 -7.292971
47.720000 -7.252029 -28.026101 -36.275351 -25.417905 -13.211610 -16.438501 -13.425303 -7.641104 -8.538433 -7.800516 -7.479900 -7.861652 -7.369568
47.760000 -7.330222 -28.530232 -36.988518 -25.879967 -13.490130 -16.829582 -13.704451 -7.746870 -8.682816 -7.908785 -7.540042 -7.934747 -7.439121
47.800000 -7.425654 -29.062741 -37.707961 -26.365037 -13.786510 -17.237761 -13.979438 -7.871982 -8.845880 -8.037415 -7.618012 -8.026896 -7.518002
47.840000 -7.500985 -29.585242 -38.454990 -26.842702 -14.070171 -17.619184 -14.272407 -7.979037 -8.995403 -8.146754 -7.676622 -8.108354 -7.584905
47.880000 -7.592183 -30.143774 -39.185386 -27.306830 -14.367984 -18.044403 -14.577200 -8.103093 -9.168135 -8.278823 -7.752328 -8.202558 -7.665781
47.920000 -7.683875 -30.674864 -40.000633 -27.808906 -14.670442 -18.446010 -14.889665 -8.230808 -9.342005 -8.412720 -7.828874 -8.298360 -7.746511
47.960000 -7.770879 -31.218065 -40.768026 -28.295840 -14.975972 -18.805003 -15.170629 -8.353708 -9.506353 -8.546819 -7.902436 -8.392223 -7.826419
48.000000 -7.879795 -31.778628 -41.493253 -28.838036 -15.305062 -19.252153 -15.452286 -8.503353 -9.698780 -8.709237 -7.997812 -8.510972 -7.931164
48.040000 -7.962643 -32.353480 -42.208423 -29.316025 -15.615040 -19.655950 -15.705777 -8.625341 -9.868327 -8.839609 -8.069131 -8.607184 -8.009079
48.080000 -8.065111 -32.921482 -42.950298 -29.843792 -15.936556 -20.098199 -16.012534 -8.772861 -10.065706 -8.994092 -8.159872 -8.723802 -8.097943
48.120000 -8.168312 -33.493264 -43.679144 -30.363527 -16.275346 -20.507818 -16.325926 -8.919280 -10.267277 -9.150070 -8.253161 -8.842514 -8.185819
48.160000 -8.264681 -34.054236 -44.396148 -30.901684 -16.603677 -20.972487 -16.627603 -9.064525 -10.462866 -9.303969 -8.339674 -8.954087 -8.272186
48.200000 -8.388720 -34.674978 -45.229175 -31.453770 -16.971883 -21.399483 -16.968504 -9.236523 -10.695970 -9.484885 -8.455244 -9.095527 -8.387968
48.240000 -8.479371 -35.260599 -45.940466 -31.967265 -17.295075 -21.854060 -17.272446 -9.379804 -10.901007 -9.640519 -8.537774 -9.205385 -8.479641
48.280000 -8.594074 -35.862951 -46.727339 -32.524545 -17.657608 -22.298055 -17.610502 -9.547701 -11.122052 -9.820086 -8.645339 -9.342907 -8.589524
48.320000 -8.709982 -36.462889 -47.480883 -33.077814 -18.020184 -22.785729 -17.942042 -9.718681 -11.362472 -10.006713 -8.754825 -9.485478 -8.705543
48.360000 -8.816247 -37.059626 -48.267560 -33.651245 -18.383834 -23.239959 -18.249019 -9.884804 -11.579984 -10.177113 -8.855063 -9.617268 -8.809864
48.400000 -8.957240 -37.730668 -49.069488 -34.214471 -18.777747 -23.739904 -18.585261 -10.083007 -11.852576 -10.388001 -8.991089 -9.788692 -8.951373
48.440000 -9.056007 -38.336554 -49.881079 -34.778924 -19.129765 -24.206759 -18.873678 -10.247905 -12.070002 -10.565852 -9.084932 -9.912508 -9.049776
48.480000 -9.184059 -38.966599 -50.680842 -35.345535 -19.523172 -24.692484 -19.203187 -10.436500 -12.328157 -10.757634 -9.209132 -10.058218 -9.177995
48.520000 -9.314143 -39.586964 -51.582595 -35.966379 -19.919606 -25.219755 -19.538109 -10.638076 -12.580021 -10.953376 -9.335346 -10.215233 -9.309669
48.560000 -9.430914 -40.250150 -52.393319 -36.524402 -20.310115 -25.675736 -19.857708 -10.819526 -12.833647 -11.131248 -9.449157 -10.362047 -9.425659
48.600000 -9.591117 -40.926996 -53.380995 -37.154473 -20.730021 -26.249574 -20.231228 -11.056524 -13.171838 -11.365429 -9.606396 -10.549891 -9.589593
48.640000 -9.697860 -41.572412 -54.164375 -37.721004 -21.120432 -26.712659 -20.536065 -11.233012 -13.480437 -11.543261 -9.710893 -10.672357 -9.694799
48.680000 -9.839698 -42.217091 -55.103683 -38.293617 -21.536375 -27.304674 -20.897088 -11.453767 -13.813743 -11.800971 -9.850608 -10.825816 -9.842000
48.720000 -9.984665 -42.899389 -55.922400 -38.852903 -21.975025 -27.817073 -21.233870 -11.677000 -14.138466 -12.019256 -9.993843 -10.982623 -9.985475
48.760000 -10.111480 -43.579153 -56.845744 -39.391922 -22.375700 -28.379233 -21.578996 -11.883195 -14.436686 -12.238244 -10.119217 -11.122452 -10.117735
48.800000 -10.291349 -44.321773 -57.722410 -40.022097 -22.848003 -28.941344 -21.948445 -12.150159 -14.745075 -12.526365 -10.297803 -11.317940 -10.297918
48.840000 -10.405706 -44.957280 -58.623842 -40.560533 -23.251530 -29.481900 -22.275515 -12.345660 -15.000334 -12.740120 -10.411214 -11.439266 -10.415214
48.880000 -10.561377 -45.634650 -59.465488 -41.159535 -23.712628 -30.058584 -22.629691 -12.596195 -15.289611 -13.016569 -10.566004 -11.611862 -10.568163
48.920000 -10.721867 -46.382776 -60.429532 -41.729190 -24.167554 -30.626304 -23.045306 -12.839776 -15.586703 -13.278044 -10.725929 -11.777100 -10.722461
48.960000 -10.858723 -47.064124 -61.389350 -42.317289 -24.597878 -31.238645 -23.435389 -13.079983 -15.866855 -13.543404 -10.862238 -11.930447 -10.863603
49.000000 -11.059679 -47.847581 -62.381807 -42.959514 -25.112553 -31.980495 -23.914986 -13.366775 -16.200325 -13.841104 -11.062928 -12.136448 -11.060715
49.040000 -11.181662 -48.489301 -63.362024 -43.541157 -25.540699 -32.702118 -24.313664 -13.595780 -16.494849 -14.037432 -11.184674 -12.303291 -11.189637
49.080000 -11.351903 -49.248804 -64.288081 -44.132391 -26.033990 -33.322848 -24.747161 -13.860686 -16.849135 -14.266389 -11.354882 -12.497681 -11.364799
49.120000 -11.529448 -49.990821 -65.353323 -44.746526 -26.508209 -33.975661 -25.229106 -14.144791 -17.218320 -14.522608 -11.532475 -12.721720 -11.556397
49.160000 -11.676819 -50.767042 -66.298382 -45.362689 -26.988030 -34.571197 -25.625526 -14.397744 -17.547195 -14.729253 -11.680035 -12.906548 -11.713224
49.200000 -11.901581 -51.519354 -67.437583 -46.035367 -27.523723 -35.292311 -26.172001 -14.729521 -17.983526 -15.031628 -11.905116 -13.177949 -11.952104
49.240000 -12.031247 -52.212370 -68.358327 -46.626833 -27.998414 -35.924307 -26.550767 -14.974899 -18.267557 -15.225675 -12.035207 -13.350734 -12.087370
49.280000 -12.216950 -53.010882 -69.398433 -47.233945 -28.493629 -36.615214 -27.068040 -15.266712 -18.634907 -15.488612 -12.221522 -13.554791 -12.281497
49.320000 -12.413333 -53.796199 -70.469730 -47.912104 -29.024396 -37.398318 -27.516962 -15.591486 -19.076073 -15.758085 -12.418592 -13.785775 -12.491049
49.360000 -12.571263 -54.564087 -71.514028 -48.518034 -29.518605 -38.069826 -28.006002 -15.853599 -19.446724 -16.006996 -12.577467 -13.961731 -12.653941
49.400000 -12.821967 -55.358010 -72.646806 -49.267935 -30.114226 -38.911461 -28.531206 -16.240729 -19.910342 -16.370020 -12.829173 -14.251673 -12.915473
49.440000 -12.959040 -56.133178 -73.604656 -49.837633 -30.593459 -39.572502 -28.980548 -16.488270 -20.286769 -16.618639 -12.967569 -14.414685 -13.052826
49.480000 -13.160466 -56.909922 -74.753685 -50.508305 -31.122085 -40.383982 -29.489822 -16.826644 -20.692913 -16.947261 -13.170400 -14.657634 -13.258468
49.520000 -13.376999 -57.819113 -75.813779 -51.202393 -31.705594 -41.146154 -29.993284 -17.164582 -21.148145 -17.280298 -13.388662 -14.904913 -13.473532
49.560000 -13.545277 -58.516971 -76.959128 -51.851038 -32.209953 -41.921215 -30.501977 -17.470245 -21.544041 -17.584652 -13.558864 -15.114458 -13.651594
49.600000 -13.823676 -59.408973 -78.069088 -52.607917 -32.865790 -42.775991 -31.052807 -17.880312 -22.064196 -17.984377 -13.839414 -15.442405 -13.940472
