#Quasar bolometric luminosity function in BH mass bins from TRINITY PaperIV (arXiv:2309.07210)
#z: 10.00
#Mbh range: 9.0 < log(Mbh [Msun]) < 10.0
#log10(Lbol [erg/s]) log10(QLF_best [Mpc^-3 dex^-1] log10(QLF_16th [Mpc^-3 dex^-1] log10(QLF_84th [Mpc^-3 dex^-1])
42.400000 -12.498448 -13.297702 -11.875213
42.440000 -12.480744 -13.279718 -11.860435
42.480000 -12.463733 -13.261850 -11.846145
42.520000 -12.446524 -13.243722 -11.831717
42.560000 -12.429163 -13.223793 -11.817181
42.600000 -12.412469 -13.204742 -11.803588
42.640000 -12.394760 -13.184342 -11.789501
42.680000 -12.377745 -13.164859 -11.775869
42.720000 -12.360536 -13.145118 -11.762108
42.760000 -12.343179 -13.125190 -11.748245
42.800000 -12.326489 -13.106243 -11.735798
42.840000 -12.308781 -13.089544 -11.726071
42.880000 -12.291767 -13.073466 -11.716568
42.920000 -12.274557 -13.057212 -11.707004
42.960000 -12.257200 -13.040823 -11.697387
43.000000 -12.240510 -13.025030 -11.684452
43.040000 -12.222805 -13.008339 -11.669203
43.080000 -12.205793 -12.992266 -11.654472
43.120000 -12.188583 -12.976011 -11.639594
43.160000 -12.171220 -12.959615 -11.624599
43.200000 -12.154526 -12.943602 -11.610104
43.240000 -12.136827 -12.925682 -11.594856
43.280000 -12.119821 -12.908472 -11.580383
43.320000 -12.102611 -12.891050 -11.565824
43.360000 -12.085245 -12.873467 -11.551153
43.400000 -12.068547 -12.856568 -11.536962
43.440000 -12.050852 -12.838643 -11.522048
43.480000 -12.033850 -12.821429 -11.507631
43.520000 -12.016640 -12.804009 -11.493072
43.560000 -11.999273 -12.786432 -11.478400
43.600000 -11.982574 -12.770207 -11.464209
43.640000 -11.964872 -12.759710 -11.449292
43.680000 -11.947864 -12.749459 -11.434872
43.720000 -11.930656 -12.734548 -11.420314
43.760000 -11.913296 -12.717186 -11.406007
43.800000 -11.896603 -12.704492 -11.393210
43.840000 -11.878895 -12.687980 -11.379829
43.880000 -11.861880 -12.670650 -11.366850
43.920000 -11.844673 -12.653019 -11.353755
43.960000 -11.827321 -12.635227 -11.340567
44.000000 -11.810636 -12.618137 -11.327768
44.040000 -11.792922 -12.599997 -11.308836
44.080000 -11.775901 -12.582586 -11.289874
44.120000 -11.758694 -12.564955 -11.271439
44.160000 -11.741346 -12.547158 -11.255592
44.200000 -11.724664 -12.530061 -11.240311
44.240000 -11.706948 -12.511923 -11.224162
44.280000 -11.689926 -12.494513 -11.208601
44.320000 -11.672716 -12.476883 -11.193495
44.360000 -11.655365 -12.459087 -11.178506
44.400000 -11.638681 -12.441992 -11.164018
44.440000 -11.620968 -12.423846 -11.148762
44.480000 -11.603950 -12.406430 -11.134022
44.520000 -11.586741 -12.388802 -11.119145
44.560000 -11.569388 -12.371014 -11.104369
44.600000 -11.552702 -12.353928 -11.090255
44.640000 -11.534992 -12.335774 -11.075399
44.680000 -11.517977 -12.318349 -11.061039
44.720000 -11.500769 -12.300725 -11.046548
44.760000 -11.483415 -12.282901 -11.031957
44.800000 -11.466729 -12.265780 -11.017842
44.840000 -11.449015 -12.247581 -11.002991
44.880000 -11.431996 -12.230114 -10.988634
44.920000 -11.414789 -12.212444 -10.975898
44.960000 -11.397440 -12.194621 -10.963082
45.000000 -11.380758 -12.177501 -10.950635
45.040000 -11.363040 -12.159302 -10.937629
45.080000 -11.346016 -12.141835 -10.925002
45.120000 -11.328810 -12.124165 -10.912270
45.160000 -11.311467 -12.106343 -10.899450
45.200000 -11.294790 -12.089224 -10.887000
45.240000 -11.277068 -12.071025 -10.873994
45.280000 -11.260041 -12.053558 -10.861368
45.320000 -11.234514 -12.035719 -10.849125
45.360000 -11.201931 -12.013360 -10.836854
45.400000 -11.171622 -11.978778 -10.824921
45.440000 -11.100892 -11.943532 -10.803360
45.480000 -11.040084 -11.906547 -10.760531
45.520000 -10.983409 -11.848356 -10.719277
45.560000 -10.930325 -11.781064 -10.671793
45.600000 -10.883028 -11.736925 -10.633956
45.640000 -10.834669 -11.688326 -10.578025
45.680000 -10.791159 -11.638726 -10.537704
45.720000 -10.748666 -11.589756 -10.500075
45.760000 -10.707284 -11.542691 -10.466023
45.800000 -10.669504 -11.500231 -10.434891
45.840000 -10.628891 -11.463410 -10.403409
45.880000 -10.591754 -11.438331 -10.374064
45.920000 -10.554371 -11.409123 -10.339302
45.960000 -10.517041 -11.370378 -10.311116
46.000000 -10.482668 -11.334286 -10.282676
46.040000 -10.444705 -11.294174 -10.254002
46.080000 -10.409796 -11.263383 -10.227110
46.120000 -10.374254 -11.225308 -10.200302
46.160000 -10.338427 -11.186225 -10.173661
46.200000 -10.305332 -11.150110 -10.148645
46.240000 -10.268349 -11.113769 -10.122015
46.280000 -10.234270 -11.079898 -10.094831
46.320000 -10.199399 -11.045245 -10.071055
46.360000 -10.164104 -11.010202 -10.043768
46.400000 -10.131463 -10.977861 -10.019565
46.440000 -10.095035 -10.948445 -9.994277
46.480000 -10.061427 -10.924506 -9.972624
46.520000 -10.026969 -10.898681 -9.948971
46.560000 -9.992032 -10.872654 -9.916707
46.600000 -9.959697 -10.848115 -9.891107
46.640000 -9.923528 -10.821535 -9.862993
46.680000 -9.890141 -10.796507 -9.836611
46.720000 -9.856260 -10.771061 -9.809868
46.760000 -9.822172 -10.745278 -9.783439
46.800000 -9.790567 -10.720489 -9.759024
46.840000 -9.757773 -10.694266 -9.733907
46.880000 -9.727283 -10.669550 -9.704781
46.920000 -9.700330 -10.645459 -9.675688
46.960000 -9.676407 -10.622061 -9.664737
47.000000 -9.653734 -10.604054 -9.643600
47.040000 -9.645300 -10.581983 -9.635916
47.080000 -9.637027 -10.557065 -9.644984
47.120000 -9.639668 -10.539136 -9.648729
47.160000 -9.653427 -10.526339 -9.657815
47.200000 -9.667635 -10.522760 -9.664468
47.240000 -9.697775 -10.537852 -9.695510
47.280000 -9.730164 -10.537080 -9.719320
47.320000 -9.767140 -10.571474 -9.736525
47.360000 -9.809740 -10.604376 -9.774167
47.400000 -9.856977 -10.642131 -9.825338
47.440000 -9.903670 -10.678272 -9.884566
47.480000 -9.955995 -10.718239 -9.933930
47.520000 -10.009209 -10.770237 -9.981481
47.560000 -10.062742 -10.823970 -10.032915
47.600000 -10.123814 -10.885633 -10.080017
47.640000 -10.177833 -10.955886 -10.126247
47.680000 -10.239537 -11.039748 -10.177994
47.720000 -10.302957 -11.121070 -10.246824
47.760000 -10.367343 -11.186125 -10.319324
47.800000 -10.442964 -11.255153 -10.387437
47.840000 -10.512366 -11.318723 -10.448233
47.880000 -10.595008 -11.406601 -10.518972
47.920000 -10.683615 -11.492585 -10.593688
47.960000 -10.778154 -11.570054 -10.672785
48.000000 -10.899169 -11.688043 -10.770942
48.040000 -11.006874 -11.808182 -10.860400
48.080000 -11.150422 -11.946218 -10.982649
48.120000 -11.304618 -12.080112 -11.125369
48.160000 -11.455706 -12.205800 -11.287454
48.200000 -11.689352 -12.381720 -11.448352
48.240000 -11.839250 -12.509239 -11.583623
48.280000 -12.070026 -12.707635 -11.826926
48.320000 -12.335400 -12.917057 -12.042233
