#Quasar bolometric luminosity function in BH mass bins from TRINITY PaperIV (arXiv:2309.07210)
#z: 10.00
#Mbh range: 7.0 < log(Mbh [Msun]) < 8.0
#log10(Lbol [erg/s]) log10(QLF_best [Mpc^-3 dex^-1] log10(QLF_16th [Mpc^-3 dex^-1] log10(QLF_84th [Mpc^-3 dex^-1])
40.000000 -11.444567 -11.982879 -10.625374
40.040000 -11.426852 -11.959566 -10.599125
40.080000 -11.409831 -11.936266 -10.582210
40.120000 -11.392620 -11.913295 -10.567693
40.160000 -11.375267 -11.890757 -10.554783
40.200000 -11.358581 -11.864687 -10.542931
40.240000 -11.340873 -11.844197 -10.530588
40.280000 -11.323858 -11.824629 -10.518587
40.320000 -11.306648 -11.803149 -10.506497
40.360000 -11.289290 -11.772178 -10.494334
40.400000 -11.272599 -11.754005 -10.468634
40.440000 -11.254897 -11.735340 -10.453193
40.480000 -11.237888 -11.717444 -10.439571
40.520000 -11.219778 -11.699329 -10.426460
40.560000 -11.200728 -11.681050 -10.415952
40.600000 -11.182477 -11.663510 -10.405692
40.640000 -11.161556 -11.644765 -10.395052
40.680000 -11.141597 -11.625558 -10.384668
40.720000 -11.121720 -11.602905 -10.374216
40.760000 -11.101954 -11.575582 -10.363708
40.800000 -11.083049 -11.549897 -10.353449
40.840000 -11.063256 -11.526836 -10.342808
40.880000 -11.044325 -11.504939 -10.330788
40.920000 -11.025430 -11.484241 -10.318226
40.960000 -11.006601 -11.464623 -10.305499
41.000000 -10.988554 -11.445853 -10.292338
41.040000 -10.969779 -11.427664 -10.278112
41.080000 -10.951781 -11.410208 -10.264350
41.120000 -10.933759 -11.394442 -10.253739
41.160000 -10.915745 -11.380221 -10.242295
41.200000 -10.898448 -11.366463 -10.228242
41.240000 -10.880283 -11.349562 -10.213431
41.280000 -10.862848 -11.335032 -10.199108
41.320000 -10.845306 -11.319815 -10.184646
41.360000 -10.827696 -11.303823 -10.170074
41.400000 -10.810772 -11.285790 -10.156556
41.440000 -10.792905 -11.266598 -10.142656
41.480000 -10.775744 -11.247972 -10.130499
41.520000 -10.758439 -11.228623 -10.120407
41.560000 -10.741033 -11.212152 -10.106470
41.600000 -10.724297 -11.197738 -10.092420
41.640000 -10.706593 -11.182554 -10.077666
41.680000 -10.689582 -11.165309 -10.063397
41.720000 -10.672372 -11.147049 -10.048994
41.760000 -10.655011 -11.128625 -10.034482
41.800000 -10.638318 -11.110472 -10.021557
41.840000 -10.620615 -11.089869 -10.013057
41.880000 -10.603606 -11.070208 -10.005368
41.920000 -10.586397 -11.050836 -9.997636
41.960000 -10.569036 -11.031749 -9.984703
42.000000 -10.552342 -11.013466 -9.970918
42.040000 -10.534636 -10.993954 -9.956566
42.080000 -10.517623 -10.975281 -9.942680
42.120000 -10.500415 -10.956381 -9.928702
42.160000 -10.483060 -10.938471 -9.914652
42.200000 -10.466372 -10.922809 -9.903272
42.240000 -10.448661 -10.906526 -9.892316
42.280000 -10.431643 -10.890834 -9.881636
42.320000 -10.414436 -10.873697 -9.870879
42.360000 -10.397087 -10.856004 -9.860058
42.400000 -10.380404 -10.839005 -9.849506
42.440000 -10.362689 -10.820634 -9.838551
42.480000 -10.345668 -10.803012 -9.827874
42.520000 -10.328455 -10.784681 -9.816709
42.560000 -10.311098 -10.765337 -9.803916
42.600000 -10.294409 -10.746531 -9.791491
42.640000 -10.276688 -10.725938 -9.778516
42.680000 -10.259661 -10.706278 -9.765919
42.720000 -10.242443 -10.686376 -9.753215
42.760000 -10.225079 -10.666302 -9.740423
42.800000 -10.208383 -10.647115 -9.728055
42.840000 -10.190678 -10.626875 -9.713899
42.880000 -10.173666 -10.607537 -9.699676
42.920000 -10.156453 -10.588031 -9.685319
42.960000 -10.139088 -10.568415 -9.670856
43.000000 -10.122390 -10.549647 -9.656862
43.040000 -10.104692 -10.529761 -9.642151
43.080000 -10.087686 -10.510746 -9.627927
43.120000 -10.070476 -10.491553 -9.613569
43.160000 -10.053110 -10.472237 -9.599106
43.200000 -10.036411 -10.453746 -9.585113
43.240000 -10.018709 -10.433364 -9.569449
43.280000 -10.001700 -10.411992 -9.554330
43.320000 -9.981328 -10.389436 -9.537009
43.360000 -9.958074 -10.372608 -9.519314
43.400000 -9.936002 -10.357463 -9.496284
43.440000 -9.898239 -10.338933 -9.440828
43.480000 -9.863499 -10.308262 -9.391830
43.520000 -9.825515 -10.286067 -9.353548
43.560000 -9.785288 -10.255642 -9.316655
43.600000 -9.748473 -10.222759 -9.283831
43.640000 -9.706677 -10.180391 -9.247357
43.680000 -9.668552 -10.143088 -9.216958
43.720000 -9.628812 -10.104002 -9.185124
43.760000 -9.588135 -10.064190 -9.152287
43.800000 -9.550943 -10.027724 -9.122126
43.840000 -9.506571 -9.987656 -9.088090
43.880000 -9.466315 -9.950974 -9.056530
43.920000 -9.425010 -9.913686 -9.023960
43.960000 -9.383239 -9.876170 -8.990753
44.000000 -9.345135 -9.841638 -8.959914
44.040000 -9.302271 -9.802089 -8.930795
44.080000 -9.263261 -9.765261 -8.903964
44.120000 -9.223571 -9.720009 -8.878218
44.160000 -9.183654 -9.672839 -8.847466
44.200000 -9.147099 -9.630328 -8.818635
44.240000 -9.106294 -9.595059 -8.792428
44.280000 -9.068995 -9.567531 -8.762362
44.320000 -9.031519 -9.539893 -8.735088
44.360000 -8.994153 -9.512274 -8.710265
44.400000 -8.959749 -9.483894 -8.684008
44.440000 -8.923087 -9.449530 -8.649975
44.480000 -8.889280 -9.416626 -8.618423
44.520000 -8.854714 -9.384012 -8.589546
44.560000 -8.819743 -9.351795 -8.560826
44.600000 -8.787380 -9.322064 -8.534214
44.640000 -8.750989 -9.295371 -8.505160
44.680000 -8.717414 -9.266355 -8.477928
44.720000 -8.683118 -9.236717 -8.450558
44.760000 -8.648443 -9.206701 -8.423412
44.800000 -8.616333 -9.178653 -8.399036
44.840000 -8.580989 -9.147319 -8.374637
44.880000 -8.548306 -9.116182 -8.351133
44.920000 -8.516174 -9.084380 -8.329001
44.960000 -8.484642 -9.052197 -8.296414
45.000000 -8.455245 -9.027153 -8.269927
45.040000 -8.428649 -9.013150 -8.259930
45.080000 -8.403589 -8.983464 -8.248646
45.120000 -8.382262 -8.948893 -8.229451
45.160000 -8.364204 -8.914131 -8.210857
45.200000 -8.346867 -8.881949 -8.193027
45.240000 -8.334582 -8.859050 -8.179232
45.280000 -8.322634 -8.840066 -8.156777
45.320000 -8.311773 -8.821007 -8.139855
45.360000 -8.301927 -8.790055 -8.125229
45.400000 -8.292298 -8.769189 -8.118071
45.440000 -8.279634 -8.757870 -8.091739
45.480000 -8.267328 -8.737247 -8.078599
45.520000 -8.252076 -8.730184 -8.076102
45.560000 -8.234190 -8.755329 -8.085887
45.600000 -8.217011 -8.755926 -8.082521
45.640000 -8.216314 -8.759957 -8.086620
45.680000 -8.215618 -8.795509 -8.072463
45.720000 -8.228829 -8.828970 -8.083026
45.760000 -8.257286 -8.869464 -8.110850
45.800000 -8.287739 -8.907674 -8.133880
45.840000 -8.330050 -8.946617 -8.150224
45.880000 -8.376933 -8.958405 -8.174893
45.920000 -8.428671 -9.003160 -8.209940
45.960000 -8.486472 -9.066264 -8.248758
46.000000 -8.553165 -9.130185 -8.293948
46.040000 -8.620211 -9.211755 -8.346283
46.080000 -8.699530 -9.311881 -8.383693
46.120000 -8.780861 -9.395934 -8.438679
46.160000 -8.861916 -9.464079 -8.499906
46.200000 -8.961653 -9.604536 -8.585463
46.240000 -9.037129 -9.708077 -8.665522
46.280000 -9.128540 -9.872394 -8.763751
46.320000 -9.218395 -10.057204 -8.859433
46.360000 -9.300152 -10.201984 -8.964498
46.400000 -9.400953 -10.458785 -9.092943
46.440000 -9.488723 -10.617735 -9.179709
46.480000 -9.598842 -10.870198 -9.290241
46.520000 -9.724887 -11.186827 -9.468046
46.560000 -9.872211 -11.410013 -9.628796
46.600000 -10.096863 -11.833433 -9.825320
46.640000 -10.282611 -12.015125 -9.968824
46.680000 -10.613970 -12.361970 -10.185561
46.720000 -11.075176 -12.843998 -10.421831
46.760000 -11.353931 -13.121705 -10.608011
46.800000 -12.353946 -14.050038 -11.240659
