#Quasar bolometric luminosity function in BH mass bins from TRINITY PaperIV (arXiv:2309.07210)
#z: 10.00
#Mbh range: 6.0 < log(Mbh [Msun]) < 7.0
#log10(Lbol [erg/s]) log10(QLF_best [Mpc^-3 dex^-1] log10(QLF_16th [Mpc^-3 dex^-1] log10(QLF_84th [Mpc^-3 dex^-1])
40.000000 -11.736263 -11.911196 -10.275700
40.040000 -11.702981 -11.887723 -10.259038
40.080000 -11.672070 -11.865465 -10.243041
40.120000 -11.641331 -11.844597 -10.228506
40.160000 -11.610872 -11.822159 -10.214598
40.200000 -11.582409 -11.800832 -10.201129
40.240000 -11.552725 -11.775930 -10.188323
40.280000 -11.524940 -11.760182 -10.175921
40.320000 -11.497568 -11.744267 -10.163418
40.360000 -11.470637 -11.727733 -10.150836
40.400000 -11.445279 -11.708597 -10.138266
40.440000 -11.419330 -11.684768 -10.121767
40.480000 -11.394844 -11.649924 -10.105130
40.520000 -11.372195 -11.614477 -10.079702
40.560000 -11.351173 -11.578764 -10.053819
40.600000 -11.331121 -11.560570 -10.029395
40.640000 -11.313415 -11.542515 -10.004420
40.680000 -11.296402 -11.525197 -9.980809
40.720000 -11.279195 -11.506202 -9.957855
40.760000 -11.261839 -11.485762 -9.935524
40.800000 -11.245151 -11.466244 -9.914294
40.840000 -11.227441 -11.444216 -9.896187
40.880000 -11.210425 -11.423252 -9.878806
40.920000 -11.193216 -11.402206 -9.863817
40.960000 -11.175861 -11.381136 -9.851002
41.000000 -11.159173 -11.361040 -9.838555
41.040000 -11.141464 -11.339986 -9.825847
41.080000 -11.124448 -11.319907 -9.813500
41.120000 -11.107239 -11.300128 -9.801154
41.160000 -11.089882 -11.280650 -9.788817
41.200000 -11.073193 -11.262009 -9.776821
41.240000 -11.055488 -11.242843 -9.764434
41.280000 -11.038477 -11.224488 -9.752393
41.320000 -11.021267 -11.206224 -9.740307
41.360000 -11.003907 -11.188070 -9.728192
41.400000 -10.987215 -11.170646 -9.716405
41.440000 -10.969511 -11.152465 -9.704203
41.480000 -10.952501 -11.135016 -9.692337
41.520000 -10.935104 -11.117734 -9.682062
41.560000 -10.917390 -11.100626 -9.671911
41.600000 -10.900370 -11.084167 -9.661994
41.640000 -10.881722 -11.067464 -9.647486
41.680000 -10.863842 -11.051380 -9.632128
41.720000 -10.845770 -11.035434 -9.616519
41.760000 -10.827560 -11.019633 -9.601771
41.800000 -10.810082 -11.004387 -9.587509
41.840000 -10.791755 -10.988472 -9.571972
41.880000 -10.774169 -10.973118 -9.556971
41.920000 -10.756478 -10.957614 -9.542488
41.960000 -10.738721 -10.941990 -9.529138
42.000000 -10.721662 -10.926908 -9.518579
42.040000 -10.703647 -10.910992 -9.507685
42.080000 -10.686349 -10.895640 -9.497064
42.120000 -10.668893 -10.880134 -9.486409
42.160000 -10.651326 -10.864509 -9.475730
42.200000 -10.634441 -10.849427 -9.465311
42.240000 -10.616567 -10.833512 -9.454574
42.280000 -10.599400 -10.818158 -9.444099
42.320000 -10.580336 -10.802652 -9.433575
42.360000 -10.559642 -10.787028 -9.423011
42.400000 -10.539889 -10.771946 -9.412700
42.440000 -10.511466 -10.754319 -9.388237
42.480000 -10.484790 -10.737381 -9.352852
42.520000 -10.455411 -10.716818 -9.329977
42.560000 -10.423947 -10.692330 -9.310004
42.600000 -10.394609 -10.668613 -9.290910
42.640000 -10.359601 -10.637808 -9.263831
42.680000 -10.327206 -10.607831 -9.240270
42.720000 -10.293088 -10.572093 -9.208399
42.760000 -10.257796 -10.534970 -9.174780
42.800000 -10.225157 -10.500782 -9.146409
42.840000 -10.186094 -10.459980 -9.114932
42.880000 -10.150256 -10.422695 -9.085603
42.920000 -10.111532 -10.383595 -9.055859
42.960000 -10.070866 -10.343387 -9.026462
43.000000 -10.033685 -10.306599 -8.999334
43.040000 -9.989238 -10.263408 -8.969867
43.080000 -9.948921 -10.223530 -8.942281
43.120000 -9.906746 -10.181582 -8.904352
43.160000 -9.863526 -10.140890 -8.865869
43.200000 -9.824221 -10.104645 -8.830533
43.240000 -9.778047 -10.061799 -8.791295
43.280000 -9.736314 -10.022820 -8.755325
43.320000 -9.694625 -9.988328 -8.719777
43.360000 -9.653303 -9.954840 -8.699188
43.400000 -9.615573 -9.918889 -8.667140
43.440000 -9.577885 -9.880167 -8.632873
43.480000 -9.543208 -9.844631 -8.601120
43.520000 -9.508258 -9.808604 -8.568969
43.560000 -9.473294 -9.773874 -8.541260
43.600000 -9.440936 -9.747055 -8.515226
43.640000 -9.404465 -9.718059 -8.477499
43.680000 -9.370821 -9.689936 -8.448591
43.720000 -9.336337 -9.661240 -8.426223
43.760000 -9.301384 -9.633601 -8.405716
43.800000 -9.269036 -9.612537 -8.386135
43.840000 -9.232686 -9.589793 -8.365137
43.880000 -9.199144 -9.568217 -8.345108
43.920000 -9.164851 -9.541712 -8.324805
43.960000 -9.130157 -9.509860 -8.293732
44.000000 -9.098029 -9.477107 -8.268766
44.040000 -9.062515 -9.437092 -8.246629
44.080000 -9.029687 -9.403677 -8.218513
44.120000 -8.996289 -9.375031 -8.185194
44.160000 -8.962615 -9.346046 -8.151730
44.200000 -8.931365 -9.318878 -8.124689
44.240000 -8.894487 -9.288567 -8.096796
44.280000 -8.860496 -9.259851 -8.072331
44.320000 -8.822801 -9.224407 -8.045458
44.360000 -8.782495 -9.187152 -8.014404
44.400000 -8.745614 -9.152711 -7.987574
44.440000 -8.693918 -9.106975 -7.956283
44.480000 -8.647726 -9.068986 -7.925156
44.520000 -8.593383 -9.026958 -7.896210
44.560000 -8.534122 -8.986311 -7.874159
44.600000 -8.481985 -8.951861 -7.858731
44.640000 -8.431144 -8.907999 -7.863416
44.680000 -8.385635 -8.858077 -7.865624
44.720000 -8.346459 -8.822803 -7.864384
44.760000 -8.312387 -8.780606 -7.848608
44.800000 -8.280795 -8.744647 -7.849064
44.840000 -8.248661 -8.692724 -7.854592
44.880000 -8.218742 -8.645698 -7.847752
44.920000 -8.201623 -8.617022 -7.855772
44.960000 -8.195883 -8.594419 -7.864766
45.000000 -8.190218 -8.601384 -7.892566
45.040000 -8.200366 -8.603606 -7.923507
45.080000 -8.210757 -8.611670 -7.935268
45.120000 -8.222979 -8.627591 -7.960814
45.160000 -8.237183 -8.650490 -7.976530
45.200000 -8.251867 -8.665937 -7.989233
45.240000 -8.269880 -8.710448 -8.020936
45.280000 -8.288672 -8.760520 -8.063728
45.320000 -8.312119 -8.841068 -8.101013
45.360000 -8.340970 -8.901010 -8.145477
45.400000 -8.371874 -9.023205 -8.190230
45.440000 -8.418845 -9.120707 -8.235477
45.480000 -8.471519 -9.253392 -8.282288
45.520000 -8.546091 -9.370254 -8.343233
45.560000 -8.654866 -9.490708 -8.430482
45.600000 -8.800330 -9.670699 -8.499232
45.640000 -8.952198 -9.823897 -8.607339
45.680000 -9.187742 -10.076383 -8.760469
45.720000 -9.448369 -10.344901 -8.905089
45.760000 -9.623896 -10.610180 -9.036611
45.800000 -9.923240 -11.191429 -9.201551
45.840000 -10.075349 -11.386445 -9.342793
45.880000 -10.311483 -11.773138 -9.538077
45.920000 -10.601567 -12.482762 -9.819803
45.960000 -10.895363 -12.774171 -10.066733
46.000000 -12.376371 -14.331921 -10.835319
