#Quasar bolometric luminosity function in BH Eddington ratio bins from TRINITY PaperIV (arXiv:2309.07210)
#z: 10.00
#Eddington ratio range: -3.0 < log(eta) < -2.0
#log10(Lbol [erg/s]) log10(QLF_best [Mpc^-3 dex^-1] log10(QLF_16th [Mpc^-3 dex^-1] log10(QLF_84th [Mpc^-3 dex^-1])
40.000000 -13.923771 -14.908484 -11.163843
40.040000 -13.814556 -14.761955 -11.130650
40.080000 -13.722511 -14.628231 -11.071054
40.120000 -13.627394 -14.477508 -11.007322
40.160000 -13.538674 -14.352745 -10.947893
40.200000 -13.452790 -14.189369 -10.887493
40.240000 -13.360901 -14.062838 -10.829783
40.280000 -13.274829 -13.916474 -10.772142
40.320000 -13.188603 -13.789581 -10.714608
40.360000 -13.099894 -13.663528 -10.656555
40.400000 -13.020264 -13.581596 -10.601645
40.440000 -12.929384 -13.482581 -10.547964
40.480000 -12.845992 -13.367846 -10.495993
40.520000 -12.767082 -13.273461 -10.447697
40.560000 -12.682872 -13.158088 -10.398999
40.600000 -12.610753 -13.063734 -10.354056
40.640000 -12.529531 -12.958297 -10.313733
40.680000 -12.457567 -12.855125 -10.277348
40.720000 -12.384799 -12.745593 -10.238002
40.760000 -12.313458 -12.638650 -10.209685
40.800000 -12.247689 -12.542562 -10.188436
40.840000 -12.177476 -12.459124 -10.167779
40.880000 -12.114921 -12.390415 -10.148141
40.920000 -12.049307 -12.321359 -10.125965
40.960000 -11.988673 -12.235110 -10.088969
41.000000 -11.928641 -12.162898 -10.051770
41.040000 -11.869995 -12.114846 -10.015722
41.080000 -11.813252 -12.067998 -9.979956
41.120000 -11.757430 -12.011230 -9.944951
41.160000 -11.703037 -11.962805 -9.910441
41.200000 -11.649804 -11.898420 -9.876420
41.240000 -11.597489 -11.846676 -9.843384
41.280000 -11.544796 -11.793389 -9.809903
41.320000 -11.494794 -11.743318 -9.779870
41.360000 -11.444128 -11.692349 -9.758115
41.400000 -11.396374 -11.651176 -9.728005
41.440000 -11.348025 -11.605420 -9.697916
41.480000 -11.301626 -11.559981 -9.676540
41.520000 -11.256197 -11.486511 -9.664712
41.560000 -11.211052 -11.436300 -9.653593
41.600000 -11.168446 -11.392318 -9.642753
41.640000 -11.124162 -11.342294 -9.613447
41.680000 -11.082509 -11.293807 -9.606721
41.720000 -11.040543 -11.246902 -9.600768
41.760000 -10.999757 -11.205628 -9.595182
41.800000 -10.959869 -11.166529 -9.590582
41.840000 -10.919925 -11.127505 -9.584923
41.880000 -10.881190 -11.087218 -9.576281
41.920000 -10.842795 -11.043738 -9.567973
41.960000 -10.805336 -11.006964 -9.559679
42.000000 -10.768246 -10.971785 -9.552081
42.040000 -10.731405 -10.936971 -9.533714
42.080000 -10.695352 -10.903935 -9.498159
42.120000 -10.660078 -10.871994 -9.487098
42.160000 -10.625022 -10.840973 -9.483219
42.200000 -10.591526 -10.812103 -9.480473
42.240000 -10.557426 -10.782969 -9.479393
42.280000 -10.525086 -10.756607 -9.482985
42.320000 -10.493100 -10.730361 -9.478646
42.360000 -10.461886 -10.706214 -9.473209
42.400000 -10.432055 -10.683133 -9.472658
42.440000 -10.402185 -10.660923 -9.473312
42.480000 -10.373903 -10.637991 -9.475643
42.520000 -10.346266 -10.608952 -9.474044
42.560000 -10.319809 -10.591377 -9.472963
42.600000 -10.294442 -10.572004 -9.481598
42.640000 -10.270046 -10.543021 -9.500389
42.680000 -10.246437 -10.515103 -9.519045
42.720000 -10.224875 -10.509211 -9.537354
42.760000 -10.203497 -10.504975 -9.541695
42.800000 -10.184569 -10.503180 -9.559574
42.840000 -10.165622 -10.501301 -9.566164
42.880000 -10.148540 -10.500158 -9.574671
42.920000 -10.133030 -10.495030 -9.587211
42.960000 -10.117839 -10.488553 -9.592705
43.000000 -10.105921 -10.487040 -9.604503
43.040000 -10.093047 -10.492269 -9.614074
43.080000 -10.083673 -10.512655 -9.619541
43.120000 -10.074527 -10.510033 -9.622214
43.160000 -10.067280 -10.530769 -9.644157
43.200000 -10.061948 -10.514979 -9.654136
43.240000 -10.056991 -10.533195 -9.659556
43.280000 -10.054642 -10.544494 -9.666625
43.320000 -10.053027 -10.566638 -9.678751
43.360000 -10.053574 -10.582481 -9.686398
43.400000 -10.055559 -10.591580 -9.695636
43.440000 -10.058910 -10.597263 -9.698786
43.480000 -10.064003 -10.612555 -9.697065
43.520000 -10.070808 -10.642301 -9.713264
43.560000 -10.078861 -10.670453 -9.728308
43.600000 -10.089406 -10.702403 -9.750512
43.640000 -10.100192 -10.720969 -9.771965
43.680000 -10.113960 -10.730855 -9.795971
43.720000 -10.128071 -10.761322 -9.815492
43.760000 -10.144484 -10.800213 -9.823371
43.800000 -10.162552 -10.835855 -9.840103
43.840000 -10.181519 -10.856540 -9.870602
43.880000 -10.202694 -10.861531 -9.897153
43.920000 -10.224737 -10.866666 -9.912570
43.960000 -10.249331 -10.872992 -9.929322
44.000000 -10.274051 -10.899155 -9.946195
44.040000 -10.302300 -10.922026 -9.964787
44.080000 -10.328365 -10.951834 -9.982654
44.120000 -10.359001 -10.991521 -10.002362
44.160000 -10.388343 -11.027673 -10.029967
44.200000 -10.421046 -11.066217 -10.077565
44.240000 -10.453668 -11.102896 -10.126137
44.280000 -10.487058 -11.142443 -10.168745
44.320000 -10.523946 -11.190617 -10.204057
44.360000 -10.557537 -11.230287 -10.223490
44.400000 -10.598737 -11.277947 -10.242885
44.440000 -10.632104 -11.313215 -10.283837
44.480000 -10.672964 -11.356680 -10.329257
44.520000 -10.710351 -11.396032 -10.351429
44.560000 -10.750575 -11.439591 -10.389810
44.600000 -10.791887 -11.485213 -10.430056
44.640000 -10.831151 -11.529799 -10.466039
44.680000 -10.875523 -11.581147 -10.499984
44.720000 -10.914462 -11.626077 -10.532801
44.760000 -10.961760 -11.682691 -10.572724
44.800000 -11.000309 -11.728147 -10.607474
44.840000 -11.045901 -11.783073 -10.647450
44.880000 -11.087764 -11.833005 -10.685478
44.920000 -11.132634 -11.886980 -10.726169
44.960000 -11.177644 -11.941265 -10.767514
45.000000 -11.221834 -11.994155 -10.808866
45.040000 -11.270013 -12.052666 -10.853789
45.080000 -11.312745 -12.103187 -10.895215
45.120000 -11.364978 -12.166718 -10.944413
45.160000 -11.406316 -12.215425 -10.985744
45.200000 -11.457489 -12.276518 -11.035189
45.240000 -11.502626 -12.322137 -11.082906
45.280000 -11.552112 -12.381351 -11.142475
45.320000 -11.601783 -12.440880 -11.197814
45.360000 -11.649605 -12.497705 -11.237617
45.400000 -11.703864 -12.563036 -11.292508
45.440000 -11.749978 -12.617655 -11.342021
45.480000 -11.807955 -12.693895 -11.403366
45.520000 -11.853256 -12.753490 -11.453272
45.560000 -11.908952 -12.826843 -11.523581
45.600000 -11.959440 -12.886213 -11.597174
45.640000 -12.012997 -12.957620 -11.654327
45.680000 -12.067647 -13.029777 -11.711548
45.720000 -12.119979 -13.097367 -11.766939
45.760000 -12.178746 -13.172007 -11.828717
45.800000 -12.229933 -13.235517 -11.883230
45.840000 -12.292819 -13.316068 -11.949639
45.880000 -12.342127 -13.377060 -12.003035
45.920000 -12.403237 -13.457412 -12.070369
45.960000 -12.457526 -13.533778 -12.135063
46.000000 -12.517139 -13.618590 -12.203307
46.040000 -12.576323 -13.706871 -12.267114
46.080000 -12.633784 -13.787636 -12.329270
46.120000 -12.699012 -13.870946 -12.402521
46.160000 -12.755135 -13.953121 -12.466502
46.200000 -12.826915 -14.053124 -12.554849
46.240000 -12.881317 -14.126365 -12.619215
46.280000 -12.950812 -14.220772 -12.683549
46.320000 -13.012477 -14.302744 -12.741059
46.360000 -13.079959 -14.396221 -12.808736
46.400000 -13.149256 -14.504839 -12.885705
46.440000 -13.215012 -14.604930 -12.969188
46.480000 -13.291586 -14.709934 -13.066860
46.520000 -13.356951 -14.795033 -13.148433
46.560000 -13.441655 -14.905998 -13.231384
46.600000 -13.507273 -14.986590 -13.289380
46.640000 -13.591180 -15.094061 -13.377772
46.680000 -13.667479 -15.188941 -13.465775
46.720000 -13.753018 -15.295210 -13.557170
46.760000 -13.842742 -15.401352 -13.647928
46.800000 -13.932687 -15.504294 -13.750453
46.840000 -14.041400 -15.631578 -13.867095
46.880000 -14.140495 -15.740574 -13.972620
46.920000 -14.282249 -15.906759 -14.126672
46.960000 -14.404659 -16.040167 -14.256547
47.000000 -14.595338 -16.256625 -14.458110
47.040000 -14.825860 -16.499894 -14.696503
47.080000 -15.285981 -16.959859 -15.160963
47.120000 nan nan nan
47.160000 nan nan nan
47.200000 -inf nan nan
47.240000 -inf nan nan
47.280000 -inf nan nan
47.320000 -inf nan nan
47.360000 -inf nan nan
47.400000 -inf nan nan
47.440000 -inf nan nan
47.480000 -inf nan nan
47.520000 -inf nan nan
47.560000 -inf nan nan
47.600000 -inf nan nan
47.640000 -inf nan nan
47.680000 -inf nan nan
47.720000 -inf nan nan
47.760000 -inf nan nan
47.800000 -inf nan nan
47.840000 -inf nan nan
47.880000 -inf nan nan
47.920000 -inf nan nan
47.960000 -inf nan nan
48.000000 -inf nan nan
48.040000 -inf nan nan
48.080000 -inf nan nan
48.120000 -inf nan nan
48.160000 -inf nan nan
48.200000 -inf nan nan
48.240000 -inf nan nan
48.280000 -inf nan nan
48.320000 -inf nan nan
48.360000 -inf nan nan
48.400000 -inf nan nan
48.440000 -inf nan nan
48.480000 -inf nan nan
48.520000 -inf nan nan
48.560000 -inf nan nan
48.600000 -inf nan nan
48.640000 -inf nan nan
48.680000 -inf nan nan
48.720000 -inf nan nan
48.760000 -inf nan nan
48.800000 -inf nan nan
48.840000 -inf nan nan
48.880000 -inf nan nan
48.920000 -inf nan nan
48.960000 -inf nan nan
49.000000 -inf nan nan
49.040000 -inf nan nan
49.080000 -inf nan nan
49.120000 -inf nan nan
49.160000 -inf nan nan
49.200000 -inf nan nan
49.240000 -inf nan nan
49.280000 -inf nan nan
49.320000 -inf nan nan
49.360000 -inf nan nan
49.400000 -inf nan nan
49.440000 -inf nan nan
49.480000 -inf nan nan
49.520000 -inf nan nan
49.560000 -inf nan nan
49.600000 -inf nan nan
