#Quasar bolometric luminosity function in BH Eddington ratio bins from TRINITY PaperIV (arXiv:2309.07210)
#z: 10.00
#Eddington ratio range: -1.0 < log(eta) < 0.0
#log10(Lbol [erg/s]) log10(QLF_best [Mpc^-3 dex^-1] log10(QLF_16th [Mpc^-3 dex^-1] log10(QLF_84th [Mpc^-3 dex^-1])
40.000000 -15.275973 -16.157357 -11.367692
40.040000 -13.653399 -14.693025 -11.163118
40.080000 -13.357338 -14.545980 -11.028920
40.120000 -13.004068 -13.411030 -10.980549
40.160000 -12.896991 -13.344561 -10.940360
40.200000 -13.029872 -14.051693 -10.913485
40.240000 -12.867579 -13.180528 -10.870193
40.280000 -12.923641 -13.861594 -10.838337
40.320000 -12.879698 -13.124714 -10.797234
40.360000 -12.875416 -13.097157 -10.753723
40.400000 -12.910216 -13.450878 -10.713409
40.440000 -12.897356 -12.916103 -10.668812
40.480000 -12.904917 -13.115592 -10.637219
40.520000 -12.937787 -12.848611 -10.620800
40.560000 -12.937780 -12.959012 -10.602161
40.600000 -12.982129 -12.902481 -10.576734
40.640000 -13.002835 -12.898418 -10.622004
40.680000 -12.941960 -12.814226 -10.573371
40.720000 -12.992715 -12.708580 -10.617550
40.760000 -12.890032 -12.668747 -10.538787
40.800000 -12.935356 -12.811925 -10.599894
40.840000 -12.826830 -12.642409 -10.549347
40.880000 -12.777165 -12.699464 -10.541278
40.920000 -12.751202 -12.762378 -10.536699
40.960000 -12.668384 -12.604090 -10.509391
41.000000 -12.663729 -12.680370 -10.484520
41.040000 -12.575968 -12.459308 -10.456134
41.080000 -12.536876 -12.525869 -10.430228
41.120000 -12.483814 -12.392861 -10.403860
41.160000 -12.430567 -12.367536 -10.366777
41.200000 -12.387073 -12.382178 -10.327112
41.240000 -12.330042 -12.227271 -10.285337
41.280000 -12.280748 -12.242248 -10.245402
41.320000 -12.228944 -12.156125 -10.202911
41.360000 -12.178410 -12.182820 -10.157286
41.400000 -12.126784 -12.138665 -10.110130
41.440000 -12.070854 -12.054464 -10.060134
41.480000 -12.015148 -12.040209 -10.012138
41.520000 -11.963229 -11.999266 -9.963980
41.560000 -11.907375 -11.954235 -9.929426
41.600000 -11.858097 -11.932292 -9.901504
41.640000 -11.802422 -11.867000 -9.873394
41.680000 -11.750425 -11.824917 -9.847515
41.720000 -11.699774 -11.811829 -9.805804
41.760000 -11.646564 -11.739180 -9.763597
41.800000 -11.598990 -11.733849 -9.723708
41.840000 -11.545354 -11.661356 -9.680206
41.880000 -11.496251 -11.635394 -9.639360
41.920000 -11.446195 -11.603838 -9.591474
41.960000 -11.396192 -11.550266 -9.538879
42.000000 -11.348893 -11.510409 -9.489577
42.040000 -11.297675 -11.473871 -9.436056
42.080000 -11.249596 -11.431969 -9.396238
42.120000 -11.200442 -11.388325 -9.365969
42.160000 -11.151466 -11.345093 -9.335854
42.200000 -11.104548 -11.303889 -9.301524
42.240000 -11.054165 -11.260268 -9.253430
42.280000 -11.006461 -11.241948 -9.230960
42.320000 -10.958233 -11.250589 -9.200820
42.360000 -10.909579 -11.208583 -9.173048
42.400000 -10.863772 -11.155145 -9.146473
42.440000 -10.813880 -11.098156 -9.118476
42.480000 -10.766911 -11.039358 -9.091771
42.520000 -10.719519 -10.981355 -9.064897
42.560000 -10.671329 -10.925547 -9.038003
42.600000 -10.626309 -10.884597 -9.012269
42.640000 -10.576966 -10.840134 -8.985271
42.680000 -10.530887 -10.798432 -8.947278
42.720000 -10.483773 -10.756016 -8.907430
42.760000 -10.436461 -10.713511 -8.872252
42.800000 -10.391790 -10.673055 -8.839410
42.840000 -10.343210 -10.629422 -8.803974
42.880000 -10.297869 -10.634368 -8.770988
42.920000 -10.251243 -10.604892 -8.738235
42.960000 -10.204741 -10.561683 -8.718270
43.000000 -10.160705 -10.519392 -8.698801
43.040000 -10.112823 -10.476493 -8.663699
43.080000 -10.067932 -10.434221 -8.631968
43.120000 -10.022371 -10.391544 -8.600834
43.160000 -9.976565 -10.348662 -8.569656
43.200000 -9.933661 -10.307537 -8.543736
43.240000 -9.886878 -10.264198 -8.515336
43.280000 -9.843121 -10.220850 -8.491065
43.320000 -9.798753 -10.177535 -8.466451
43.360000 -9.754255 -10.130339 -8.442898
43.400000 -9.712702 -10.085390 -8.422155
43.440000 -9.667285 -10.044694 -8.399368
43.480000 -9.625168 -10.007613 -8.380821
43.520000 -9.582315 -9.966357 -8.362198
43.560000 -9.539666 -9.921866 -8.348323
43.600000 -9.499710 -9.872787 -8.333737
43.640000 -9.456301 -9.823582 -8.319047
43.680000 -9.415953 -9.786560 -8.305653
43.720000 -9.375208 -9.748771 -8.293149
43.760000 -9.334487 -9.710576 -8.281000
43.800000 -9.296591 -9.671056 -8.267598
43.840000 -9.255396 -9.628928 -8.244723
43.880000 -9.217168 -9.588933 -8.232107
43.920000 -9.178873 -9.553374 -8.222957
43.960000 -9.140355 -9.519762 -8.215531
44.000000 -9.105054 -9.490557 -8.212321
44.040000 -9.066272 -9.455148 -8.205340
44.080000 -9.030897 -9.410985 -8.203828
44.120000 -8.995091 -9.367850 -8.198976
44.160000 -8.959641 -9.324733 -8.188319
44.200000 -8.926889 -9.284283 -8.184866
44.240000 -8.891421 -9.241440 -8.174013
44.280000 -8.859219 -9.201714 -8.167820
44.320000 -8.826403 -9.179231 -8.162502
44.360000 -8.794957 -9.165950 -8.159598
44.400000 -8.764938 -9.154082 -8.158223
44.440000 -8.734228 -9.141914 -8.154734
44.480000 -8.705289 -9.129297 -8.154075
44.520000 -8.677023 -9.123843 -8.157694
44.560000 -8.649702 -9.119205 -8.160537
44.600000 -8.623182 -9.103541 -8.173337
44.640000 -8.598254 -9.063099 -8.185242
44.680000 -8.573147 -9.036444 -8.203859
44.720000 -8.550870 -9.021198 -8.214280
44.760000 -8.528204 -9.006192 -8.213576
44.800000 -8.507445 -8.994777 -8.215480
44.840000 -8.488120 -8.999395 -8.218654
44.880000 -8.469140 -8.993121 -8.218797
44.920000 -8.452771 -8.985260 -8.220243
44.960000 -8.435938 -8.969511 -8.219596
45.000000 -8.421830 -8.959094 -8.218131
45.040000 -8.408750 -8.956514 -8.233071
45.080000 -8.397689 -8.965218 -8.241714
45.120000 -8.387106 -8.966985 -8.236228
45.160000 -8.379177 -8.968501 -8.232080
45.200000 -8.370287 -8.966552 -8.231221
45.240000 -8.365919 -8.963864 -8.250256
45.280000 -8.361946 -8.962668 -8.252441
45.320000 -8.357483 -8.980425 -8.241065
45.360000 -8.359468 -8.994497 -8.247213
45.400000 -8.355473 -9.014663 -8.255130
45.440000 -8.362391 -9.033732 -8.275018
45.480000 -8.364248 -9.040890 -8.281202
45.520000 -8.370316 -9.070969 -8.297859
45.560000 -8.379405 -9.100996 -8.313168
45.600000 -8.383050 -9.128486 -8.321576
45.640000 -8.399644 -9.145091 -8.335204
45.680000 -8.407339 -9.165558 -8.346596
45.720000 -8.424675 -9.185380 -8.364178
45.760000 -8.440166 -9.192426 -8.381118
45.800000 -8.454663 -9.198857 -8.401790
45.840000 -8.478110 -9.208823 -8.424396
45.880000 -8.496693 -9.230092 -8.447312
45.920000 -8.520128 -9.269012 -8.476750
45.960000 -8.543724 -9.307266 -8.504988
46.000000 -8.566037 -9.324697 -8.531459
46.040000 -8.594923 -9.347036 -8.563534
46.080000 -8.623937 -9.376255 -8.592294
46.120000 -8.651800 -9.412054 -8.625526
46.160000 -8.685407 -9.444134 -8.657810
46.200000 -8.711366 -9.488386 -8.690693
46.240000 -8.749660 -9.537282 -8.727483
46.280000 -8.782642 -9.581895 -8.762919
46.320000 -8.815866 -9.625172 -8.800944
46.360000 -8.856070 -9.661888 -8.839273
46.400000 -8.883445 -9.702425 -8.877286
46.440000 -8.931115 -9.747087 -8.917027
46.480000 -8.966314 -9.789841 -8.947365
46.520000 -9.006911 -9.833198 -8.977936
46.560000 -9.049281 -9.878955 -9.010393
46.600000 -9.082849 -9.920132 -9.043981
46.640000 -9.132100 -9.969058 -9.096256
46.680000 -9.170011 -10.015924 -9.149171
46.720000 -9.214664 -10.059938 -9.193703
46.760000 -9.257063 -10.111241 -9.242509
46.800000 -9.296568 -10.151926 -9.282304
46.840000 -9.345388 -10.203899 -9.329608
46.880000 -9.388040 -10.248964 -9.374434
46.920000 -9.432641 -10.299824 -9.424467
46.960000 -9.479062 -10.355429 -9.476018
47.000000 -9.519005 -10.406241 -9.521916
47.040000 -9.569208 -10.465575 -9.572579
47.080000 -9.614879 -10.516995 -9.621024
47.120000 -9.658519 -10.580899 -9.669647
47.160000 -9.710991 -10.631623 -9.728396
47.200000 -9.750307 -10.690434 -9.769095
47.240000 -9.806420 -10.746076 -9.821269
47.280000 -9.852907 -10.802550 -9.869358
47.320000 -9.901221 -10.854025 -9.908014
47.360000 -9.954991 -10.917006 -9.960831
47.400000 -9.996062 -10.982774 -10.009067
47.440000 -10.056347 -11.043990 -10.073661
47.480000 -10.102516 -11.110749 -10.127081
47.520000 -10.156963 -11.168472 -10.188842
47.560000 -10.210647 -11.236208 -10.253583
47.600000 -10.257016 -11.294875 -10.309129
47.640000 -10.317495 -11.364060 -10.374882
47.680000 -10.367932 -11.435334 -10.434917
47.720000 -10.423348 -11.520251 -10.490528
47.760000 -10.478522 -11.610909 -10.548968
47.800000 -10.528630 -11.686905 -10.601517
47.840000 -10.588778 -11.770227 -10.665995
47.880000 -10.644598 -11.826956 -10.719541
47.920000 -10.700071 -11.896199 -10.781599
47.960000 -10.760314 -11.974158 -10.839472
48.000000 -10.810946 -12.051152 -10.890108
48.040000 -10.875939 -12.139949 -10.961715
48.080000 -10.934082 -12.211593 -11.021448
48.120000 -10.991951 -12.287589 -11.086348
48.160000 -11.058192 -12.364155 -11.148409
48.200000 -11.109710 -12.457641 -11.213868
48.240000 -11.182729 -12.554431 -11.279981
48.280000 -11.243294 -12.654214 -11.346587
48.320000 -11.308268 -12.740559 -11.416546
48.360000 -11.378255 -12.827881 -11.491832
48.400000 -11.436418 -12.904871 -11.556983
48.440000 -11.514705 -12.995382 -11.643512
48.480000 -11.580091 -13.108366 -11.715412
48.520000 -11.653440 -13.214089 -11.794223
48.560000 -11.728451 -13.320294 -11.877152
48.600000 -11.797138 -13.401406 -11.950875
48.640000 -11.883776 -13.510385 -12.046158
48.680000 -11.961838 -13.601923 -12.133846
48.720000 -12.047922 -13.707596 -12.222114
48.760000 -12.140055 -13.816595 -12.299634
48.800000 nan nan nan
48.840000 nan nan nan
48.880000 nan nan nan
48.920000 nan nan nan
48.960000 nan nan nan
49.000000 nan nan nan
49.040000 nan nan nan
49.080000 nan nan nan
49.120000 nan nan nan
49.160000 nan nan nan
49.200000 -inf nan nan
49.240000 -inf nan nan
49.280000 -inf nan nan
49.320000 -inf nan nan
49.360000 -inf nan nan
49.400000 -inf nan nan
49.440000 -inf nan nan
49.480000 -inf nan nan
49.520000 -inf nan nan
49.560000 -inf nan nan
49.600000 -inf nan nan
