#The posterior distribution of AGN duty cycle at z=0, assuming alpha_CTK = 1.0, from Trinity.
#Ref: Zhang et al. (2021)
0.549886
0.451221
0.443558
0.366813
0.529422
0.357942
0.155444
0.227890
0.144020
0.296735
0.378145
0.241072
0.320644
0.488371
0.566465
0.255567
0.415733
0.296416
0.455073
0.507204
0.459342
0.225792
0.256894
0.335682
0.196094
0.368867
0.272117
0.316183
0.231916
0.306923
0.290889
0.286229
0.192888
0.335139
0.173463
0.280779
0.356837
0.456382
0.474547
0.175708
0.107843
0.537237
0.239639
0.301443
0.461525
0.172664
0.614872
0.124821
0.449006
0.325140
0.160373
0.302546
0.351616
0.159826
0.581375
0.220923
0.296393
0.156222
0.089689
0.259655
0.273696
0.252774
0.250529
0.315965
0.249457
0.151764
0.301108
0.384795
0.468359
0.258064
0.354011
0.508485
0.058031
0.324397
0.200181
0.244989
0.149856
0.431109
0.204477
0.282086
0.205449
0.410669
0.483117
0.401087
0.333775
0.654697
0.271481
0.605074
0.239099
0.365021
0.516609
0.533954
0.444977
0.392794
0.450899
0.306374
0.158750
0.625375
0.645406
0.353542
0.190357
0.245908
0.301007
0.174850
0.175191
0.433957
0.411763
0.304085
0.414384
0.186556
0.402654
0.178684
0.287975
0.352135
0.495484
0.295666
0.182104
0.132383
0.370056
0.126918
0.330051
0.215493
0.276071
0.476127
0.299461
0.113038
0.372313
0.332257
0.342285
0.164344
0.314099
0.264412
0.350329
0.171251
0.238805
0.201777
0.324590
0.576735
0.318973
0.276921
0.472084
0.191806
0.406328
0.246512
0.329912
0.288630
0.286972
0.498659
0.214882
0.308436
0.447274
0.458738
0.196837
0.510356
0.292534
0.209258
0.104968
0.184715
0.235900
0.387922
0.352476
0.164068
0.351029
0.439059
0.158377
0.117380
0.305836
0.318218
0.088670
0.180177
0.293688
0.456535
0.342316
0.161198
0.359078
0.245740
0.301377
0.296676
0.304981
0.333400
0.383166
0.433818
0.403555
0.432699
0.235138
0.343531
0.251038
0.265296
0.175951
0.199710
0.410364
0.244265
0.233038
0.471034
0.370518
0.450719
0.312939
0.224019
0.326340
0.198370
0.378346
0.297278
0.343108
0.300797
0.442758
0.424870
0.463471
0.332073
0.419751
0.506844
0.482770
0.129801
0.260748
0.371968
0.244292
0.234445
0.242881
0.332321
0.121412
0.287588
0.286158
0.233427
0.338229
0.452539
0.582055
0.172745
0.436171
0.133637
0.083451
0.432896
0.287643
0.191144
0.208635
0.287344
0.388007
0.478774
0.166148
0.190460
0.338200
0.431103
0.215002
0.365941
0.419123
0.217222
0.202914
0.439687
0.336474
0.302023
0.340921
0.250305
0.126958
0.154003
0.250865
0.372724
0.282451
0.372660
0.448828
0.752731
0.386136
0.210811
0.121718
0.210621
0.140883
0.160434
0.254551
0.175198
0.376259
0.323019
0.459014
0.582607
0.293103
0.251719
0.126722
0.279082
0.184141
0.323823
0.424929
0.656138
0.389338
0.272692
0.374069
0.362241
0.350321
0.188245
0.250391
0.385002
0.307079
0.450134
0.593522
0.244305
0.200110
0.053818
0.174670
0.051202
0.413237
0.312127
0.430460
0.226454
0.225481
0.259027
0.175832
0.379603
0.522353
0.248705
0.299681
0.227659
0.297424
0.359969
0.575523
0.284863
0.433595
0.299658
0.286867
0.446442
0.278210
0.247829
0.246682
0.229048
0.389880
0.369397
0.278130
0.245463
0.285835
0.101115
0.420543
0.280615
0.375133
0.255933
0.560358
0.640715
0.179012
0.497438
0.211368
0.421791
0.247801
0.217411
0.411652
0.387909
0.469541
0.366313
0.251840
0.600191
0.091853
0.606702
0.261808
0.261264
0.266854
0.332081
0.198240
0.318554
0.437726
0.180362
0.230548
0.310070
0.434787
0.280928
0.250769
0.215731
0.431083
0.317484
0.157059
0.283990
0.194971
0.433495
0.254839
0.437654
0.167889
0.522647
0.511777
0.312863
0.287186
0.198636
0.103218
0.210603
0.409019
0.316972
0.095013
0.280678
0.191729
0.370517
0.382632
0.338776
0.751073
0.448305
0.296416
0.249671
0.186226
0.426090
0.206217
0.138882
0.090856
0.368647
0.301251
0.277605
0.420801
0.284647
0.275360
0.337566
0.402951
0.380666
0.295318
0.398514
0.437292
0.358468
0.526030
0.326582
0.227484
0.441815
0.476325
0.267618
0.332722
0.290630
0.174100
0.300598
0.441309
0.278104
0.455850
0.472385
0.433952
0.344220
0.381143
0.188827
0.312428
0.461345
0.179321
0.143474
0.431147
0.403331
0.270927
0.478738
0.394087
0.489258
0.288703
0.300430
0.278210
0.451516
0.318629
0.560107
0.291714
0.455113
0.481041
0.240423
0.554898
0.295818
0.306284
0.245512
0.113781
0.349919
0.529924
0.449787
0.457962
0.160500
0.287389
0.463165
0.059975
0.284963
0.355442
0.164245
0.255755
0.622229
0.430675
0.598123
0.219479
0.220043
0.382557
0.334634
0.178766
0.351486
0.231108
0.241189
0.295717
0.488095
0.333301
0.202946
0.312824
0.466439
0.361633
0.171424
0.223133
0.311391
0.259433
0.256264
0.508160
0.186145
0.059602
0.296402
0.311390
0.450672
0.450856
0.197882
0.362938
0.203493
0.518336
0.238427
0.397536
0.342873
0.334393
0.138942
0.403491
0.288335
0.404554
0.241711
0.277113
0.172770
0.338928
0.666048
0.217917
0.267979
0.223676
0.294225
0.375611
0.378339
0.471413
0.547950
0.221161
0.318076
0.399930
0.388841
0.301581
0.336596
0.374236
0.269170
0.284571
0.083841
0.542714
0.566652
0.487108
0.406822
0.358890
0.155931
0.353737
0.497380
0.196827
0.440365
0.353245
0.174947
0.536401
0.309564
0.117397
0.177711
0.314346
0.415950
0.453620
0.261845
0.356885
0.364284
0.120505
0.529064
0.163803
0.298085
0.491494
0.352840
0.318684
0.403585
0.344789
0.274633
0.359012
0.383524
0.372377
0.205432
0.497385
0.363718
0.226992
0.136209
0.386131
0.397263
0.433021
0.183144
0.559128
0.350240
0.047299
0.323108
0.372443
0.223573
0.272615
0.449671
0.507374
0.365256
0.220625
0.410100
0.357495
0.476100
0.408569
0.485704
0.359154
0.271609
0.350189
0.394793
0.453034
0.232737
0.157182
0.457276
0.476313
0.380695
0.429245
0.488125
0.320044
0.265563
0.139409
0.360025
0.218000
0.223546
0.677945
0.468736
0.299772
0.391896
0.276131
0.195596
0.516734
0.814741
0.313242
0.174687
0.201919
0.209544
0.456531
0.594115
0.372003
0.350792
0.280959
0.529032
0.555788
0.345083
0.241033
0.203942
0.369929
0.258822
0.199230
0.441139
0.116881
0.464669
0.328517
0.443952
0.552391
0.227531
0.406639
0.344033
0.428470
0.425772
0.206292
0.214422
0.042767
0.413079
0.073595
0.238973
0.363338
0.280209
0.509780
0.269435
0.406205
0.383927
0.483248
0.200529
0.199964
0.298972
0.507111
0.412233
0.271014
0.263568
0.405429
0.243197
0.316596
0.116276
0.106343
0.443046
0.358397
0.352053
0.436670
0.598739
0.341623
0.538166
0.306534
0.256947
0.235172
0.484459
0.632041
0.326423
0.549559
0.420213
0.758123
0.219554
0.414653
0.317384
0.312743
0.430499
0.653163
0.083470
0.315803
0.224476
0.327183
0.437658
0.305333
0.444377
0.320294
0.349002
0.244400
0.433927
0.116757
0.440094
0.207961
0.381285
0.202588
0.275332
0.156205
0.429239
0.566527
0.418353
0.311384
0.265117
0.414051
0.213821
0.477411
0.281254
0.336736
0.258971
0.259859
0.248487
0.166679
0.441310
0.289842
0.332270
0.629929
0.331713
0.338443
0.326286
0.147569
0.381910
0.131180
0.190745
0.206421
0.615257
0.526790
0.368834
0.264906
0.441561
0.278230
0.419250
0.258267
0.253840
0.710526
0.361943
0.517967
0.390318
0.393555
0.431869
0.534848
0.440790
0.447070
0.280045
0.359546
0.406767
0.251948
0.210457
0.295781
0.363572
0.562991
0.437823
0.197210
0.126946
0.357292
0.413190
0.431472
0.527796
0.378603
0.235022
0.560780
0.180895
0.168454
0.455271
0.195282
0.408517
0.344511
0.342468
0.343465
0.538095
0.348735
0.145828
0.314321
0.263539
0.237036
0.236674
0.422787
0.432029
0.319512
0.104285
0.243420
0.644282
0.181807
0.376568
0.272916
0.214198
0.393196
0.443324
0.466207
0.274126
0.332516
0.399027
0.175870
0.364824
0.466436
0.144816
0.278392
0.634279
0.148751
0.452381
0.243164
0.381726
0.293564
0.311970
0.518100
0.231638
0.282039
0.260105
0.263572
0.291687
0.190734
0.254858
0.329276
0.384921
0.261469
0.432858
0.274534
0.197105
0.207943
0.243550
0.334601
0.352920
0.274098
0.554129
0.169404
0.219253
0.220688
0.443988
0.333215
0.449430
0.396517
0.314364
0.467788
0.152911
0.251840
0.134151
0.386318
0.398935
0.519730
0.362091
0.479430
0.230733
0.311484
0.331911
0.209110
0.324620
0.355312
0.276128
0.447070
0.471261
0.226173
0.254764
0.327965
0.185708
0.314180
0.323004
0.330833
0.256441
0.245196
0.518967
0.475082
0.334262
0.408963
0.251786
0.522908
0.353326
0.323627
0.474457
0.378377
0.099312
0.255976
0.209114
0.186061
0.203854
0.345584
0.547469
0.422886
0.404189
0.221072
0.558549
0.219064
0.121384
0.297943
0.274932
0.295564
0.287241
0.301588
0.252373
0.479933
0.283148
0.217351
0.159884
0.517196
0.281761
0.370900
0.225289
0.167677
0.181505
0.474507
0.330799
0.626499
0.463819
0.350774
0.464264
0.159310
0.415738
0.187577
0.026637
0.558723
0.275612
0.290054
0.320783
0.384306
0.320031
0.467760
0.408972
0.263135
0.319944
0.339855
0.134979
0.252761
0.484912
0.271137
0.422657
0.421674
0.301082
0.255462
0.458728
0.224042
0.302502
0.470719
0.257532
0.397000
0.445228
0.246049
0.071700
0.344992
0.432516
0.273378
0.168650
0.288564
0.364845
0.335476
0.299658
0.361356
0.461457
0.385115
0.050975
0.324329
0.557186
0.191133
0.285446
0.482770
0.299679
0.629929
0.228894
0.482692
0.436372
0.559671
0.410951
0.302529
0.282655
0.287389
0.453759
0.394605
0.285080
0.441980
0.219663
0.247209
0.409138
0.328547
0.176748
0.497509
0.380819
0.160082
0.332653
0.231758
0.404648
0.715761
0.189660
0.182064
0.263593
0.319490
0.374598
0.193536
0.287270
0.530664
0.251416
0.345594
0.428060
0.252940
0.351071
0.481043
0.459373
0.185322
0.196151
0.318416
0.254499
0.197682
0.150911
0.515626
0.390967
0.480641
0.167608
0.190176
0.226074
0.273358
0.518179
0.331405
0.278241
0.483352
0.548400
0.451302
0.387742
0.476534
0.401333
0.395950
0.475942
0.163963
0.486939
0.095344
0.330773
0.239012
0.572492
0.164447
0.518617
0.260172
0.168668
0.441744
0.370095
0.535469
0.267618
0.260340
0.349753
0.354242
0.198197
0.399022
0.456252
0.519354
0.444677
0.222155
0.179801
0.373723
0.610151
0.368457
0.327214
0.436512
0.589646
0.234843
0.383626
0.205300
0.259625
0.296913
0.353874
0.450635
0.141566
0.183635
0.154504
0.327663
0.334653
0.203407
0.161909
0.265066
0.313438
0.483749
0.499366
0.536987
0.445782
0.330180
0.172197
0.352869
0.303531
0.211914
0.635673
0.430764
0.143150
0.322254
0.267241
0.316291
0.107380
0.470732
0.293407
0.254248
0.515565
0.388705
0.432797
0.193018
0.210762
0.258399
0.437965
0.283941
0.449729
0.343336
0.213355
0.230636
0.399844
0.530080
0.296528
0.134896
0.474086
0.289578
0.246277
0.382978
0.507016
0.193251
0.363264
0.234544
0.540494
0.303000
0.410601
0.078538
0.503340
0.673509
0.517904
0.370095
0.436449
0.294269
0.296840
0.279438
0.239082
0.436955
0.269235
0.404093
0.301603
0.390638
0.366846
0.362739
0.157900
0.131094
0.331354
0.282888
0.279655
0.085615
0.294947
0.174221
0.799663
0.318081
0.396321
0.240959
0.379524
0.231667
0.314949
0.333775
0.251102
0.504074
0.426856
0.277529
0.242309
0.524928
0.381161
0.205465
0.132179
0.230366
0.456423
0.296757
0.336937
0.304665
0.190861
0.250156
0.116465
0.227481
0.459151
0.390674
0.503712
0.138074
0.311939
0.318940
0.274404
0.383906
0.289400
0.383016
0.397482
0.336187
0.283817
0.298885
0.356099
0.510638
0.103514
0.161675
0.375159
0.274334
0.374647
0.451284
0.277807
0.160115
0.158077
0.229444
0.342145
0.351526
0.387084
0.241216
0.467694
0.163033
0.455560
0.524783
0.384393
0.157028
0.308982
0.317317
0.526937
0.470410
0.244382
0.580323
0.279751
0.229137
0.174552
0.398556
0.278822
0.175705
0.301959
0.177143
0.152911
0.565862
0.129175
0.437726
0.036834
0.321729
0.184607
0.422543
0.501845
0.374166
0.302891
0.496932
0.167051
0.345145
0.285837
0.238261
0.192803
0.225699
0.413572
0.420943
0.434078
0.319209
0.433693
0.562491
0.187623
0.271740
0.467946
0.324845
0.241691
0.415835
0.671923
0.278844
0.238216
0.363163
0.338366
0.307830
0.507454
0.195113
0.278970
0.316859
0.463507
0.222756
0.457569
0.168269
0.413021
0.306555
0.273864
0.516525
0.269923
0.152042
0.534183
0.541576
0.318684
0.177756
0.437759
0.165073
0.267844
0.525025
0.554562
0.433580
0.509368
0.313667
0.436755
0.439617
0.317452
0.119840
0.345578
0.192472
0.158877
0.329639
0.449925
0.332564
0.336140
0.307578
0.203817
0.417679
0.503294
0.239446
0.488026
0.376995
0.361367
0.316683
0.371136
0.230612
0.317025
0.150782
0.276254
0.264382
0.260588
0.201320
0.463833
0.259759
0.098727
0.213379
0.444478
0.532116
0.255778
0.255123
0.338598
0.219176
0.463518
0.519621
0.432182
0.427183
0.483734
0.455067
0.230462
0.303108
0.091921
0.241026
0.596211
0.106734
0.232706
0.233807
0.226532
0.799325
0.256739
0.393954
0.113480
0.114034
0.291699
0.207019
0.265296
0.249798
0.275130
0.078189
0.068647
0.315006
0.532399
0.272316
0.323089
0.275528
0.443046
0.474659
0.461308
0.164930
0.333708
0.113311
0.454792
0.337475
0.209228
0.375704
0.349634
0.364290
0.120081
0.175502
0.358333
0.151619
0.189846
0.354946
0.270237
0.375618
0.377156
0.152364
0.236988
0.414107
0.199401
0.319934
0.489341
0.316244
0.253326
0.291074
0.361157
0.310232
0.184114
0.179654
0.155678
0.312745
0.318018
0.212939
0.383421
0.184878
0.262258
0.136479
0.130213
0.559751
0.144027
0.247090
0.276670
0.251474
0.359524
0.319097
0.471864
0.317696
0.422299
0.297333
0.177389
0.217924
0.457012
0.364658
0.223757
0.391487
0.399942
0.155898
0.268430
0.331540
0.298936
0.245141
0.279296
0.350978
0.349753
0.453176
0.395759
0.200181
0.306557
0.378484
0.556620
0.321373
0.353806
0.456073
0.443804
0.473654
0.194172
0.325498
0.324410
0.306436
0.283775
0.355024
0.285324
0.396723
0.384227
0.259267
0.472857
0.200519
0.208858
0.257200
0.206364
0.274148
0.484739
0.299596
0.376008
0.251027
0.109328
0.298158
0.426234
0.294384
0.476905
0.372605
0.218243
0.382374
0.524206
0.307863
0.465558
0.227456
0.880794
0.318841
0.197429
0.350649
0.177735
0.448698
0.360665
0.260472
0.381533
0.371494
0.243917
0.205545
0.175066
0.316241
0.253684
0.652704
0.403753
0.357775
0.488926
0.459986
0.230020
0.367908
0.273807
0.262204
0.315114
0.503294
0.266042
0.371826
0.142676
0.346578
0.172770
0.447986
0.269329
0.219672
0.494385
0.591711
0.328271
0.432263
0.558225
0.096709
0.697485
0.218318
0.187786
0.140370
0.414145
0.410256
0.090701
0.480302
0.539995
0.126631
0.222445
0.203105
0.458811
0.024212
0.664686
0.208405
0.357013
0.385666
0.297593
0.485884
0.365394
0.249340
0.053720
0.281659
0.573430
0.395388
0.277321
0.269944
0.369328
0.384571
0.290031
0.407933
0.184703
0.482102
0.207476
0.221356
0.281731
0.323956
0.429799
0.366492
0.212050
0.508851
0.286524
0.207750
0.376455
0.072928
0.428455
0.257317
0.469828
0.422733
0.216336
0.311831
0.140540
0.110993
0.513775
0.296750
0.442248
0.187782
0.275103
0.341832
0.142567
0.292973
0.376960
0.113097
0.464642
0.142473
0.294651
0.426496
0.199727
0.147584
0.289934
0.585747
0.350846
0.319165
0.342958
0.106064
0.475446
0.526886
0.410572
0.360699
0.211133
0.335558
0.183979
0.234069
0.478218
0.253101
0.177961
0.671372
0.232261
0.309934
0.022663
0.294981
0.096266
0.050947
0.210484
0.520469
0.237331
0.271303
0.443213
0.422787
0.311177
0.219476
0.480350
0.316539
0.366114
0.280568
0.386931
0.380688
0.342790
0.036439
0.522536
0.381916
0.382918
0.307024
0.514251
0.437901
0.200905
0.433674
0.163615
0.374235
0.101160
0.113430
0.377290
0.236587
0.267572
0.407403
0.391276
0.452203
0.366717
0.348552
0.290231
0.180139
0.335659
0.557779
0.408586
0.434745
0.194590
0.611509
0.314105
0.293806
0.356402
0.329720
0.221533
0.534450
0.654643
0.335139
0.164503
0.329670
0.278896
0.135594
0.230772
0.401253
0.199628
0.167016
0.444715
0.386973
0.390711
0.298439
0.517258
0.177037
0.295400
0.390667
0.479056
0.359599
0.182017
0.319218
0.255675
0.539312
0.314982
0.407320
0.306049
0.273318
0.253866
0.227890
0.338215
0.204766
0.328813
0.265066
0.569439
0.284529
0.392596
0.242228
0.236108
0.403624
0.303970
0.418146
0.222930
0.108415
0.215117
0.525794
0.726852
0.395121
0.297458
0.448571
0.521443
0.203720
0.283481
0.229350
0.240468
0.172713
0.364091
0.375633
0.359366
0.304078
0.278676
0.273522
0.254412
0.379340
0.317747
0.339590
0.265096
0.610239
0.343768
0.724009
0.132153
0.104096
0.149494
0.378637
0.396944
0.399217
0.248210
0.244307
0.322634
0.285804
0.429130
0.311181
0.369180
0.124064
0.341954
0.405535
0.328038
0.242807
0.303897
0.653294
0.234329
0.187729
0.412279
0.111709
0.259851
0.204421
0.194836
0.193567
0.185523
0.216405
0.231585
0.357123
0.347311
0.335472
0.470111
0.458152
0.285994
0.309497
0.221931
0.212630
0.373857
0.290133
0.176900
0.225858
0.261846
0.274818
0.281144
0.455385
0.293988
0.405858
0.254771
0.251504
0.135200
0.187432
0.412604
0.300174
0.207103
0.409357
0.245444
0.400746
0.426261
0.249013
0.236809
0.254082
0.355041
0.370156
0.475082
0.435326
0.459513
0.425173
0.300816
0.232454
0.468034
0.290439
0.508972
0.183403
0.259015
0.234214
0.543335
0.289213
0.093610
0.368365
0.355036
0.236364
0.236993
0.211234
0.214539
0.419194
0.316870
0.516186
0.173624
0.388495
0.292210
0.427795
0.580239
0.108446
0.258839
0.100193
0.205009
0.464203
0.429016
0.424757
0.441705
0.196151
0.300607
0.188420
0.120930
0.367085
0.308737
0.310387
0.367276
0.519599
0.530483
0.191144
0.264632
0.421906
0.429484
0.276840
0.402214
0.421103
0.504357
0.130123
0.457598
0.214603
0.744790
0.136094
0.453495
0.132482
0.100173
0.582885
0.434034
0.248092
0.246308
0.316462
0.250767
0.503133
0.146802
0.253205
0.257564
0.461343
0.391933
0.468178
0.337588
0.339290
0.311758
0.126267
0.018066
0.443549
0.201324
0.449787
0.386169
0.253033
0.536862
0.163043
0.267597
0.254246
0.238889
0.490211
0.363851
0.421712
0.171150
0.564921
0.263416
0.240618
0.411862
0.565268
0.317317
0.576735
0.549687
0.609189
0.431311
0.313239
0.230107
0.274075
0.308004
0.050975
0.311316
0.268911
0.323743
0.264326
0.184783
0.754407
0.438191
0.400488
0.245269
0.306881
0.225179
0.302880
0.127188
0.200666
0.341505
0.342809
0.128047
0.212221
0.259174
0.372199
0.510417
0.305555
0.361797
0.119007
0.289499
0.505302
0.416013
0.690549
0.129652
0.292674
0.386317
0.142156
0.508482
0.127504
0.211676
0.361981
0.206169
0.479316
0.412330
0.264041
0.226071
0.309350
0.413481
0.284175
0.405764
0.251941
0.317174
0.294359
0.188982
0.135029
0.035386
0.363549
0.364019
0.503734
0.347726
0.293852
0.237672
0.086911
0.348291
0.136094
0.482102
0.730030
0.320091
0.287522
0.225498
0.232449
0.309557
0.380635
0.156071
0.253738
0.315745
0.182408
0.475957
0.417908
0.178427
0.373115
0.398604
0.090252
0.121186
0.331972
0.372377
0.281715
0.375271
0.326781
0.418406
0.223783
0.504815
0.231880
0.355210
0.189321
0.515636
0.312127
0.423733
0.482978
0.439687
0.284019
0.469118
0.337740
0.500745
0.432699
0.393122
0.167687
0.334798
0.118495
0.354297
0.316566
0.235059
0.606585
0.312318
0.438655
0.213848
0.320564
0.165785
0.269820
0.224121
0.450761
0.483734
0.426258
0.022663
0.260124
0.319042
0.274055
0.163455
0.251948
0.118697
0.442211
0.089053
0.205279
0.576948
0.213700
0.371325
0.462196
0.397846
0.331749
0.106726
0.497434
0.159236
0.220242
0.501353
0.372726
0.420543
0.261449
0.049088
0.270355
0.144621
0.330216
0.266301
0.264697
0.564445
0.419290
0.272031
0.251697
0.228872
0.211945
0.369412
0.388051
0.234768
0.294368
0.226631
0.385423
0.223199
0.207542
0.419705
0.427030
0.414756
0.516744
0.437901
0.277129
0.329181
0.228998
0.179455
0.369564
0.397450
0.517063
0.398281
0.151288
0.322203
0.186953
0.317685
0.150325
0.217246
0.270237
0.276343
0.244568
0.402221
0.179969
0.220648
0.441379
0.207823
0.518018
0.409701
0.298385
0.308955
0.123099
0.328928
0.384068
0.436477
0.124821
0.445125
0.530917
0.463925
0.513879
0.196382
0.387588
0.588219
0.409324
0.260247
0.401333
0.106185
0.505925
0.344835
0.466311
0.180053
0.164913
0.258921
0.270673
0.271702
0.324898
0.327007
0.489768
0.341425
0.322768
0.413776
0.436298
0.486066
0.148596
0.377958
0.224351
0.501761
0.263044
0.238726
0.378453
0.518847
0.253447
0.293946
0.505906
0.418012
0.208643
0.363924
0.180532
0.231942
0.382031
0.351472
0.495013
0.507702
0.359939
0.234915
0.304467
0.169311
0.363650
0.279747
0.393122
0.507016
0.180471
0.333901
0.108531
0.253676
0.119071
0.273889
0.276413
0.193661
0.289996
0.204609
0.219649
0.363873
0.069050
0.319633
0.246914
0.565666
0.637797
0.494014
0.288262
0.382676
0.595488
0.442240
0.494714
0.330129
0.243897
0.330130
0.288950
0.287473
0.267906
0.538325
0.445125
0.277112
0.277970
0.200356
0.493739
0.247272
0.506718
0.364254
0.223405
0.185831
0.585507
0.294149
0.398682
0.210410
0.140228
0.325168
0.285322
0.221703
0.394479
0.309292
0.616527
0.368167
0.511012
0.360515
0.492718
0.306238
0.194584
0.411948
0.571038
0.360224
0.351657
0.350978
0.120293
0.320168
0.204699
0.266989
0.185039
0.225224
0.198934
0.456893
0.324853
0.493600
0.411141
0.246339
0.188572
0.292011
0.403656
0.208664
0.271294
0.274989
0.515667
0.320879
0.256312
0.480259
0.130766
0.853802
0.113486
0.245529
0.157774
0.317836
0.472699
0.354266
0.447134
0.166971
0.414578
0.142394
0.458802
0.288440
0.171055
0.520763
0.454416
0.443395
0.471742
0.574494
0.445475
0.293885
0.481747
0.600244
0.209421
0.495125
0.156924
0.226067
0.316677
0.295979
0.284994
0.458271
0.530603
0.286873
0.409955
0.170173
0.192344
0.170215
0.374488
0.260302
0.349379
0.429653
0.191503
0.477225
0.138138
0.154651
0.133494
0.228472
0.230866
0.408153
0.180814
0.323548
0.537813
0.366350
0.472161
0.308956
0.320685
0.230558
0.373732
0.221325
0.272935
0.129453
0.312930
0.163029
0.431903
0.183416
0.104968
0.437220
0.531710
0.454292
0.244278
0.244400
0.259975
0.277957
0.388549
0.340627
0.175248
0.408612
0.184939
0.382031
0.299359
0.271646
0.174817
0.287716
0.183919
0.350225
0.335763
0.392459
0.353055
0.413495
0.477107
0.283612
0.359041
0.248935
0.281642
0.432686
0.261980
0.429132
0.240218
0.250307
0.318922
0.438814
0.380246
0.438911
0.271476
0.593369
0.530739
0.160626
0.184051
0.461999
0.403857
0.432511
0.405549
0.400211
0.214439
0.372787
0.190664
0.275201
0.166883
0.073029
0.287257
0.273280
0.454067
0.276844
0.479212
0.263106
0.292363
0.432406
0.053135
0.418570
0.228197
0.341832
0.311267
0.249302
0.321492
0.443811
0.366949
0.460854
0.432215
0.300289
0.546637
0.244671
0.454777
0.353994
0.150073
0.515110
0.403726
0.700330
0.404288
0.351026
0.283192
0.257713
0.423966
0.425219
0.220040
0.239298
0.300345
0.258249
0.464898
0.390363
0.444513
0.490559
0.342133
0.268950
0.139409
0.255323
0.278716
0.444280
0.362622
0.177362
0.268950
0.566527
0.378743
0.245773
0.301158
0.255514
0.408359
0.267075
0.250505
0.247949
0.326407
0.346584
0.433028
0.431281
0.216365
0.245430
0.184553
0.338812
0.163329
0.444874
0.259533
0.695429
0.184933
0.235605
0.321492
0.473986
0.297189
0.281109
0.388090
0.261903
0.476854
0.431737
0.307606
0.475673
0.509780
0.369829
0.313749
0.415079
0.252813
0.376413
0.110831
0.259238
0.595353
0.488643
0.319698
0.308336
0.489768
0.763827
0.184878
0.540893
0.775633
0.196651
0.389257
0.208053
0.330699
0.106906
0.364232
0.463819
0.154547
0.368508
0.264043
0.411673
0.265296
0.254576
0.244004
0.261293
0.379334
0.463514
0.552652
0.317446
0.238459
0.136345
0.484932
0.221863
0.704365
0.368297
0.306777
0.576322
0.209468
0.107674
0.257844
0.082189
0.133207
0.373330
0.249945
0.407950
0.321195
0.535723
0.413694
0.434254
0.387909
0.482855
0.306525
0.352304
0.402517
0.233133
0.467771
0.249511
0.174620
0.281129
0.125621
0.335418
0.131027
0.272451
0.617091
0.166731
0.378107
0.121330
0.397190
0.431158
0.329009
0.459500
0.623854
0.220950
0.281978
0.129464
0.258125
0.392679
0.369021
0.298492
0.268109
0.511287
0.454393
0.472971
0.252888
0.354986
0.299194
0.332291
0.226456
0.189832
0.457318
0.295766
0.368512
0.120293
0.262597
0.316131
0.351286
0.425656
0.269948
0.339961
0.200888
0.292200
0.063412
0.200831
0.129088
0.286593
0.249775
0.174636
0.344049
0.113097
0.508553
0.380044
0.566927
0.488203
0.410277
0.413517
0.396617
0.222472
0.385220
0.335312
0.320383
0.212523
0.541945
0.363991
0.620439
0.231028
0.170098
0.203397
0.254975
0.230443
0.446071
0.241496
0.318496
0.535632
0.157146
0.617663
0.382164
0.324460
0.347337
0.438698
0.351515
0.561407
0.359356
0.363712
0.176865
0.448860
0.366359
0.486006
0.359675
0.787760
0.211201
0.209673
0.208937
0.252921
0.240647
0.245874
0.401069
0.228119
0.212330
0.405737
0.840493
0.273149
0.364351
0.265066
0.421709
0.266513
0.263593
0.396678
0.421120
0.272566
0.281043
0.406758
0.130387
0.750942
0.144030
0.263255
0.275335
0.284268
0.430552
0.308936
0.408506
0.335344
0.166194
0.326778
0.397442
0.571998
0.281438
0.302682
0.139323
0.265073
0.564324
0.302619
0.254192
0.497887
0.389330
0.292466
0.131915
0.323290
0.199816
0.297010
0.202967
0.486080
0.359562
0.361620
0.354618
0.378830
0.232693
0.227395
0.305884
0.374758
0.507213
0.408469
0.233993
0.063018
0.297227
0.160442
0.494799
0.146883
0.541352
0.428928
0.304199
0.412459
0.371764
0.338542
0.382435
0.445024
0.412576
0.369847
0.354774
0.492509
0.428308
0.382549
0.194993
0.247172
0.336903
0.408733
0.234960
0.369412
0.178114
0.656240
0.220164
0.248845
0.479333
0.137639
0.221917
0.630774
0.487532
0.529503
0.263409
0.646066
0.390806
0.119900
0.200512
0.396185
0.467103
0.321748
0.361839
0.501063
0.476100
0.249979
0.463371
0.386691
0.308315
0.454323
0.231657
0.186888
0.234910
0.251437
0.297933
0.326257
0.469344
0.391850
0.526449
0.473937
0.260569
0.137847
0.433541
0.259277
0.427685
0.071098
0.258538
0.181569
0.462578
0.241693
0.149341
0.488218
0.130940
0.277091
0.252249
0.240985
0.291117
0.498926
0.272776
0.547155
0.378412
0.394543
0.290643
0.086369
0.368724
0.546713
0.317555
0.271110
0.360009
0.350565
0.238081
0.180871
0.343415
0.505870
0.267649
0.227163
0.248120
0.283584
0.308312
0.240646
0.515906
0.445369
0.402360
0.554173
0.519563
0.319698
0.557570
0.290889
0.240506
0.653238
0.250100
0.174589
0.804722
0.207395
0.279551
0.204072
0.084631
0.385687
0.260319
0.347784
0.305583
0.236451
0.287887
0.396669
0.429743
0.728283
0.290921
0.437735
0.408985
0.247278
0.271014
0.198973
0.528111
0.418908
0.453945
0.745444
0.167278
0.176371
0.362785
0.596080
0.393555
0.369285
0.253476
0.242029
0.386694
0.480725
0.390981
0.333071
0.316334
0.289390
0.328481
0.211193
0.217785
0.439219
0.243597
0.143150
0.205928
0.492357
0.218860
0.320555
0.213609
0.291713
0.438747
0.174794
0.157117
0.240384
0.519834
0.521184
0.269752
0.497438
0.345619
0.288452
0.644657
0.513949
0.475158
0.189035
0.414392
0.489682
0.450602
0.200125
0.374517
0.283829
0.258832
0.625895
0.331349
0.450552
0.525516
0.251840
0.481058
0.138999
0.184454
0.388236
0.221184
0.766692
0.379633
0.300663
0.495632
0.189487
0.437840
0.255724
0.147188
0.201966
0.762902
0.439989
0.466311
0.163913
0.251658
0.223342
0.269435
0.231723
0.343333
0.458074
0.271065
0.132447
0.510686
0.212245
0.292282
0.277347
0.390158
0.396499
0.476233
0.398682
0.173442
0.340923
0.406628
0.302959
0.320517
0.094548
0.331149
0.373304
0.387101
0.166551
0.340204
0.366030
0.373999
0.163049
0.195963
0.255993
0.375695
0.150621
0.303268
0.736131
0.277948
0.487287
0.251845
0.410036
0.266042
0.269996
0.232830
0.468263
0.219477
0.173058
0.370379
0.278230
0.393445
0.400972
0.293826
0.339327
0.496717
0.346862
0.359218
0.262819
0.338782
0.404113
0.345619
0.456184
0.412660
0.369499
0.305480
0.397744
0.408367
0.346133
0.333976
0.232584
0.428351
0.411379
0.099182
0.392368
0.327773
0.275442
0.335310
0.540982
0.329983
0.485751
0.312676
0.449787
0.288339
0.259433
0.383476
0.274831
0.323061
0.306760
0.113038
0.274459
0.364414
0.323496
0.151864
0.435677
0.344279
0.553315
0.361110
0.582289
0.240858
0.271957
0.514111
0.222719
0.384148
0.244185
0.243397
0.437142
0.389637
0.351119
0.199900
0.300904
0.210286
0.384926
0.415757
0.335205
0.229456
0.429467
0.306363
0.132395
0.450872
0.223433
0.343882
0.393765
0.219988
0.238635
0.185357
0.497418
0.305342
0.107449
0.201562
0.150397
0.241531
0.398204
0.174043
0.449527
0.271686
0.486402
0.383731
0.336412
0.620443
0.426333
0.557068
0.245296
0.274166
0.317317
0.519741
0.488734
0.217805
0.277859
0.362714
0.339583
0.303653
0.361286
0.249343
0.258839
0.160082
0.741321
0.444257
0.471157
0.269949
0.173968
0.218972
0.282265
0.262203
0.502005
0.255599
0.288763
0.262626
0.378973
0.323017
0.453191
0.212931
0.361576
0.239944
0.349308
0.454719
0.431021
0.214713
0.334335
0.154807
0.242500
0.436467
0.279828
0.328367
0.458535
0.283123
0.205361
0.431179
0.464270
0.487137
0.186890
0.234563
0.400932
0.490346
0.303958
0.378320
0.514251
0.267655
0.228834
0.359700
0.176430
0.429250
0.308435
0.233316
0.335175
0.206201
0.464574
0.478920
0.594868
0.146216
0.371551
0.400856
0.187718
0.224622
0.492026
0.305454
0.130630
0.437433
0.352012
0.495395
0.094030
0.455811
0.251609
0.373150
0.727787
0.330676
0.392221
0.126338
0.203742
0.102897
0.456155
0.180237
0.288949
0.206769
0.426149
0.754482
0.404350
0.287452
0.496832
0.422536
0.064210
0.324442
0.212118
0.727146
0.223735
0.311274
0.257170
0.415819
0.084285
0.366531
0.223054
0.374694
0.203261
0.445184
0.107930
0.436706
0.280547
0.200567
0.211023
0.429265
0.238764
0.237811
0.218933
0.252795
0.335451
0.146663
0.309463
0.503668
0.581021
0.429290
0.617766
0.281645
0.321329
0.349753
0.280495
0.310584
0.509518
0.376775
0.520124
0.315405
0.202001
0.148735
0.421584
0.569996
0.321742
0.304685
0.262342
0.318847
0.539529
0.571220
0.512366
0.362296
0.131414
0.360880
0.376960
0.475698
0.272498
0.387785
0.283187
0.220352
0.302279
0.201798
0.167428
0.286044
0.323374
0.673068
0.318523
0.403825
0.155870
0.312478
0.132552
0.713754
0.275290
0.187511
0.334128
0.345743
0.100481
0.271756
0.210086
0.404186
0.428408
0.389448
0.223561
0.361037
0.479182
0.178417
0.352345
0.163932
0.170220
0.247115
0.299203
0.232636
0.211276
0.426056
0.168099
0.071119
0.206339
0.345743
0.567967
0.423675
0.263824
0.458097
0.363789
0.480416
0.435420
0.183611
0.436893
0.517293
0.158248
0.293734
0.411801
0.207058
0.390168
0.381619
0.483469
0.234381
0.433495
0.225179
0.300422
0.426442
0.126540
0.129088
0.180304
0.408970
0.119498
0.628505
0.158381
0.350144
0.342786
0.480566
0.316566
0.124821
0.435923
0.415872
0.511736
0.188212
0.406742
0.236785
0.130841
0.289624
0.363923
0.290269
0.126854
0.615772
0.521464
0.551950
0.259655
0.196202
0.462989
0.325498
0.381157
0.310150
0.408083
0.148335
0.339705
0.500026
0.356261
0.356423
0.240513
0.126784
0.329380
0.410333
0.275032
0.363831
0.422268
0.298932
0.317512
0.329529
0.128986
0.305741
0.277089
0.374347
0.595483
0.248910
0.260459
0.316474
0.590951
0.317080
0.333185
0.397450
0.367075
0.158292
0.230977
0.183364
0.633193
0.524735
0.414745
0.308436
0.340602
0.211384
0.173617
0.203323
0.102261
0.301543
0.304565
0.593423
0.308931
0.291406
0.329276
0.203597
0.225505
0.394057
0.231907
0.369285
0.264723
0.240457
0.441244
0.250524
0.376791
0.307939
0.135082
0.209866
0.425545
0.271825
0.599501
0.334717
0.283843
0.105598
0.370066
0.327650
0.192521
0.341595
0.246993
0.269812
0.379485
0.195211
0.380902
0.562379
0.358382
0.246793
0.317856
0.419651
0.492381
0.477677
0.137784
0.378549
0.349960
0.485918
0.389110
0.383207
0.280654
0.765277
0.198812
0.217316
0.389205
0.115467
0.475859
0.247054
0.381332
0.379863
0.474123
0.719737
0.282295
0.247801
0.377425
0.438297
0.475335
0.126191
0.352124
0.369285
0.430992
0.468864
0.407032
0.378549
0.200042
0.207404
0.426793
0.153763
0.245277
0.357035
0.256420
0.440447
0.382435
0.300462
0.380349
0.360971
0.508049
0.612181
0.080546
0.552076
0.312746
0.308840
0.529064
0.224631
0.501275
0.286161
0.233124
0.134857
0.229166
0.115643
0.319805
0.210689
0.196714
0.526648
0.356695
0.288440
0.358549
0.316972
0.427971
0.454895
0.462263
0.342770
0.331478
0.134037
0.350341
0.404066
0.260563
0.422545
0.161106
0.397275
0.147161
0.350386
0.414152
0.518714
0.180814
0.607460
0.322553
0.110616
0.320797
0.342708
0.199935
0.340954
0.164597
0.236237
0.574620
0.451242
0.410922
0.283820
0.162421
0.446379
0.441987
0.225489
0.363485
0.674087
0.364627
0.423526
0.403656
0.266235
0.441791
0.126958
0.510854
0.099068
0.272168
0.181569
0.220587
0.367378
0.166955
0.451750
0.447815
0.381165
0.574483
0.129128
0.478464
0.225453
0.629100
0.426787
0.266155
0.183241
0.481466
0.415274
0.435282
0.244353
0.423305
0.211394
0.089188
0.410844
0.384206
0.277072
0.718685
0.400932
0.309266
0.252674
0.175291
0.548422
0.622325
0.475071
0.438282
0.304044
0.522148
0.458239
0.476190
0.333896
0.263532
0.330763
0.496062
0.451229
0.373834
0.068853
0.436265
0.277341
0.211914
0.348011
0.175751
0.477951
0.542631
0.287869
0.463970
0.108866
0.137293
0.277166
0.326290
0.286516
0.441925
0.446836
0.249420
0.308992
0.506444
0.330027
0.161646
0.220355
0.182492
0.228909
0.428099
0.292098
0.635038
0.162057
0.561429
0.329953
0.341205
0.224420
0.371648
0.180237
0.162996
0.377340
0.575760
0.345039
0.488525
0.694155
0.071904
0.314843
0.454662
0.186021
0.127800
0.469406
0.218831
0.471465
0.467079
0.270850
0.258770
0.413307
0.324664
0.425615
0.479099
0.427495
0.351139
0.378215
0.260273
0.129888
0.205971
0.348971
0.416440
0.108151
0.148231
0.314030
0.073402
0.256126
0.438121
0.425185
0.292598
0.176940
0.355815
0.257784
0.337073
0.378443
0.357129
0.397170
0.223653
0.438747
0.417857
0.097004
0.633855
0.308004
0.157953
0.280709
0.422956
0.266349
0.355057
0.239478
0.321841
0.671372
0.295796
0.342217
0.302739
0.345270
0.417857
0.322921
0.368858
0.320908
0.501063
0.483117
0.570329
0.425084
0.380799
0.440872
0.504731
0.202870
0.403682
0.368038
0.197123
0.319797
0.412238
0.278886
0.266806
0.475862
0.195344
0.264713
0.184572
0.335031
0.254812
0.440516
0.324815
0.244331
0.284562
0.684755
0.358778
0.162902
0.398526
0.118575
0.327962
0.214290
0.354572
0.373941
0.385168
0.254592
0.612471
0.283385
0.368055
0.376483
0.371898
0.345210
0.439559
0.293020
0.184684
0.432682
0.224308
0.216304
0.283350
0.158903
0.588752
0.254751
0.267846
0.371679
0.529860
0.360941
0.423297
0.373342
0.214098
0.352452
0.219563
0.303788
0.215065
0.444936
0.141690
0.201058
0.278493
0.295036
0.253940
0.403044
0.220449
0.161500
0.535163
0.207344
0.200723
0.496368
0.363924
0.451023
0.301873
0.284787
0.447559
0.421057
0.441660
0.275864
0.487516
0.201073
0.244860
0.279410
0.131329
0.246129
0.281358
0.348230
0.423331
0.502402
0.499743
0.403201
0.349159
0.470305
0.383434
0.209975
0.320908
0.196205
0.296957
0.366763
0.445933
0.325793
0.431021
0.559128
0.204953
0.472866
0.520763
0.315981
0.336099
0.249318
0.641532
0.176738
0.315168
0.194791
0.101056
0.303017
0.244493
0.249121
0.341205
0.182836
0.285016
0.152456
0.182892
0.584666
0.480751
0.403346
0.244076
0.177463
0.385537
0.350788
0.263958
0.163617
0.402019
0.410604
0.073728
0.428023
0.640227
0.414109
0.285633
0.216400
0.273276
0.174207
0.501845
0.296184
0.434057
0.440776
0.274201
0.079982
0.351806
0.348553
0.210171
0.408675
0.446071
0.556793
0.536862
0.448564
0.557514
0.347515
0.527995
0.423604
0.468843
0.410020
0.229379
0.751333
0.307328
0.237087
0.277203
0.446604
0.283203
0.499447
0.204714
0.278922
0.319344
0.192758
0.485204
0.303096
0.604508
0.420795
0.524360
0.452844
0.449671
0.444357
0.330863
0.471864
0.194288
0.433162
0.517641
0.426869
0.352864
0.125321
0.156511
0.361939
0.095671
0.371188
0.454367
0.419137
0.166391
0.402008
0.301287
0.495276
0.476645
0.408223
0.383240
0.197496
0.317188
0.419008
0.215975
0.513582
0.356433
0.239652
0.408233
0.142575
0.248301
0.275817
0.143498
0.285967
0.292121
0.478146
0.394694
0.436915
0.249340
0.224969
0.806444
0.226337
0.347750
0.024866
0.199330
0.122908
0.196151
0.192306
0.441680
0.301664
0.538994
0.512223
0.416463
0.502521
0.396000
0.106541
0.176024
0.235526
0.363042
0.223515
0.508630
0.648735
0.183650
0.498831
0.327763
0.284431
0.177687
0.389346
0.189521
0.331759
0.340708
0.301185
0.299853
0.327430
0.427783
0.423428
0.155169
0.358443
0.177929
0.493812
0.241673
0.111359
0.500475
0.251155
0.227428
0.346895
0.393546
0.506778
0.259819
0.408125
0.418352
0.115429
0.314854
0.203742
0.239140
0.118111
0.448155
0.242455
0.361964
0.437734
0.207328
0.321527
0.300655
0.320480
0.193983
0.267527
0.181401
0.260191
0.222651
0.321515
0.343771
0.498541
0.723558
0.471135
0.317566
0.416267
0.332420
0.208392
0.259548
0.375883
0.250767
0.334295
0.355932
0.555006
0.202802
0.426221
0.337750
0.244777
0.227892
0.154003
0.097692
0.428752
0.103786
0.219717
0.235022
0.207103
0.515906
0.532973
0.390797
0.392750
0.234329
0.419377
0.309649
0.720196
0.221436
0.486654
0.463943
0.247061
0.426056
0.277071
0.443567
0.141324
0.393555
0.220878
0.119240
0.106726
0.192354
0.247786
0.217269
0.403049
0.263822
0.344746
0.399450
0.212087
0.128623
0.257020
0.380443
0.336335
0.392247
0.312945
0.267777
0.194838
0.689339
0.293395
0.315857
0.253032
0.528255
0.182951
0.257537
0.188552
0.360462
0.352795
0.455570
0.375523
0.358598
0.338695
0.317573
0.369923
0.253765
0.266413
0.311819
0.297849
0.344250
0.429250
0.290920
0.240886
0.309870
0.278428
0.186938
0.274858
0.255043
0.505279
0.541231
0.611378
0.362965
0.432483
0.453326
0.480502
0.300961
0.449983
0.165801
0.496197
0.208926
0.387503
0.323241
0.305114
0.226481
0.281526
0.332420
0.352377
0.229227
0.269878
0.186009
0.383818
0.204292
0.400136
0.079037
0.267027
0.315528
0.380360
0.328571
0.490857
0.314963
0.236847
0.187113
0.352954
0.470790
0.551346
0.448047
0.336314
0.275099
0.475977
0.364275
0.345047
0.121074
0.403527
0.290380
0.076202
0.189042
0.195827
0.326479
0.168054
0.468373
0.530794
0.380143
0.190087
0.132540
0.438487
0.396352
0.385011
0.537484
0.287773
0.677183
0.368085
0.231377
0.318575
0.239216
0.145398
0.241099
0.281505
0.423090
0.170389
0.255583
0.372456
0.377420
0.420076
0.272712
0.501347
0.358214
0.261651
0.299669
0.233502
0.480239
0.283971
0.493584
0.306120
0.366030
0.385401
0.402878
0.460126
0.455129
0.167920
0.262808
0.478993
0.707408
0.195397
0.558751
0.224647
0.290960
0.162031
0.404086
0.150372
0.455237
0.417211
0.100004
0.247913
0.437464
0.276823
0.296402
0.332089
0.194668
0.423591
0.236300
0.525791
0.096714
0.243335
0.723525
0.634527
0.475957
0.450179
0.287916
0.408701
0.339057
0.133044
0.226071
0.280100
0.260984
0.455839
0.659886
0.340039
0.381977
0.224957
0.267267
0.233066
0.397606
0.269974
0.319521
0.287343
0.300467
0.301482
0.429265
0.115416
0.392149
0.219751
0.163638
0.402656
0.133558
0.360341
0.204809
0.158564
0.358453
0.366297
0.273107
0.209421
0.169925
0.284242
0.202383
0.252251
0.596717
0.189310
0.328904
0.260610
0.345490
0.178654
0.309223
0.182654
0.221964
0.466557
0.418037
0.384937
0.310435
0.325114
0.368755
0.226820
0.146234
0.300233
0.298390
0.456080
0.257378
0.153178
0.326428
0.204644
0.272345
0.177884
0.423459
0.566583
0.159272
0.198748
0.401499
0.363929
0.264697
0.141199
0.568602
0.193753
0.309823
0.297197
0.366934
0.175443
0.329605
0.381991
0.178114
0.536762
0.337920
0.377671
0.420520
0.160033
0.334431
0.289410
0.097464
0.288441
0.219380
0.416253
0.333314
0.139324
0.449737
0.414341
0.598531
0.295052
0.262730
0.283350
0.427708
0.289262
0.317940
0.214160
0.459428
0.329156
0.632265
0.453728
0.162001
0.339897
0.397482
0.279716
0.668702
0.229068
0.268128
0.299381
0.225777
0.474776
0.634100
0.136964
0.365331
0.242774
0.059284
0.243939
0.191720
0.513366
0.348938
0.258697
0.374721
0.372935
0.208433
0.350198
0.578124
0.221760
0.290231
0.314198
0.340102
0.354189
0.261808
0.148302
0.237971
0.268958
0.157662
0.357872
0.282285
0.235971
0.385862
0.215373
0.400972
0.534051
0.272430
0.224863
0.167698
0.429740
0.069748
0.432896
0.225935
0.205740
0.474348
0.344407
0.275700
0.583953
0.441230
0.159312
0.328023
0.454931
0.368063
0.420170
0.232779
0.332354
0.365861
0.232826
0.419419
0.279379
0.224209
0.286140
0.321046
0.256732
0.523814
0.363197
0.284571
0.355776
0.429437
0.106756
0.490399
0.444365
0.624555
0.422051
0.169370
0.533831
0.284907
0.683293
0.091853
0.357426
0.431614
0.266548
0.219893
0.241693
0.592511
0.383633
0.244925
0.349002
0.606456
0.430276
0.148850
0.261637
0.171336
0.295008
0.316982
0.257984
0.277636
0.388049
0.243103
0.251026
0.297186
0.440214
0.074921
0.235004
0.254771
0.287716
0.329225
0.087463
0.529064
0.207054
0.309257
0.171745
0.539297
0.113130
0.470511
0.250789
0.366753
0.347223
0.315734
0.384522
0.288064
0.363030
0.105646
0.172247
0.470313
0.446211
0.216043
0.598939
0.249455
0.453983
0.428266
0.378542
0.223429
0.437281
0.181824
0.121813
0.166021
0.352168
0.275604
0.480194
0.171055
0.217804
0.281633
0.187059
0.549826
0.195962
0.154330
0.216315
0.287625
0.164385
0.249532
0.398157
0.360149
0.408631
0.273246
0.244887
0.199083
0.190552
0.344033
0.337156
0.489987
0.335557
0.374216
0.096401
0.555980
0.262550
0.282763
0.562196
0.396910
0.295680
0.467373
0.455482
0.589479
0.334128
0.443670
0.153291
0.447264
0.226484
0.315326
0.337579
0.174349
0.299725
0.435843
0.191274
0.310533
0.367914
0.240347
0.274005
0.363751
0.315745
0.452359
0.494789
0.251155
0.421056
0.316011
0.183923
0.416276
0.449678
0.355839
0.473005
0.149136
0.579194
0.476792
0.343304
0.403945
0.465380
0.172646
0.555046
0.209501
0.524385
0.394341
0.187367
0.458248
0.560726
0.260543
0.325127
0.310161
0.281251
0.413329
0.267930
0.246847
0.613736
0.195979
0.312335
0.175590
0.144985
0.194805
0.204454
0.442916
0.358025
0.437735
0.166021
0.343728
0.357444
0.426580
0.155595
0.340947
0.732265
0.515147
0.349509
0.299716
0.266151
0.295066
0.295070
0.244831
0.233137
0.430199
0.330899
0.249498
0.244958
0.356244
0.202652
0.326838
0.189694
0.288138
0.201859
0.370794
0.690790
0.396851
0.420520
0.221976
0.597396
0.407799
0.277084
0.539737
0.140050
0.090525
0.152977
0.500535
0.185931
0.213930
0.323261
0.655059
0.414598
0.462726
0.167710
0.296814
0.154781
0.277410
0.194848
0.277995
0.323112
0.413597
0.309416
0.136909
0.374447
0.396357
0.227376
0.500188
0.398376
0.328596
0.459515
0.142448
0.295953
0.374048
0.380966
0.469623
0.533837
0.336229
0.171987
0.220876
0.153379
0.266024
0.606573
0.307475
0.149927
0.459501
0.356545
0.426056
0.105611
0.348509
0.274143
0.186363
0.485204
0.236232
0.432481
0.351896
0.240960
0.391273
0.218052
0.188929
0.386517
0.181519
0.308084
0.762902
0.401496
0.372345
0.297269
0.302738
0.429189
0.399219
0.541467
0.425352
0.200696
0.345383
0.342033
0.499988
0.414029
0.313219
0.261265
0.321352
0.250687
0.321736
0.080653
0.408568
0.163854
0.162139
0.282193
0.245090
0.320165
0.336655
0.270069
0.832798
0.246981
0.226877
0.172890
0.421387
0.252059
0.191784
0.476777
0.196202
0.408084
0.348970
0.344386
0.430363
0.532535
0.179135
0.422041
0.411449
0.185557
0.483474
0.230913
0.215259
0.410889
0.406045
0.245949
0.391437
0.233467
0.277906
0.169311
0.232866
0.266314
0.291902
0.345567
0.086089
0.560588
0.455641
0.156239
0.253486
0.201591
0.560488
0.511142
0.394107
0.205153
0.279267
0.373375
0.259935
0.442639
0.204506
0.255908
0.358032
0.300700
0.334767
0.289274
0.464851
0.411697
0.439282
0.252189
0.441389
0.291357
0.418230
0.267378
0.414578
0.244506
0.479685
0.240260
0.412324
0.526155
0.331096
0.407283
0.287481
0.720241
0.663814
0.438703
0.350846
0.300940
0.351162
0.383384
0.205858
0.350736
0.229467
0.561254
0.401135
0.436609
0.321929
0.241184
0.338263
0.408506
0.226917
0.199330
0.342873
0.474674
0.450552
0.529542
0.443046
0.340063
0.343633
0.413018
0.298203
0.428011
0.403710
0.455839
0.259702
0.123262
0.457874
0.260316
0.433272
0.346647
0.281476
0.475958
0.513366
0.128819
0.186923
0.236570
0.367227
0.390067
0.202402
0.250771
0.339626
0.419672
0.377324
0.502712
0.377978
0.153285
0.387200
0.241509
0.382610
0.149161
0.111972
0.370525
0.447171
0.253326
0.227115
0.469410
0.469763
0.356663
0.284236
0.214483
0.291415
0.254828
0.263343
0.333584
0.218367
0.386935
0.050230
0.420334
0.178963
0.128518
0.340432
0.185570
0.502342
0.342282
0.546677
0.439139
0.619986
0.627363
0.443125
0.238206
0.395999
0.656885
0.363345
0.364180
0.297214
0.499503
0.243278
0.382047
0.325161
0.253349
0.359328
0.376618
0.327249
0.505301
0.339189
0.335432
0.279525
0.231159
0.178571
0.396959
0.382679
0.451078
0.245931
0.341744
0.621056
0.475619
0.247502
0.273318
0.456443
0.439949
0.340794
0.297474
0.274152
0.241676
0.307024
0.555071
0.312743
0.263070
0.240990
0.406237
0.468447
0.111745
0.365307
0.163919
0.128635
0.211164
0.393606
0.322667
0.302476
0.719893
0.665311
0.383962
0.585428
0.472084
0.379819
0.249586
0.449668
0.417351
0.452349
0.157571
0.471762
0.162735
0.384395
0.429302
0.134979
0.394114
0.383658
0.058423
0.319804
0.487482
0.511093
0.298571
0.402417
0.377329
0.455050
0.558645
0.477727
0.234757
0.255832
0.366935
0.134755
0.205462
0.524633
0.266642
0.152708
0.584152
0.149905
0.316584
0.327725
0.384720
0.286139
0.318178
0.383335
0.580632
0.237580
0.377844
0.461106
0.274702
0.379381
0.290773
0.232504
0.119193
0.099068
0.373455
0.246164
0.137024
0.248017
0.449919
0.267709
0.432441
0.346861
0.374354
0.346804
0.374776
0.297882
0.328554
0.185971
0.459953
0.441398
0.292010
0.201351
0.553557
0.146244
0.198558
0.340563
0.147893
0.326390
0.357647
0.415296
0.284900
0.174379
0.101024
0.214542
0.315727
0.369739
0.875293
0.444874
0.165907
0.285162
0.498195
0.360187
0.479317
0.514909
0.357608
0.256835
0.279301
0.216456
0.300652
0.223217
0.248657
0.496250
0.421159
0.233378
0.462966
0.254196
0.458966
0.402497
0.325204
0.304950
0.506300
0.639923
0.411737
0.338596
0.324819
0.391836
0.439725
0.318242
0.372216
0.038777
0.243385
0.371736
0.385485
0.479318
0.395319
0.237424
0.185051
0.341302
0.265438
0.365082
0.503698
0.364608
0.418404
0.223433
0.429797
0.320555
0.317533
0.439330
0.248803
0.398792
0.347672
0.117021
0.528005
0.099728
0.502980
0.347352
0.377488
0.230064
0.524341
0.169134
0.252879
0.246517
0.259418
0.417803
0.217366
0.416835
0.550242
0.178010
0.246997
0.433404
0.432554
0.371873
0.264145
0.202844
0.404225
0.262342
0.317311
0.614230
0.261725
0.534593
0.308360
0.309597
0.380299
0.485118
0.359646
0.328690
0.389346
0.166620
0.421225
0.392077
0.241774
0.374092
0.236341
0.111616
0.502983
0.447288
0.411632
0.278962
0.304686
0.590951
0.335015
0.520721
0.273154
0.178491
0.140109
0.374510
0.553552
0.282237
0.169999
0.422183
0.252899
0.482631
0.225325
0.115429
0.484180
0.459523
0.251947
0.327901
0.350743
0.398501
0.359098
0.218672
0.361695
0.302839
0.459112
0.270385
0.538181
0.317410
0.138149
0.093279
0.090738
0.239682
0.436759
0.328690
0.378738
0.182213
0.568781
0.305560
0.507930
0.469685
0.230171
0.452317
0.197414
0.267504
0.158759
0.458808
0.224452
0.342853
0.206724
0.280377
0.416255
0.327288
0.203351
0.320582
0.309476
0.424797
0.210309
0.351982
0.090669
0.359328
0.339436
0.434901
0.389181
0.341255
0.457962
0.218589
0.262799
0.325607
0.238107
0.142051
0.137215
0.139481
0.302893
0.188174
0.391514
0.193465
0.294467
0.489719
0.409016
0.605549
0.198973
0.372219
0.093341
0.210707
0.276964
0.385091
0.237986
0.401815
0.315745
0.437890
0.242741
0.412587
0.425063
0.057292
0.470558
0.299399
0.307713
0.158440
0.394154
0.396978
0.398637
0.565351
0.333575
0.629929
0.290630
0.303845
0.303782
0.254751
0.172990
0.321886
0.506695
0.446093
0.415033
0.316617
0.442513
0.427235
0.326292
0.429265
0.205429
0.507082
0.263593
0.258072
0.163635
0.390410
0.259106
0.192051
0.505126
0.152520
0.280556
0.593549
0.342321
0.526555
0.221547
0.215253
0.159334
0.298034
0.454275
0.301030
0.206540
0.417022
0.311763
0.261317
0.235913
0.329691
0.360432
0.453036
0.202574
0.172326
0.485569
0.541652
0.247410
0.262846
0.308940
0.305139
0.259988
0.287522
0.232062
0.443740
0.737299
0.317555
0.270478
0.138505
0.376519
0.317904
0.291687
0.413420
0.270354
0.296541
0.293535
0.207765
0.169466
0.100762
0.205300
0.504880
0.468679
0.344658
0.513716
0.185432
0.206434
0.385191
0.308657
0.238095
0.713383
0.238747
0.368090
0.141495
0.357946
0.436302
0.628991
0.650763
0.368412
0.116993
0.179895
0.262820
0.365911
0.092320
0.752038
0.240907
0.148976
0.294225
0.263167
0.136748
0.138763
0.636159
0.205190
0.280204
0.330866
0.336354
0.213776
0.349675
0.469016
0.317496
0.363577
0.318079
0.335308
0.179781
0.238151
0.221165
0.235341
0.309517
0.408171
0.427914
0.314799
0.281784
0.439454
0.368223
0.160591
0.519238
0.376483
0.215574
0.475671
0.506828
0.182387
0.203922
0.515564
0.253354
0.234460
0.185776
0.389373
0.255348
0.310298
0.153202
0.105293
0.380349
0.406645
0.291178
0.432483
0.445782
0.255326
0.523593
0.431726
0.198073
0.329589
0.281450
0.403372
0.162528
0.427616
0.265373
0.097304
0.677547
0.477860
0.341900
0.449919
0.427733
0.221743
0.233703
0.136679
0.577749
0.430677
0.207794
0.336765
0.375930
0.197114
0.376138
0.215106
0.374385
0.282932
0.431526
0.304313
0.239639
0.269835
0.381483
0.165084
0.247046
0.305704
0.123850
0.430250
0.307391
0.403392
0.260681
0.187583
0.373901
0.318841
0.530067
0.362430
0.247290
0.123462
0.223619
0.221024
0.328184
0.490680
0.136003
0.292213
0.256688
0.401078
0.277164
0.570425
0.539582
0.229940
0.278800
0.093862
0.292722
0.248473
0.196635
0.270823
0.261622
0.251564
0.664454
0.282172
0.300181
0.275174
0.545225
0.090438
0.285968
0.403410
0.763952
0.837432
0.218183
0.268104
0.381545
0.172826
0.216673
0.300239
0.242554
0.285246
0.288529
0.115943
0.167558
0.208854
0.151577
0.428493
0.471614
0.258446
0.446253
0.421261
0.204013
0.483307
0.226632
0.448763
0.369305
0.208322
0.377109
0.186626
0.149726
0.208730
0.276737
0.293939
0.239908
0.417844
0.688360
0.334472
0.268883
0.264583
0.383926
0.203829
0.335529
0.330623
0.354092
0.348553
0.359025
0.376274
0.488012
0.293314
0.297706
0.337709
0.295158
0.325923
0.477596
0.394048
0.139424
0.369518
0.139217
0.324664
0.255041
0.463665
0.425588
0.249089
0.294847
0.212242
0.176768
0.367005
0.401860
0.324055
0.295852
0.094309
0.303026
0.106261
0.485991
0.457356
0.232096
0.345984
0.308666
0.164765
0.051447
0.225348
0.256579
0.448548
0.186253
0.163912
0.242994
0.281700
0.305233
0.558371
0.380391
0.436008
0.489620
0.269235
0.424153
0.113718
0.232916
0.393130
0.526438
0.385086
0.256149
0.468227
0.041390
0.378660
0.360384
0.385015
0.286944
0.407814
0.371782
0.329609
0.139523
0.474409
0.326743
0.370924
0.301792
0.330579
0.234277
0.204010
0.171567
0.558751
0.427765
0.106838
0.500500
0.501209
0.447070
0.438589
0.743331
0.380513
0.240354
0.312632
0.358458
0.179612
0.160620
0.357014
0.167628
0.489295
0.477621
0.367333
0.166183
0.292016
0.290203
0.439677
0.197779
0.142011
0.370403
0.188480
0.229236
0.431005
0.657025
0.315726
0.322891
0.333406
0.251155
0.513223
0.325096
0.333784
0.354453
0.154795
0.440035
0.664472
0.335059
0.367375
0.086221
0.404678
0.531607
0.711554
0.200187
0.386462
0.497711
0.463819
0.181270
0.449612
0.735839
0.221931
0.449737
0.363593
0.369480
0.398088
0.322694
0.489950
0.447174
0.376967
0.534387
0.483060
0.733307
0.524381
0.207185
0.401190
0.342040
0.273051
0.614232
0.184454
0.446092
0.166973
0.346373
0.265730
0.172713
0.364380
0.419780
0.466934
0.423466
0.178620
0.319599
0.285130
0.219253
0.184875
0.187149
0.211206
0.153038
0.494385
0.331784
0.533731
0.519157
0.284963
0.179455
0.239506
0.237189
0.335266
0.424663
0.260588
0.464570
0.249015
0.463551
0.418830
0.288284
0.513246
0.354572
0.204533
0.477585
0.254985
0.198828
0.400935
0.317566
0.412149
0.483352
0.209110
0.403596
0.169602
0.413502
0.415062
0.280819
0.383685
0.279000
0.416600
0.468458
0.346619
0.448325
0.361597
0.218274
0.427772
0.394803
0.279988
0.373412
0.578758
0.345372
0.382376
0.324091
0.383521
0.314297
0.538253
0.626775
0.193217
0.483770
0.365706
0.457199
0.087057
0.392832
0.267737
0.180755
0.367181
0.537188
0.331440
0.109467
0.407173
0.366522
0.173714
0.182722
0.472468
0.374579
0.295819
0.277089
0.473781
0.410885
0.205505
0.287592
0.513803
0.336332
0.520620
0.261877
0.383927
0.251230
0.141022
0.135791
0.360218
0.651254
0.457896
0.250864
0.150690
0.434502
0.302036
0.389026
0.308307
0.252646
0.421439
0.396087
0.267054
0.271489
0.294274
0.563639
0.433754
0.265640
0.261306
0.341255
0.352751
0.245198
0.341652
0.375732
0.365865
0.325812
0.219581
0.333573
0.296070
0.394273
0.299346
0.374511
0.432263
0.246133
0.337646
0.479857
0.258683
0.170023
0.202802
0.328047
0.449637
0.436615
0.460503
0.157230
0.267581
0.235369
0.437697
0.135436
0.184462
0.248981
0.352342
0.247131
0.215447
0.555046
0.207749
0.228509
0.209328
0.435266
0.384465
0.207982
0.408654
0.522156
0.341928
0.443137
0.423338
0.377291
0.421556
0.216212
0.255629
0.199142
0.348071
0.728045
0.282686
0.353437
0.215247
0.366370
0.187366
0.292063
0.427589
0.335611
0.479181
0.370878
0.172758
0.130867
0.331911
0.432181
0.280937
0.200696
0.345941
0.207906
0.523536
0.182677
0.573571
0.206800
0.325529
0.493568
0.369261
0.253854
0.203216
0.611012
0.320874
0.473845
0.289930
0.164068
0.206337
0.316566
0.300813
0.414933
0.465892
0.321224
0.191145
0.349881
0.354017
0.205588
0.350228
0.341753
0.216097
0.577561
0.286609
0.392984
0.274647
0.199097
0.150709
0.191895
0.362335
0.485138
0.273170
0.206456
0.370095
0.423305
0.248219
0.500080
0.291394
0.314596
0.457034
0.035388
0.320902
0.309631
0.411764
0.316691
0.502654
0.135521
0.455341
0.455358
0.189386
0.543752
0.662355
0.273359
0.207227
0.231192
0.205084
0.304477
0.220625
0.621314
0.251235
0.207276
0.329278
0.286627
0.507039
0.417022
0.335679
0.167762
0.121355
0.340206
0.459945
0.199904
0.268736
0.163131
0.342561
0.342385
0.426531
0.345096
0.384093
0.198862
0.350368
0.411898
0.383588
0.344407
0.410595
0.391412
0.114364
0.386158
0.273977
0.148439
0.267197
0.409235
0.353604
0.251658
0.142634
0.255462
0.512366
0.328886
0.659757
0.117578
0.154695
0.530664
0.515831
0.283346
0.155213
0.096291
0.349903
0.497061
0.450356
0.427549
0.182680
0.620057
0.356422
0.313643
0.288860
0.272646
0.535491
0.231865
0.290655
0.375969
0.365329
0.153555
0.124816
0.115433
0.086410
0.464932
0.402829
0.296554
0.184878
0.267257
0.397538
0.242303
0.165371
0.383907
0.319792
0.406967
0.385327
0.243257
0.269848
0.625205
0.338212
0.165296
0.744114
0.359098
0.598467
0.405571
0.215166
0.332232
0.411798
0.249878
0.239327
0.383227
0.206934
0.433957
0.295232
0.188363
0.340644
0.340829
0.290274
0.364255
0.247038
0.463925
0.173442
0.310723
0.448792
0.201141
0.243368
0.533580
0.335811
0.506972
0.265641
0.260842
0.106440
0.312278
0.396955
0.310435
0.255273
0.223443
0.343526
0.127895
0.322416
0.399150
0.234544
0.316984
0.472296
0.280922
0.115164
0.289573
0.401265
0.510638
0.184975
0.349507
0.316884
0.598239
0.484070
0.377348
0.377363
0.463604
0.480893
0.274006
0.240715
0.486858
0.431578
0.134151
0.168800
0.140757
0.251371
0.164506
0.374821
0.310011
0.501064
0.331069
0.257537
0.210809
0.255462
0.438662
0.480692
0.408767
0.339327
0.180193
0.359253
0.482191
0.302271
0.567236
0.419751
0.352782
0.276903
0.270076
0.265633
0.406205
0.212275
0.373037
0.386900
0.462023
0.515889
0.209318
0.423049
0.169659
0.247847
0.279607
0.376978
0.407346
0.143458
0.214476
0.172684
0.636479
0.306284
0.134345
0.174705
0.316918
0.390408
0.142817
0.420205
0.451429
0.426763
0.334925
0.297254
0.107734
0.388725
0.477951
0.292133
0.166749
0.456087
0.179801
0.475935
0.529564
0.106443
0.564575
0.257846
0.393802
0.384436
0.179128
0.511000
0.136582
0.573220
0.361581
0.628544
0.333048
0.322630
0.418173
0.170184
0.196461
0.391330
0.366624
0.348643
0.149487
0.364508
0.224511
0.115757
0.390212
0.381040
0.327294
0.444930
0.537143
0.375572
0.244350
0.555742
0.197641
0.229729
0.278206
0.310702
0.294819
0.244831
0.251597
0.416599
0.148352
0.301217
0.486161
0.197123
0.556601
0.493218
0.430718
0.482978
0.215684
0.246407
0.401097
0.411426
0.276265
0.373544
0.349287
0.068594
0.262524
0.177155
0.389280
0.411378
0.226130
0.339754
0.183749
0.114113
0.322444
0.165226
0.359482
0.289967
0.359599
0.182913
0.410580
0.527518
0.375959
0.313352
0.372995
0.298249
0.353807
0.288104
0.282225
0.464682
0.274552
0.217070
0.274486
0.166797
0.180535
0.333734
0.249455
0.263892
0.234050
0.265521
0.230445
0.207447
0.386320
0.216469
0.270335
0.401290
0.549449
0.363536
0.370405
0.235888
0.131236
0.438599
0.195240
0.234960
0.517572
0.244306
0.322338
0.349592
0.273318
0.428998
0.311224
0.460042
0.337770
0.199468
0.321974
0.806654
0.396307
0.292697
0.158377
0.295806
0.435510
0.193788
0.300640
0.463088
0.185422
0.315588
0.295804
0.087360
0.307317
0.357876
0.209311
0.392125
0.423494
0.431291
0.509518
0.565694
0.194541
0.376978
0.161049
0.160487
0.408225
0.228869
0.311752
0.253765
0.081708
0.287383
0.382031
0.359718
0.233282
0.025321
0.157127
0.380147
0.477479
0.251684
0.469994
0.128810
0.282285
0.354637
0.546517
0.448394
0.106393
0.365394
0.344048
0.178411
0.303064
0.516258
0.480903
0.031965
0.278319
0.315342
0.209701
0.372540
0.512674
0.192672
0.417340
0.375801
0.223108
0.291478
0.122228
0.226238
0.321373
0.263667
0.275290
0.196985
0.272845
0.425549
0.349113
0.203549
0.427968
0.260736
0.461176
0.472881
0.338299
0.407587
0.128864
0.239490
0.387472
0.432569
0.717444
0.207117
0.544601
0.307298
0.329546
0.389387
0.415397
0.210202
0.464709
0.407666
0.426529
0.292481
0.258488
0.352476
0.444874
0.172563
0.417270
0.227246
0.337885
0.253719
0.199955
0.302618
0.397880
0.231482
0.150616
0.499447
0.428704
0.839911
0.221134
0.436018
0.164965
0.167383
0.546344
0.396493
0.374157
0.272309
0.123463
0.140378
0.258832
0.458028
0.443988
0.325074
0.348744
0.342340
0.261422
0.224925
0.319512
0.290630
0.397167
0.290154
0.582470
0.281894
0.539942
0.198211
0.278513
0.145490
0.336430
0.213949
0.455910
0.318296
0.088996
0.318731
0.101115
0.244721
0.287685
0.362743
0.165151
0.554127
0.454607
0.754407
0.500948
0.140264
0.163508
0.157801
0.538782
0.274334
0.269767
0.518548
0.324969
0.279552
0.364018
0.342355
0.147803
0.486055
0.291382
0.330350
0.265292
0.291687
0.293437
0.107222
0.462370
0.203493
0.299745
0.157479
0.502146
0.221304
0.320044
0.241140
0.419988
0.256959
0.400416
0.266843
0.683549
0.402360
0.391461
0.322192
0.280722
0.404423
0.476254
0.181840
0.415591
0.417043
0.354696
0.298250
0.196772
0.307317
0.134849
0.167896
0.290630
0.381157
0.228472
0.259972
0.335018
0.383658
0.342786
0.665167
0.338079
0.251209
0.326802
0.415708
0.132072
0.352235
0.200195
0.434275
0.312885
0.559624
0.275372
0.553149
0.405643
0.363789
0.419553
0.270494
0.422475
0.377568
0.309497
0.369423
0.624112
0.390329
0.335736
0.132738
0.236457
0.458828
0.192279
0.150170
0.186253
0.513775
0.257430
0.246746
0.500971
0.152750
0.173160
0.299008
0.277574
0.380779
0.381477
0.141290
0.263548
0.468836
0.648643
0.462627
0.369210
0.257200
0.285130
0.457956
0.305036
0.340585
0.260717
0.187767
0.252716
0.457431
0.137822
0.440825
0.225780
0.236707
0.286581
0.330187
0.449424
0.296556
0.298754
0.730680
0.319838
0.183434
0.301760
0.383434
0.274905
0.320411
0.452143
0.316871
0.514352
0.011755
0.273775
0.459000
0.215790
0.398095
0.195167
0.240181
0.137111
0.242402
0.562143
0.394220
0.456194
0.402656
0.219462
0.361251
0.318993
0.153086
0.194155
0.244555
0.315433
0.552949
0.487021
0.316635
0.401954
0.462578
0.339460
0.156899
0.188217
0.288585
0.238882
0.590773
0.295066
0.191694
0.455449
0.373256
0.135189
0.433646
0.421927
0.420548
0.367923
0.085558
0.302009
0.474461
0.319618
0.353430
0.077182
0.319240
0.149483
0.306707
0.187623
0.506423
0.347468
0.335205
0.354470
0.391014
0.173387
0.431236
0.199046
0.153414
0.295366
0.231636
0.251962
0.444670
0.364172
0.365441
0.086576
0.321339
0.309051
0.434675
0.309679
0.275201
0.105733
0.522655
0.458453
0.249993
0.496305
0.231132
0.366548
0.462708
0.287212
0.439956
0.182017
0.226193
0.249959
0.245960
0.132280
0.836360
0.223291
0.163707
0.413473
0.236359
0.290395
0.252361
0.526497
0.538694
0.309597
0.440446
0.275792
0.383906
0.335188
0.154036
0.419389
0.308716
0.120842
0.245220
0.404468
0.227821
0.339415
0.423428
0.354986
0.463997
0.470886
0.315623
0.554484
0.290227
0.848881
0.353664
0.155995
0.306051
0.246629
0.548307
0.126743
0.307849
0.587097
0.220066
0.387599
0.184631
0.702697
0.268356
0.235544
0.386485
0.134480
0.283256
0.455405
0.475446
0.547977
0.610564
0.804446
0.470336
0.331152
0.155617
0.235255
0.224493
0.329670
0.369903
0.323940
0.244674
0.246502
0.485704
0.378783
0.248136
0.353010
0.335461
0.365338
0.284810
0.309274
0.504381
0.246525
0.088775
0.294274
0.167193
0.303426
0.368542
0.332321
0.297099
0.522508
0.474064
0.307787
0.606982
0.416842
0.227899
0.238726
0.392679
0.298501
0.737243
0.541984
0.375918
0.287592
0.425002
0.146179
0.260474
0.325168
0.562444
0.379927
0.339967
0.274234
0.373741
0.154277
0.191758
0.400222
0.259569
0.175510
0.205712
0.319654
0.442887
0.185967
0.267054
0.346722
0.184764
0.309386
0.107734
0.204473
0.333551
0.201170
0.425163
0.419751
0.410073
0.210813
0.362698
0.274872
0.326996
0.518342
0.291345
0.110748
0.572579
0.128505
0.369717
0.373893
0.335924
0.273185
0.437732
0.454832
0.207765
0.248024
0.366467
0.430031
0.376143
0.527562
0.594868
0.386315
0.363007
0.308481
0.266996
0.148335
0.504559
0.323895
0.233794
0.460764
0.294636
0.322337
0.337752
0.398154
0.112397
0.261608
0.341595
0.173036
0.598320
0.350448
0.083869
0.296977
0.274477
0.558309
0.358988
0.270568
0.279067
0.211541
0.364685
0.270926
0.572231
0.242379
0.599235
0.437714
0.240679
0.197707
0.452887
0.266301
0.363072
0.238764
0.398604
0.227737
0.319256
0.345145
0.369390
0.339701
0.392561
0.198393
0.205675
0.094308
0.221524
0.303852
0.580912
0.733431
0.320035
0.178519
0.265292
0.251398
0.470725
0.406461
0.376756
0.567061
0.310822
0.371136
0.304467
0.260972
0.463563
0.334372
0.639283
0.119071
0.378899
0.311874
0.264173
0.292481
0.289609
0.317325
0.255881
0.486323
0.216400
0.345741
0.430713
0.360645
0.444680
0.252212
0.479384
0.189051
0.301281
0.528029
0.294079
0.341007
0.184715
0.166347
0.339962
0.243575
0.388819
0.420334
0.326808
0.360048
0.162853
0.318341
0.263169
0.394162
0.210729
0.347382
0.178887
0.709434
0.243776
0.605767
0.236623
0.223937
0.509270
0.199254
0.386317
0.347685
0.366575
0.187504
0.292139
0.203664
0.418012
0.376288
0.195020
0.201851
0.221146
0.488713
0.143632
0.207185
0.087601
0.295936
0.293953
0.344247
0.249425
0.463769
0.366333
0.550219
0.289069
0.325230
0.356902
0.157078
0.415905
0.308288
0.620393
0.468072
0.501452
0.219499
0.358943
0.472181
0.374510
0.422543
0.149035
0.237987
0.541323
0.334071
0.461853
0.204952
0.385266
0.365441
0.385401
0.360446
0.133537
0.289131
0.441308
0.382800
0.463495
0.127059
0.151016
0.151564
0.439762
0.328810
0.247971
0.539737
0.409235
0.501420
0.279828
0.375428
0.550427
0.470308
0.504066
0.236051
0.319197
0.157672
0.190236
0.291449
0.286711
0.340840
0.442262
0.209340
0.382811
0.428470
0.262033
0.302462
0.239837
0.408822
0.434581
0.460769
0.181812
0.600356
0.310791
0.491723
0.422536
0.396310
0.365112
0.303220
0.760931
0.231527
0.180755
0.214246
0.383458
0.203617
0.325693
0.294461
0.264778
0.518100
0.377258
0.514323
0.322416
0.362418
0.220228
0.367731
0.343429
0.269948
0.367289
0.509775
0.350393
0.410190
0.269420
0.341071
0.236524
0.323280
0.747349
0.354794
0.221647
0.418961
0.429122
0.260876
0.290630
0.401473
0.237051
0.134849
0.025593
0.367860
0.184157
0.333949
0.188762
0.255684
0.339200
0.238993
0.321104
0.165510
0.221238
0.578637
0.410604
0.414570
0.243677
0.378660
0.454782
0.472901
0.465623
0.374866
0.210547
0.471065
0.282473
0.408914
0.213178
0.299155
0.226990
0.172684
0.459664
0.134845
0.254592
0.352377
0.294647
0.358213
0.380323
0.299777
0.236040
0.267662
0.407383
0.429754
0.316605
0.482350
0.409784
0.329400
0.317068
0.314984
0.460517
0.180077
0.206525
0.291456
0.565744
0.457394
0.429744
0.223538
0.244787
0.367357
0.247899
0.282994
0.343526
0.223632
0.350615
0.166693
0.344275
0.369677
0.553405
0.197611
0.213134
0.395506
0.404064
0.319869
0.410816
0.281035
0.414273
0.312820
0.359864
0.422145
0.308525
0.347210
0.179421
0.284147
0.198956
0.483993
0.292528
0.397371
0.455983
0.224940
0.404038
0.411338
0.199785
0.595844
0.291711
0.437518
0.316119
0.303354
0.228104
0.304199
0.224647
0.442341
0.266714
0.456705
0.328713
0.462604
0.379040
0.377693
0.439201
0.226211
0.251769
0.277179
0.270280
0.253405
0.211890
0.285653
0.194119
0.353784
0.496792
0.502257
0.471417
0.351605
0.374693
0.372829
0.262411
0.426121
0.387215
0.145120
0.360076
0.172758
0.267710
0.374638
0.412348
0.714817
0.304349
0.187576
0.683594
0.389588
0.600530
0.437934
0.366245
0.300326
0.304566
0.221917
0.274194
0.286400
0.227912
0.438589
0.235657
0.275032
0.423907
0.300862
0.191107
0.175232
0.695971
0.453884
0.308833
0.281205
0.373231
0.383547
0.245529
0.440419
0.398372
0.232160
0.231563
0.262041
0.154197
0.355218
0.368238
0.522508
0.219333
0.410478
0.231549
0.261143
0.418887
0.371556
0.375469
0.348104
0.364640
0.333784
0.206976
0.080667
0.408743
0.284368
0.404591
0.255323
0.160986
0.353371
0.455769
0.344950
0.303268
0.314814
0.271737
0.252481
0.315048
0.315899
0.382716
0.271904
0.485820
0.403774
0.344396
0.243906
0.215911
0.139589
0.400979
0.071994
0.274888
0.453673
0.196168
0.471077
0.494134
0.263418
0.309982
0.247924
0.479272
0.392396
0.189580
0.507386
0.344763
0.138010
0.097218
0.217795
0.389247
0.287938
0.267777
0.527713
0.059393
0.147469
0.345466
0.257800
0.388287
0.215968
0.422329
0.250030
0.242468
0.271229
0.343035
0.184547
0.274818
0.269789
0.591878
0.254551
0.319172
0.434182
0.316430
0.302032
0.151787
0.219404
0.627338
0.262098
0.318894
0.629857
0.535075
0.339486
0.474860
0.273330
0.253591
0.279626
0.522237
0.276592
0.079609
0.301527
0.445494
0.355866
0.216291
0.307654
0.407153
0.248228
0.152688
0.269491
0.248091
0.745265
0.380413
0.359273
0.210307
0.334910
0.182379
0.344801
0.645383
0.294225
0.201240
0.356635
0.409262
0.422893
0.377301
0.228231
0.489834
0.530433
0.230053
0.123634
0.134449
0.820083
0.564077
0.455570
0.194897
0.327037
0.505833
0.314096
0.668702
0.212264
0.176727
0.230031
0.306378
0.219702
0.171132
0.341039
0.375852
0.395311
0.289231
0.430214
0.389759
0.483492
0.268553
0.415494
0.268815
0.567039
0.203874
0.288016
0.236771
0.404981
0.554127
0.518060
0.304052
0.336955
0.238464
0.526475
0.208820
0.386882
0.307438
0.338113
0.277906
0.241372
0.350146
0.356945
0.327099
0.216335
0.491101
0.160599
0.415734
0.332891
0.310691
0.223327
0.480443
0.335557
0.353232
0.803439
0.191145
0.304448
0.388083
0.110739
0.488122
0.500948
0.203279
0.381821
0.074866
0.384675
0.391113
0.141022
0.342234
0.381824
0.176819
0.350596
0.338417
0.367252
0.250259
0.694544
0.505025
0.330349
0.456924
0.458966
0.164735
0.179983
0.322506
0.380198
0.625863
0.326102
0.273905
0.288667
0.404516
0.311886
0.472902
0.298642
0.489416
0.465161
0.299577
0.311969
0.223782
0.138710
0.255240
0.413796
0.280224
0.261469
0.621838
0.439725
0.219390
0.201869
0.301021
0.343735
0.455944
0.163743
0.234905
0.155668
0.385806
0.551407
0.286247
0.352410
0.459397
0.269723
0.238999
0.369520
0.173893
0.219902
0.179897
0.337611
0.303615
0.323627
0.199419
0.338422
0.242985
0.286609
0.443115
0.289464
0.484711
0.338347
0.509918
0.382026
0.323501
0.308833
0.554201
0.270830
0.399990
0.342770
0.285867
0.207357
0.302813
0.154220
0.236593
0.565417
0.234346
0.342053
0.203742
0.372662
0.324258
0.455696
0.419737
0.570663
0.384720
0.477692
0.448394
0.439281
0.132841
0.306305
0.228271
0.330431
0.465909
0.501255
0.526623
0.579293
0.259683
0.398854
0.274926
0.343101
0.515295
0.468137
0.243244
0.389369
0.383974
0.239639
0.458793
0.356433
0.242575
0.298554
0.198516
0.342550
0.371473
0.384269
0.336206
0.406400
0.256340
0.253258
0.437901
0.336100
0.529058
0.307577
0.346722
0.262568
0.265829
0.870076
0.214020
0.341026
0.496271
0.304141
0.128616
0.451383
0.519250
0.285756
0.173105
0.298358
0.057736
0.309989
0.180458
0.338797
0.455057
0.434546
0.491864
0.282669
0.133612
0.352386
0.409148
0.283373
0.194054
0.476792
0.262942
0.488841
0.426114
0.371854
0.351670
0.468798
0.292469
0.501355
0.216816
0.218961
0.438109
0.403682
0.239132
0.396364
0.495626
0.444936
0.289528
0.400848
0.472767
0.359231
0.285098
0.456216
0.230073
0.442668
0.375992
0.461798
0.275348
0.423931
0.259174
0.381597
0.208264
0.334661
0.377431
0.352414
0.186285
0.224441
0.271708
0.366952
0.421346
0.421883
0.388504
0.171460
0.233287
0.491606
0.375284
0.313067
0.185172
0.360354
0.217222
0.180362
0.277975
0.310585
0.249586
0.392118
0.103461
0.225949
0.178467
0.260837
0.387001
0.253160
0.189969
0.499343
0.209013
0.369339
0.249307
0.713026
0.190738
0.415309
0.466757
0.183866
0.301377
0.277356
0.252774
0.359218
0.178684
0.427424
0.107247
0.514707
0.297200
0.336007
0.279376
0.206616
0.167085
0.382913
0.430513
0.503465
0.248607
0.184378
0.426059
0.229729
0.277113
0.599246
0.411199
0.116542
0.281195
0.257540
0.464958
0.134806
0.180855
0.245196
0.846804
0.476854
0.412870
0.246374
0.411199
0.504107
0.408006
0.269341
0.214342
0.233622
0.328904
0.577621
0.202483
0.166648
0.392336
0.509078
0.353821
0.393018
0.286463
0.459652
0.207233
0.603498
0.247502
0.412355
0.277032
0.271557
0.225265
0.345173
0.380434
0.188726
0.184252
0.157159
0.082192
0.473842
0.346601
0.315354
0.297400
0.409740
0.461931
0.138710
0.088914
0.122597
0.271363
0.293105
0.447476
0.231555
0.406578
0.159679
0.446188
0.422290
0.330375
0.650181
0.442153
0.432688
0.401448
0.187729
0.425549
0.261846
0.166662
0.293684
0.286075
0.317400
0.504540
0.409809
0.318605
0.208993
0.829605
0.320739
0.115416
0.204809
0.393443
0.174549
0.785850
0.300645
0.417459
0.261607
0.331813
0.345410
0.544659
0.306776
0.461715
0.503578
0.123462
0.370095
0.306027
0.334004
0.220923
0.170398
0.468435
0.192547
0.184230
0.344870
0.362581
0.341914
0.253285
0.287773
0.278516
0.278493
0.426441
0.739984
0.411516
0.214636
0.163206
0.396775
0.370020
0.207869
0.159373
0.272228
0.125543
0.417459
0.228439
0.303825
0.502922
0.239909
0.435409
0.420325
0.546995
0.310814
0.520471
0.340520
0.198645
0.391723
0.519372
0.280799
0.162730
0.355451
0.321398
0.281144
0.316130
0.461743
0.249121
0.622861
0.292213
0.144440
0.353513
0.398139
0.299278
0.140680
0.257372
0.404516
0.690130
0.103270
0.134572
0.439523
0.212057
0.158084
0.420689
0.249938
0.565809
0.416833
0.076160
0.305957
0.234391
0.504320
0.247124
0.219937
0.576330
0.130316
0.621417
0.228233
0.409955
0.107429
0.493627
0.365469
0.509038
0.430603
0.457461
0.235618
0.243245
0.109275
0.327157
0.442627
0.168211
0.207204
0.379500
0.404333
0.244406
0.334681
0.437431
0.441849
0.337752
0.155882
0.307299
0.258549
0.421108
0.160167
0.346602
0.227034
0.575470
0.360225
0.172360
0.338982
0.361175
0.541231
0.492510
0.345347
0.495488
0.242024
0.391969
0.331548
0.179301
0.172678
0.460167
0.277631
0.311411
0.284271
0.219340
0.124816
0.147676
0.737243
0.341146
0.108720
0.365819
0.540213
0.357675
0.117026
0.436395
0.483238
0.386668
0.205858
0.208111
0.479316
0.205788
0.307122
0.320383
0.262291
0.252673
0.317439
0.437365
0.625466
0.224722
0.473485
0.407838
0.189465
0.373456
0.282831
0.296416
0.242385
0.205724
0.063384
0.466648
0.601914
0.063572
0.363718
0.374786
0.239923
0.331845
0.392811
0.358644
0.351058
0.452070
0.416537
0.350629
0.490999
0.601876
0.305583
0.383397
0.411823
0.214939
0.211215
0.287625
0.271708
0.182148
0.296344
0.334969
0.591144
0.606011
0.317669
0.249071
0.132585
0.352850
0.101498
0.342770
0.267979
0.600164
0.497095
0.426625
0.229643
0.407283
0.472810
0.361893
0.236847
0.505673
0.272271
0.408975
0.480112
0.260752
0.665703
0.254920
0.279279
0.406492
0.273834
0.378405
0.246934
0.209104
0.502538
0.020614
0.209780
0.371325
0.424285
0.159439
0.601342
0.485704
0.163859
0.255634
0.361222
0.210400
0.181098
0.459078
0.434101
0.227402
0.354909
0.560220
0.320244
0.363966
0.179510
0.519055
0.229501
0.404538
0.416842
0.308932
0.250265
0.376030
0.374788
0.345578
0.366256
0.561015
0.160043
0.179196
0.391814
0.475710
0.254212
0.245376
0.467613
0.553877
0.255671
0.451081
0.471629
0.377284
0.346653
0.432087
0.052630
0.474227
0.205931
0.451211
0.082442
0.134896
0.339518
0.218592
0.256063
0.411847
0.357403
0.259783
0.586745
0.470797
0.290889
0.460350
0.125621
0.289867
0.178010
0.237050
0.453978
0.161722
0.145828
0.347907
0.393428
0.350340
0.375478
0.382845
0.430396
0.199061
0.213355
0.352452
0.422635
0.437142
0.216093
0.549180
0.399844
0.151054
0.217222
0.437483
0.262203
0.502752
0.249929
0.429384
0.144264
0.294205
0.295743
0.049156
0.457089
0.367264
0.131349
0.309459
0.202894
0.380198
0.318420
0.372661
0.275470
0.429016
0.508147
0.418408
0.423385
0.232196
0.249448
0.164383
0.281649
0.264646
0.220879
0.231350
0.187273
0.531025
0.358480
0.229297
0.329108
0.376395
0.315082
0.270329
0.332050
0.387588
0.527826
0.283407
0.457250
0.374647
0.079021
0.068699
0.344950
0.351821
0.396821
0.187623
0.177530
0.344489
0.187865
0.322559
0.407799
0.219152
0.341266
0.393856
0.279994
0.146783
0.407720
0.488084
0.507764
0.187862
0.125504
0.117026
0.469533
0.244493
0.383395
0.303876
0.206558
0.269910
0.245475
0.304167
0.245393
0.515643
0.358319
0.352136
0.317913
0.644728
0.322577
0.196714
0.377877
0.455747
0.327417
0.351344
0.356855
0.251745
0.365451
0.226337
0.418023
0.282565
0.203148
0.446687
0.225453
0.209444
0.351515
0.186392
0.274909
0.346952
0.167724
0.340346
0.291619
0.307700
0.234453
0.446295
0.538077
0.324767
0.570104
0.372149
0.212233
0.613268
0.256448
0.473230
0.145139
0.384807
0.451081
0.288284
0.476976
0.386441
0.352766
0.460421
0.397630
0.337098
0.217205
0.450075
0.276698
0.287120
0.698332
0.452622
0.452539
0.326452
0.393629
0.411712
0.265710
0.298128
0.351696
0.239579
0.257800
0.319287
0.467223
0.209003
0.388481
0.285097
0.526666
0.055727
0.214256
0.384241
0.360475
0.159586
0.450467
0.316441
0.424574
0.500194
0.207189
0.163561
0.265687
0.357867
0.162967
0.404629
0.214974
0.274847
0.091300
0.377324
0.484914
0.301732
0.378464
0.246758
0.319224
0.380908
0.207769
0.099951
0.527452
0.404648
0.388769
0.138177
0.153443
0.446093
0.336785
0.323239
0.385613
0.390861
0.346912
0.306805
0.166981
0.280348
0.150240
0.246635
0.380349
0.180646
0.283052
0.143014
0.283565
0.240372
0.332594
0.549449
0.298042
0.341325
0.402451
0.375041
0.205709
0.101925
0.430735
0.261389
0.583367
0.528195
0.239741
0.402497
0.346564
0.230802
0.217598
0.344919
0.430713
0.421941
0.394059
0.370488
0.483278
0.381309
0.232420
0.481657
0.210182
0.107513
0.294258
0.469156
0.407888
0.379402
0.333430
0.297365
0.190739
0.186753
0.424093
0.231095
0.406810
0.412580
0.236956
0.561305
0.519767
0.208572
0.256310
0.349801
0.163043
0.261170
0.373948
0.429151
0.232172
0.440484
0.297646
0.252151
0.380522
0.458017
0.247846
0.253924
0.162411
0.389733
0.277105
0.215369
0.602821
0.317237
0.323461
0.229274
0.181081
0.354008
0.210566
0.399792
0.409784
0.487882
0.415686
0.409277
0.216582
0.456194
0.089213
0.280722
0.252249
0.488734
0.306394
0.209992
0.280175
0.222183
0.312042
0.252256
0.232379
0.439338
0.383420
0.382627
0.197893
0.305307
0.308612
0.401907
0.351582
0.404841
0.620442
0.106404
0.374687
0.169833
0.135227
0.418165
0.258838
0.389822
0.205647
0.778943
0.234006
0.174250
0.242500
0.450089
0.390563
0.441031
0.202914
0.389305
0.247874
0.394809
0.132549
0.357075
0.294502
0.234246
0.309423
0.478631
0.385485
0.419337
0.411183
0.297401
0.339430
0.191118
0.352905
0.338759
0.447211
0.296940
0.367736
0.426954
0.395382
0.139915
0.074866
0.422265
0.238046
0.311954
0.330216
0.332258
0.743242
0.549875
0.247172
0.282163
0.343750
0.288437
0.127869
0.113880
0.330414
0.251745
0.328805
0.387625
0.310782
0.362730
0.450320
0.173221
0.173715
0.372388
0.122477
0.340585
0.244888
0.284496
0.515831
0.231236
0.116384
0.385445
0.377435
0.104280
0.484531
0.421938
0.456991
0.334801
0.302522
0.162988
0.322144
0.471246
0.280013
0.502084
0.266535
0.305331
0.271173
0.183432
0.458923
0.460304
0.114113
0.331347
0.276215
0.311608
0.373887
0.460125
0.269994
0.424235
0.536348
0.305187
0.336398
0.123981
0.458319
0.350475
0.611625
0.241782
0.326479
0.343880
0.153328
0.335075
0.581292
0.424051
0.439607
0.090647
0.383214
0.433061
0.209699
0.200825
0.253095
0.337212
0.154246
0.205190
0.231580
0.575260
0.472776
0.229844
0.295510
0.259907
0.200580
0.438921
0.444441
0.423102
0.538008
0.237424
0.396369
0.434521
0.249187
0.227509
0.302728
0.179829
0.238099
0.173442
0.324132
0.220048
0.221758
0.270788
0.312759
0.255675
0.341151
0.379904
0.283779
0.554127
0.285967
0.285162
0.113764
0.567735
0.423934
0.133623
0.218873
0.070174
0.243812
0.277072
0.308391
0.020197
0.393621
0.604651
0.237796
0.207512
0.155825
0.379754
0.276341
0.262252
0.293761
0.433010
0.382748
0.367376
0.508873
0.417506
0.415010
0.555103
0.282605
0.739881
0.480778
0.752731
0.221311
0.327506
0.212723
0.196640
0.370408
0.298184
0.166793
0.377348
0.280676
0.480751
0.236412
0.252361
0.533554
0.206963
0.357396
0.545183
0.434158
0.361158
0.220078
0.077396
0.344374
0.105733
0.349258
0.505025
0.296448
0.302241
0.387084
0.248745
0.517993
0.366366
0.444466
0.301664
0.342500
0.638641
0.357867
0.222894
0.307279
0.105605
0.227779
0.419874
0.182915
0.416267
0.327932
0.747330
0.380902
0.353505
0.223047
0.237296
0.297327
0.519632
0.341997
0.647402
0.609485
0.276369
0.259085
0.426261
0.243017
0.318809
0.389994
0.367018
0.299559
0.212722
0.172745
0.214599
0.698732
0.270272
0.294542
0.485856
0.341081
0.181086
0.466593
0.470692
0.214397
0.260900
0.442047
0.384494
0.330375
0.248939
0.656885
0.356008
0.344489
0.478402
0.309689
0.187247
0.245768
0.214577
0.406127
0.379911
0.247627
0.409148
0.255921
0.187854
0.381143
0.252268
0.412462
0.285698
0.219751
0.252723
0.227997
0.511454
0.384682
0.687534
0.259289
0.627331
0.305763
0.210508
0.334713
0.432483
0.162245
0.418321
0.288535
0.346830
0.447279
0.118490
0.214172
0.359218
0.390067
0.505549
0.429798
0.511375
0.311895
0.261305
0.218178
0.414121
0.359373
0.552930
0.247090
0.376978
0.165546
0.262559
0.482559
0.385622
0.515626
0.103514
0.589239
0.476481
0.341472
0.407397
0.177917
0.388308
0.263580
0.413463
0.756005
0.188601
0.293768
0.400398
0.213665
0.505603
0.432210
0.401490
0.581293
0.258609
0.467600
0.221874
0.393267
0.333388
0.326109
0.282647
0.591375
0.181036
0.385712
0.269423
0.394117
0.478252
0.461745
0.327766
0.260491
0.304952
0.318490
0.439706
0.091853
0.221062
0.483682
0.264364
0.239094
0.400937
0.425346
0.309329
0.179387
0.410120
0.371311
0.395886
0.264937
0.130560
0.543503
0.269564
0.336435
0.233659
0.339990
0.409354
0.260599
0.751955
0.139771
0.642759
0.301973
0.494382
0.168798
0.239313
0.496235
0.322622
0.281052
0.288144
0.854280
0.375985
0.207885
0.220030
0.619624
0.155022
0.220627
0.328293
0.297964
0.444999
0.354623
0.242363
0.521455
0.284392
0.251525
0.384842
0.233103
0.353487
0.520142
0.581396
0.237162
0.471762
0.150156
0.286430
0.365310
0.359214
0.115157
0.390158
0.240827
0.531857
0.330506
0.441663
0.206095
0.389981
0.313899
0.253701
0.419077
0.388006
0.309867
0.362559
0.317230
0.145279
0.249121
0.469266
0.463694
0.167406
0.266792
0.544647
0.307317
0.198934
0.358426
0.387135
0.417260
0.525752
0.231091
0.285083
0.245773
0.351864
0.385741
0.351214
0.671106
0.203725
0.370415
0.350575
0.396978
0.460297
0.232107
0.229875
0.292036
0.370648
0.306564
0.294691
0.484503
0.260581
0.261260
0.252544
0.211177
0.326402
0.426260
0.146347
0.255227
0.236103
0.336964
0.165970
0.369854
0.353245
0.244302
0.398827
0.242489
0.245753
0.401524
0.484669
0.221391
0.352255
0.847622
0.226481
0.453887
0.350565
0.222362
0.385954
0.217866
0.450442
0.262994
0.235877
0.200161
0.639083
0.313519
0.185278
0.389843
0.339343
0.311172
0.324704
0.452253
0.362315
0.226978
0.347468
0.477577
0.443085
0.243476
0.362983
0.383580
0.226197
0.367650
0.475859
0.352235
0.397212
0.176371
0.467146
0.112961
0.163206
0.243112
0.463762
0.206518
0.223289
0.290133
0.174817
0.235206
0.346238
0.246348
0.148572
0.433402
0.280480
0.412002
0.322976
0.363120
0.231222
0.279136
0.267777
0.174248
0.228384
0.173771
0.267757
0.343787
0.314150
0.469645
0.361235
0.377043
0.424064
0.422882
0.288680
0.296860
0.235514
0.317163
0.393535
0.166190
0.385511
0.283025
0.261730
0.345145
0.326172
0.035599
0.271179
0.338404
0.396707
0.468693
0.242760
0.429733
0.131137
0.391022
0.484283
0.296260
0.144056
0.346801
0.242911
0.464724
0.483690
0.408037
0.217287
0.152892
0.242838
0.356692
0.355736
0.433693
0.209400
0.423832
0.178571
0.483003
0.223063
0.291881
0.227835
0.534607
0.498208
0.468534
0.284520
0.365895
0.499945
0.423656
0.239853
0.304607
0.243359
0.591812
0.282647
0.255832
0.283685
0.287716
0.314710
0.298362
0.303240
0.266156
0.362054
0.525997
0.370290
0.399990
0.349854
0.269239
0.395627
0.233029
0.265543
0.241673
0.202001
0.262592
0.568801
0.223561
0.447134
0.421837
0.322658
0.346295
0.275892
0.800139
0.407153
0.351087
0.288142
0.097501
0.361853
0.473435
0.388413
0.417692
0.222059
0.634613
0.439147
0.218052
0.396739
0.323978
0.496834
0.408019
0.272528
0.465559
0.329513
0.417983
0.243906
0.422598
0.381773
0.291915
0.385394
0.244545
0.306121
0.460125
0.281700
0.424250
0.109687
0.255871
0.394575
0.426174
0.658499
0.166207
0.252592
0.303924
0.397149
0.224202
0.267707
0.384490
0.272536
0.233378
0.221711
0.411704
0.427570
0.434516
0.299567
0.242071
0.277551
0.197309
0.354986
0.147042
0.508469
0.407688
0.231654
0.252043
0.428763
0.349973
0.107986
0.414902
0.368472
0.276797
0.427896
0.024866
0.306853
0.336020
0.385168
0.545302
0.426059
0.159912
0.387800
0.161850
0.297450
0.357975
0.304800
0.327512
0.270258
0.322700
0.198670
0.355463
0.267965
0.344658
0.384831
0.405924
0.447263
0.283160
0.431837
0.582205
0.261415
0.387480
0.291103
0.456533
0.442415
0.310243
0.558300
0.145904
0.186593
0.415830
0.744853
0.386059
0.400465
0.205865
0.307800
0.092093
0.262519
0.228319
0.259702
0.575219
0.200310
0.168612
0.458059
0.487516
0.410766
0.103461
0.274971
0.291275
0.105478
0.301319
0.177037
0.504604
0.398612
0.177172
0.298510
0.180479
0.324988
0.476416
0.242973
0.301158
0.154860
0.249333
0.114719
0.214342
0.552252
0.311274
0.346917
0.433607
0.250327
0.140498
0.278962
0.333515
0.448919
0.367114
0.395488
0.509005
0.754386
0.237307
0.381395
0.103942
0.443549
0.156533
0.441677
0.346909
0.269974
0.181194
0.360889
0.175621
0.283555
0.263497
0.567384
0.436087
0.340216
0.403942
0.563914
0.369519
0.326417
0.400319
0.200761
0.564701
0.297688
0.067821
0.456890
0.425812
0.319129
0.338270
0.170416
0.301249
0.415246
0.318831
0.086738
0.553097
0.139131
0.280487
0.471496
0.269795
0.305957
0.176912
0.418216
0.313178
0.187579
0.348659
0.503009
0.152087
0.483307
0.395381
0.212922
0.171574
0.394677
0.166987
0.196499
0.124741
0.423966
0.422618
0.344283
0.370878
0.402284
0.378609
0.450950
0.470933
0.444289
0.233918
0.278130
0.247990
0.316110
0.231942
0.355742
0.431522
0.363198
0.444663
0.238436
0.581730
0.337475
0.272756
0.305668
0.365882
0.079243
0.265642
0.549189
0.330501
0.361729
0.272990
0.245960
0.447305
0.324042
0.463833
0.234119
0.219143
0.495552
0.293250
0.090976
0.441819
0.454218
0.408084
0.560076
0.136091
0.521455
0.439731
0.441983
0.381054
0.421845
0.256129
0.251245
0.158561
0.500313
0.491337
0.117641
0.543719
0.567046
0.437143
0.234083
0.454323
0.305120
0.105505
0.341136
0.553474
0.417679
0.595760
0.512817
0.386047
0.624175
0.265429
0.632545
0.319202
0.521651
0.593833
0.321276
0.533994
0.382369
0.244641
0.157799
0.328762
0.393956
0.363895
0.305533
0.456223
0.488841
0.431445
0.690188
0.094608
0.157898
0.297077
0.330456
0.213600
0.229048
0.462582
0.191137
0.421941
0.303134
0.223149
0.128233
0.544659
0.195149
0.282990
0.180751
0.197911
0.349867
0.159005
0.395603
0.247560
0.166794
0.392003
0.311061
0.335230
0.515186
0.131431
0.447132
0.562267
0.613872
0.239899
0.540465
0.183053
0.451984
0.192485
0.122384
0.530166
0.273045
0.522010
0.385252
0.253515
0.299777
0.271708
0.355073
0.184069
0.392679
0.359557
0.367085
0.270359
0.257256
0.353838
0.127467
0.195461
0.247503
0.203742
0.615644
0.191205
0.157479
0.359423
0.447760
0.435372
0.435276
0.435495
0.083884
0.337074
0.257902
0.380755
0.377568
0.165085
0.280417
0.556111
0.303357
0.416182
0.129488
0.206736
0.112976
0.241184
0.440034
0.296215
0.412297
0.493921
0.132314
0.182137
0.228245
0.292920
0.270784
0.320753
0.092698
0.294139
0.256707
0.396522
0.502809
0.354736
0.435845
0.389723
0.465120
0.204455
0.165764
0.282382
0.418876
0.423098
0.303958
0.243703
0.317388
0.214040
0.179372
0.355166
0.375356
0.312007
0.199043
0.564215
0.236040
0.287452
0.278403
0.521058
0.567054
0.241443
0.281836
0.411712
0.594456
0.405088
0.303747
0.022663
0.313200
0.552391
0.207189
0.198011
0.294473
0.469488
0.234818
0.514655
0.349725
0.300293
0.154246
0.363027
0.279607
0.272616
0.323165
0.302216
0.352056
0.370599
0.289853
0.213412
0.090892
0.261094
0.172930
0.475591
0.422108
0.264691
0.079982
0.216958
0.310025
0.260306
0.159361
0.211798
0.321582
0.346166
0.312255
0.272765
0.409089
0.259983
0.435609
0.462626
0.281675
0.163705
0.425391
0.750614
0.331093
0.500948
0.073292
0.505020
0.385017
0.284633
0.180762
0.487139
0.311412
0.333000
0.299483
0.160959
0.373693
0.366813
0.178108
0.418695
0.184402
0.125213
0.292534
0.277665
0.366473
0.579932
0.243509
0.253039
0.127120
0.198877
0.394959
0.178509
0.269024
0.314335
0.209454
0.298283
0.245435
0.454416
0.425228
0.440536
0.325146
0.251109
0.416205
0.061329
0.452594
0.646789
0.195211
0.365141
0.143305
0.329709
0.168919
0.212922
0.354152
0.144643
0.429985
0.431236
0.161311
0.329529
0.161563
0.449107
0.650815
0.357830
0.234902
0.507218
0.240438
0.470053
0.238485
0.483810
0.372660
0.443045
0.333309
0.264249
0.207942
0.344512
0.355742
0.512070
0.285631
0.094651
0.358783
0.423807
0.362772
0.151708
0.184415
0.166142
0.522809
0.257359
0.316539
0.463697
0.435120
0.270237
0.463792
0.537182
0.541181
0.407919
0.411729
0.232261
0.210184
0.331753
0.624725
0.671542
0.216005
0.546577
0.309538
0.340136
0.401333
0.368442
0.347875
0.472460
0.458292
0.478641
0.442101
0.214538
0.301792
0.258609
0.198986
0.264296
0.436163
0.263536
0.398506
0.378564
0.382978
0.323485
0.414585
0.469744
0.393708
0.269235
0.207760
0.292549
0.312932
0.358168
0.181840
0.651576
0.138088
0.371596
0.321504
0.379780
0.405737
0.483573
0.367114
0.261544
0.371473
0.462924
0.291927
0.328075
0.259817
0.367793
0.329837
0.489834
0.277864
0.277019
0.273984
0.217194
0.287949
0.549559
0.457821
0.412373
0.320688
0.128740
0.566994
0.225946
0.186384
0.232348
0.283023
0.143121
0.370646
0.248636
0.529109
0.156014
0.440871
0.262902
0.247520
0.341827
0.184495
0.340617
0.333627
0.362575
0.459501
0.223544
0.350415
0.186012
0.296393
0.263279
0.350198
0.233491
0.259884
0.469705
0.366238
0.453166
0.497129
0.354020
0.117243
0.795828
0.402782
0.623571
0.489106
0.354109
0.309502
0.360733
0.376960
0.485313
0.504739
0.507075
0.301738
0.441987
0.159766
0.100481
0.279552
0.406168
0.456080
0.420461
0.341205
0.380670
0.437648
0.343454
0.333957
0.335068
0.207887
0.447845
0.200208
0.552386
0.189799
0.288028
0.412687
0.329687
0.306731
0.284994
0.508439
0.344786
0.428814
0.337820
0.654643
0.539677
0.491101
0.266657
0.417525
0.334713
0.117901
0.385914
0.309684
0.424641
0.170875
0.292285
0.385675
0.482114
0.203214
0.518276
0.272453
0.212740
0.330950
0.305489
0.299541
0.466214
0.240384
0.210414
0.313356
0.479840
0.491905
0.361878
0.274012
0.467330
0.508038
0.349223
0.239066
0.202392
0.291552
0.294680
0.265582
0.423155
0.352821
0.793848
0.342377
0.292782
0.344757
0.144728
0.095568
0.217442
0.284900
0.314251
0.605856
0.247503
0.283941
0.329651
0.461669
0.458775
0.430538
0.275234
0.345984
0.276128
0.289853
0.411454
0.299075
0.325448
0.574898
0.338592
0.439955
0.514300
0.563472
0.280022
0.189049
0.226873
0.250044
0.199355
0.217931
0.146378
0.399958
0.343868
0.254750
0.598123
0.308481
0.479228
0.306534
0.380822
0.629461
0.279655
0.142824
0.597925
0.245000
0.361147
0.204743
0.194147
0.125865
0.281386
0.392029
0.193700
0.268138
0.329650
0.457153
0.205928
0.234463
0.109687
0.131835
0.301211
0.430632
0.491723
0.342770
0.280917
0.279145
0.315756
0.413417
0.518400
0.444813
0.344885
0.288346
0.327480
0.286018
0.265893
0.370909
0.208204
0.296840
0.349193
0.466428
0.678980
0.423450
0.331191
0.293390
0.385253
0.251147
0.318799
0.551172
0.665356
0.254878
0.235707
0.355801
0.340626
0.337218
0.292119
0.187467
0.304083
0.255691
0.313667
0.463336
0.362682
0.444289
0.208378
0.809562
0.301249
0.359976
0.640876
0.255162
0.408877
0.247308
0.071960
0.320812
0.455015
0.210236
0.375895
0.456531
0.203146
0.259198
0.444930
0.218221
0.424093
0.174283
0.250265
0.300929
0.300854
0.109853
0.475744
0.382636
0.241261
0.236223
0.523599
0.371376
0.442452
0.221121
0.245773
0.339258
0.272202
0.131148
0.235560
0.301565
0.158084
0.563582
0.377587
0.416193
0.106830
0.237894
0.558788
0.186318
0.361235
0.374470
0.201879
0.474307
0.420203
0.470119
0.551913
0.436545
0.395812
0.170953
0.406758
0.185422
0.255916
0.151746
0.185329
0.389823
0.477038
0.328373
0.272648
0.745956
0.112423
0.408139
0.234747
0.275989
0.333368
0.634527
0.453207
0.322115
0.274414
0.318940
0.315003
0.418550
0.489270
0.422801
0.417589
0.268738
0.428766
0.259838
0.381721
0.516277
0.304586
0.491760
0.325017
0.349328
0.252252
0.174179
0.514722
0.297571
0.373259
0.660706
0.282922
0.334483
0.555380
0.378453
0.412877
0.616092
0.409779
0.416599
0.263059
0.259099
0.346295
0.639823
0.556601
0.108017
0.439523
0.221837
0.253684
0.323677
0.355018
0.283198
0.190300
0.265152
0.302433
0.074986
0.297433
0.340621
0.474123
0.206381
0.273015
0.339028
0.233652
0.308387
0.206259
0.368663
0.342711
0.169563
0.225915
0.198357
0.239929
0.442887
0.388802
0.253405
0.151307
0.160959
0.217953
0.345969
0.352558
0.357388
0.243959
0.304146
0.340369
0.174738
0.430675
0.456410
0.253869
0.277175
0.525350
0.817696
0.425183
0.391167
0.345490
0.179933
0.236406
0.379405
0.478233
0.189041
0.229483
0.208858
0.298277
0.673222
0.411316
0.303220
0.163691
0.295066
0.172874
0.218104
0.418790
0.177708
0.252249
0.276543
0.351830
0.512019
0.126143
0.303698
0.269260
0.616876
0.142078
0.192053
0.373777
0.193236
0.239197
0.147132
0.296904
0.744790
0.205874
0.294070
0.194370
0.288197
0.178684
0.447077
0.222371
0.469959
0.207869
0.383503
0.539679
0.294454
0.419085
0.209614
0.185483
0.441137
0.527452
0.528087
0.427557
0.366857
0.266470
0.349117
0.078270
0.426439
0.174987
0.290629
0.467324
0.431021
0.421712
0.292232
0.347938
0.165134
0.147064
0.347800
0.162853
0.346520
0.359007
0.445607
0.388707
0.451484
0.319209
0.364079
0.330727
0.103778
0.325168
0.326689
0.264397
0.260111
0.523041
0.236454
0.348253
0.528975
0.411464
0.436169
0.207039
0.268571
0.250468
0.297250
0.263572
0.281254
0.372532
0.197909
0.203660
0.343661
0.202898
0.318934
0.307102
0.592692
0.222786
0.427888
0.233464
0.266098
0.254246
0.316200
0.582952
0.327768
0.262612
0.684856
0.225176
0.516755
0.331823
0.455690
0.427708
0.142474
0.294485
0.238972
0.266083
0.379855
0.382647
0.161537
0.171156
0.554562
0.590546
0.270490
0.286463
0.255185
0.430715
0.231518
0.184757
0.372375
0.311789
0.201915
0.251001
0.451749
0.277105
0.304860
0.228787
0.426258
0.210256
0.148826
0.268343
0.405978
0.305350
0.208668
0.534840
0.450467
0.463979
0.510529
0.357085
0.382818
0.244927
0.558225
0.315623
0.104357
0.383420
0.249880
0.338245
0.694158
0.378754
0.633963
0.172830
0.443549
0.562932
0.248147
0.420952
0.311144
0.508409
0.345302
0.303687
0.688360
0.237354
0.212865
0.389700
0.244664
0.488744
0.514020
0.436067
0.443047
0.292756
0.403881
0.259286
0.415725
0.339826
0.363506
0.498813
0.201455
0.370230
0.224777
0.362027
0.252306
0.277146
0.313379
0.446700
0.439057
0.405144
0.168947
0.306092
0.330840
0.388223
0.511288
0.468295
0.306643
0.600494
0.111870
0.352890
0.395370
0.117989
0.246668
0.279646
0.371992
0.145818
0.397149
0.277585
0.529840
0.512518
0.455331
0.347485
0.299577
0.263580
0.314258
0.475935
0.284816
0.193659
0.366820
0.504079
0.609407
0.408786
0.158596
0.206934
0.472062
0.259688
0.429797
0.695429
0.329558
0.475114
0.336164
0.475859
0.449527
0.276210
0.171006
0.181415
0.261808
0.290632
0.245929
0.646910
0.302602
0.324525
0.343406
0.535288
0.211198
0.250641
0.282373
0.123120
0.177505
0.203562
0.281534
0.419761
0.478402
0.330048
0.416284
0.589479
0.442926
0.303251
0.259620
0.254886
0.314927
0.432884
0.174331
0.151991
0.294720
0.182210
0.337164
0.538299
0.408366
0.368396
0.295308
0.445964
0.054331
0.261236
0.235083
0.453589
0.739747
0.526363
0.258672
0.400194
0.314307
0.297256
0.291457
0.240698
0.180481
0.518815
0.219647
0.319499
0.311662
0.690241
0.316870
0.258625
0.122498
0.263998
0.690549
0.509918
0.275332
0.057524
0.228447
0.482459
0.173602
0.366238
0.661657
0.182213
0.082442
0.120610
0.320439
0.202914
0.293106
0.257086
0.237899
0.505987
0.690417
0.380806
0.281378
0.550449
0.355832
0.307932
0.459217
0.398405
0.121238
0.148428
