#The posterior distribution of AGN duty cycle at z=0, assuming alpha_CTK = 2.0, from Trinity.
#Ref: Zhang et al. (2021)
0.633608
0.457336
0.463764
0.279731
0.288388
0.919250
0.384910
0.473657
0.314844
0.853248
0.424388
0.450603
0.932393
0.477931
0.316180
0.815263
0.457949
0.425842
0.616090
0.424589
0.501814
0.594688
0.668280
0.294227
0.931039
0.474163
0.527044
0.593728
0.445912
0.517288
0.429744
0.605598
0.476380
0.444308
0.361865
0.358277
0.563763
0.319470
0.430359
0.562159
0.247375
0.220927
0.326808
0.454204
0.162250
0.369104
0.461903
0.606469
0.243237
0.381126
0.694286
0.869975
0.305527
0.183426
0.121510
0.507319
0.571581
0.289466
0.869578
0.159042
0.492319
0.255182
0.599188
0.390921
0.437195
0.413569
0.451016
0.312594
0.474114
0.339813
0.879887
0.228890
0.524771
0.170190
0.710319
0.399491
0.222449
0.755332
0.206562
0.513424
0.343348
0.586195
0.606052
0.232150
0.820404
0.359509
0.262365
0.428301
0.269876
0.515507
0.530438
0.511676
0.442988
0.290736
0.449918
0.332193
0.250001
0.531771
0.317037
0.414871
0.573138
0.350373
0.603215
0.299798
0.504924
0.475986
0.986592
0.327243
0.526247
0.237217
0.230151
0.302475
0.376306
0.523620
0.374082
0.367868
0.644830
0.794408
0.648584
0.330876
0.326174
0.308416
0.528624
0.657825
0.305079
0.610114
0.464919
0.467416
0.463453
0.301961
0.272417
0.610884
0.346688
0.649742
0.390098
0.466668
0.508675
0.439343
0.633027
0.461661
0.246600
0.376405
0.365892
0.389201
0.437078
0.393927
0.228585
0.486354
0.526647
0.547163
0.790123
0.382912
0.417509
0.428236
0.466335
0.424616
0.405601
0.688800
0.451025
0.446763
0.829560
0.124540
0.487136
0.362221
0.902865
0.485305
0.557896
0.437350
0.412416
0.334848
0.637118
0.436454
0.540467
0.375993
0.476427
0.582534
0.513113
0.675373
0.424218
0.251129
0.240619
0.519753
0.860446
0.567532
0.674001
0.480998
0.438198
0.731104
0.233348
0.807176
0.354183
0.601720
0.237597
0.454146
0.429697
0.366016
0.541945
0.337038
0.372077
0.493349
0.245829
0.621903
0.646002
0.316375
0.355041
0.380312
0.672764
0.474114
0.462459
0.672226
0.544684
0.621747
0.269477
0.474931
0.543283
0.389267
0.419222
0.544156
0.514745
0.283524
0.235396
0.445782
0.283254
0.480184
0.548442
0.208299
0.495849
0.611424
0.946436
0.598736
0.331004
0.453686
0.575036
0.423194
0.225150
0.420491
0.921563
0.675593
0.723793
0.551482
0.823409
0.347074
0.289612
0.522196
0.378143
0.654510
0.674056
0.517820
0.742476
0.497814
0.696378
0.781981
0.373435
0.523466
0.301405
0.528838
0.566695
0.275123
0.278976
0.340891
0.423603
0.628375
0.610859
0.336839
0.347602
0.217031
0.472898
0.267457
0.652580
0.109552
0.453727
0.562178
0.527283
0.497058
0.283902
0.297393
0.176179
0.226697
0.461941
0.350125
0.487897
0.395114
0.356097
0.391060
0.631465
0.343955
0.410435
0.533755
0.236851
0.708678
0.680354
0.447244
0.547386
0.436958
0.370176
0.123450
0.401883
0.684248
0.374495
0.451025
0.370120
0.615330
0.298269
0.495392
0.245025
0.255130
0.428089
0.280555
0.992526
0.549770
0.407208
0.311809
0.824306
0.554210
0.194183
0.460579
0.834351
0.475573
0.732522
0.487274
0.568521
0.379831
0.429571
0.402753
0.451435
0.113603
0.709279
0.636906
0.273031
0.701287
0.464701
0.479855
0.358379
0.491095
0.563762
0.417804
0.439914
0.914997
0.571485
0.352125
0.340789
0.247091
0.395041
0.318557
0.659765
0.620750
0.491754
0.430868
0.651138
0.462304
0.833206
0.435565
0.451551
0.244587
0.276561
0.331848
0.164456
0.420164
0.419900
0.810150
0.434235
0.403804
0.369936
0.568761
0.557191
0.194123
0.368596
0.492569
0.633330
0.378589
0.230139
0.678083
0.667713
0.569722
0.930027
0.371740
0.393069
0.596493
0.788015
0.479293
0.730238
0.252888
0.798469
0.398697
0.357056
0.255743
0.428721
0.244112
0.436108
0.406322
0.265829
0.653720
0.205656
0.559818
0.573237
0.602931
0.506091
0.708208
0.415196
0.161333
0.443470
0.551021
0.384257
0.362527
0.226952
0.303959
0.475774
0.292828
0.560576
0.704812
0.431123
0.575313
0.416787
0.413486
0.365818
0.938132
0.524308
0.326488
0.438333
0.128323
0.546139
0.415530
0.446779
0.344744
0.459377
0.432299
0.547542
0.220640
0.685300
0.362317
0.861129
0.429778
0.536882
0.269326
0.386097
0.343829
0.717251
0.386238
0.519009
0.298433
0.309560
0.209175
0.307535
0.527035
0.314143
0.634369
0.474248
0.325484
0.789182
0.480707
0.190686
0.743130
0.623510
0.588446
0.624577
0.398951
0.902569
0.225686
0.718627
0.466335
0.491394
0.746639
0.922836
0.327419
0.608259
0.175016
0.803464
0.543789
0.732429
0.949387
0.296482
0.288825
0.597407
0.421512
0.387551
0.462012
0.585339
0.613104
0.349649
0.609408
0.321177
0.508512
0.403631
0.366205
0.343464
0.690746
0.721669
0.547325
0.720222
0.394904
0.194650
0.481864
0.767305
0.369140
0.518093
0.538301
0.477594
0.358648
0.568318
0.473269
0.513940
0.462753
0.361075
0.437876
0.353517
0.410857
0.532496
0.751500
0.705783
0.429535
0.465254
0.308226
0.582704
0.497153
0.395824
0.493008
0.445753
0.272989
0.562735
0.452770
0.273737
0.426872
0.391913
0.683055
0.508559
0.522315
0.835216
0.211966
0.497440
0.647786
0.357461
0.441842
0.537770
0.634575
0.347682
0.509362
0.689679
0.635065
0.598141
0.453574
0.398751
0.209787
0.259310
0.220909
0.394577
0.594095
0.288756
0.527148
0.337891
0.474590
0.328856
0.555214
0.386706
0.378604
0.512033
0.556380
0.224155
0.396322
0.405700
0.217944
0.294636
0.495427
0.334324
0.477129
0.493043
0.551107
0.383531
0.237643
0.379217
0.356478
0.417819
0.409087
0.412847
0.512264
0.631742
0.745105
0.717860
0.204270
0.419305
0.494904
0.275329
0.509410
0.250415
0.460637
0.583335
0.408121
0.527019
0.539260
0.227233
0.678690
0.345676
0.387557
0.330381
0.402370
0.328851
0.296999
0.529398
0.748991
0.633396
0.392798
0.789560
0.931717
0.758779
0.237011
0.473349
0.476684
0.396059
0.507209
0.584913
0.400371
0.304545
0.384773
0.535590
0.424029
0.236380
0.594771
0.586488
0.277187
0.513738
0.247740
0.543731
0.600725
0.645564
0.382827
0.458110
0.179287
0.183519
0.412285
0.484292
0.574943
0.559125
0.238501
0.562486
0.597762
0.769637
0.556184
0.559406
0.469283
0.565973
0.448061
0.455013
0.457688
0.263849
0.258901
0.095901
0.355333
0.255877
0.328910
0.730528
0.547498
0.336481
0.769353
0.587116
0.414711
0.988988
0.339569
0.419746
0.663264
0.426080
0.441955
0.559479
0.335563
0.313749
0.452528
0.651834
0.373247
0.356356
0.458614
0.229541
0.320560
0.318010
0.472474
0.557265
0.717503
0.515377
0.315252
0.350708
0.381342
0.339922
0.496965
0.180065
0.629401
0.703797
0.362057
0.252476
0.387150
0.441871
0.277817
0.515712
0.394699
0.314671
0.411510
0.451971
0.546378
0.201559
0.865870
0.698772
0.284259
0.578132
0.136436
0.456288
0.204391
0.435020
0.346809
0.399350
0.515328
0.324234
0.444806
0.439920
0.456272
0.389303
0.331095
0.764939
0.457747
0.275200
0.243231
0.535889
0.596597
0.732014
0.747835
0.548165
0.525240
0.582932
0.497237
0.462000
0.292331
0.144937
0.310104
0.198562
0.614764
0.889421
0.525309
0.321781
0.313969
0.535990
0.385463
0.377726
0.756742
0.378795
0.472568
0.412802
0.333187
0.543597
0.356097
0.567203
0.560155
0.340721
0.420624
0.266870
0.466074
0.443085
0.329412
0.853992
0.361129
0.464031
0.357759
0.289854
0.187670
0.566807
0.333101
0.480769
0.209113
0.873543
0.197937
0.593818
0.741571
0.313381
0.425965
0.388801
0.282015
0.573788
0.492897
0.445789
0.339594
0.445329
0.324051
0.363434
0.695992
0.399274
0.363406
0.934579
0.838656
0.832955
0.671695
0.733817
0.338584
0.404231
0.980020
0.493670
0.376262
0.386067
0.474707
0.394339
0.334331
0.507437
0.283665
0.527980
0.411052
0.598187
0.403142
0.493381
0.403321
0.539687
0.607531
0.448244
0.355123
0.820633
0.395271
0.947134
0.424783
0.582036
0.493710
0.392266
0.412097
0.222893
0.537287
0.244814
0.501414
0.548708
0.401094
0.461833
0.292295
0.688575
0.321345
0.445293
0.608415
0.315419
0.684753
0.796753
0.366990
0.381083
0.655817
0.316538
0.421910
0.399435
0.541000
0.219671
0.376368
0.327735
0.596488
0.789494
0.501735
0.492252
0.553589
0.210999
0.262841
0.372150
0.742946
0.247417
0.443991
0.832841
0.288683
0.396034
0.496275
0.349214
0.408566
0.197526
0.632998
0.308591
0.193481
0.744081
0.412301
0.699241
0.509352
0.458238
0.382418
0.316707
0.449236
0.563283
0.831107
0.578551
0.272163
0.664324
0.237325
0.482042
0.596639
0.365646
0.446623
0.332130
0.296740
0.596340
0.601141
0.384140
0.843212
0.475434
0.693460
0.359239
0.430430
0.326164
0.515142
0.271489
0.562139
0.391469
0.673649
0.561335
0.379812
0.233894
0.526671
0.570757
0.288379
0.231436
0.504024
0.227711
0.283956
0.456272
0.757270
0.719028
0.179596
0.266045
0.599878
0.336844
0.319922
0.744944
0.468056
0.649662
0.446307
0.446106
0.682200
0.559028
0.720608
0.611624
0.437285
0.349455
0.290194
0.578587
0.432832
0.385697
0.316387
0.544306
0.360154
0.413548
0.709095
0.416689
0.624727
0.592536
0.288052
0.389292
0.415859
0.265685
0.438836
0.443019
0.518071
0.383302
0.717694
0.133782
0.376531
0.477020
0.957610
0.367838
0.520176
0.695491
0.206534
0.378552
0.470564
0.761010
0.523588
0.339421
0.324686
0.710354
0.373430
0.575206
0.516351
0.388152
0.735499
0.141926
0.420476
0.707269
0.606438
0.772604
0.455761
0.511376
0.354065
0.579854
0.347448
0.506528
0.272735
0.382789
0.504501
0.540505
0.411803
0.423729
0.854667
0.570552
0.344651
0.365054
0.646968
0.406734
0.352442
0.329861
0.318447
0.538389
0.285796
0.272981
0.265007
0.382126
0.978737
0.413708
0.301936
0.353231
0.532594
0.698463
0.261566
0.484448
0.407835
0.678061
0.553464
0.537396
0.479753
0.369528
0.191401
0.310607
0.435182
0.470156
0.388985
0.493033
0.397601
0.312393
0.414999
0.405102
0.511882
0.590375
0.646323
0.291902
0.313891
0.542439
0.354500
0.336434
0.431612
0.455246
0.517426
0.572952
0.621851
0.393106
0.357379
0.285271
0.605215
0.488171
0.433248
0.422769
0.286311
0.645999
0.478527
0.465547
0.325020
0.715033
0.482525
0.230227
0.647290
0.889202
0.372323
0.153056
0.307202
0.215394
0.358983
0.442461
0.790209
0.225541
0.778593
0.494298
0.402098
0.596488
0.476287
0.546232
0.484963
0.422017
0.449539
0.814471
0.517257
0.417865
0.622134
0.279018
0.351579
0.537878
0.584042
0.437161
0.290533
0.357300
0.663390
0.410158
0.359200
0.441376
0.356799
0.232991
0.603273
0.361177
0.186696
0.852137
0.377697
0.345892
0.268880
0.461397
0.406062
0.409749
0.676849
0.279756
0.223936
0.474243
0.425413
0.479971
0.608415
0.666946
0.311655
0.549329
0.357264
0.980610
0.617592
0.321622
0.385098
0.464786
0.503535
0.381032
0.749856
0.317815
0.581269
0.220525
0.550028
0.630545
0.453256
0.493229
0.125814
0.404154
0.275100
0.773617
0.340185
0.770743
0.608771
0.470229
0.395939
0.385034
0.410667
0.645471
0.609496
0.776157
0.199111
0.525911
0.415181
0.304138
0.302520
0.346370
0.497084
0.366218
0.587379
0.407497
0.307483
0.381974
0.764949
0.757715
0.290600
0.376615
0.338515
0.424538
0.492140
0.626825
0.467619
0.545431
0.241925
0.577835
0.320879
0.582371
0.255905
0.369719
0.699387
0.651190
0.274499
0.500080
0.697153
0.562542
0.366946
0.467680
0.643549
0.301096
0.284340
0.581965
0.196042
0.357466
0.276444
0.286281
0.735992
0.350633
0.512299
0.237778
0.366196
0.527082
0.372386
0.367994
0.381081
0.646318
0.308965
0.317553
0.344740
0.207208
0.701138
0.980212
0.383244
0.558599
0.372342
0.619764
0.466074
0.230369
0.447634
0.307401
0.451877
0.501420
0.517967
0.187850
0.664574
0.465753
0.221543
0.289278
0.218875
0.652556
0.725291
0.463243
0.377953
0.445804
0.884398
0.971449
0.529643
0.493000
0.444230
0.366691
0.281071
0.742744
0.396053
0.638640
0.250877
0.397747
0.380851
0.875171
0.466164
0.285754
0.637000
0.448315
0.434424
0.913262
0.748243
0.469801
0.835093
0.413713
0.315303
0.722585
0.384063
0.737925
0.486305
0.323059
0.499323
0.886357
0.604882
0.883818
0.336125
0.414999
0.411267
0.395051
0.742968
0.379499
0.370000
0.677944
0.393219
0.131412
0.349836
0.255082
0.731292
0.864035
0.302544
0.388103
0.733269
0.842416
0.411970
0.478613
0.598658
0.341077
0.493216
0.591560
0.452839
0.554187
0.410607
0.360389
0.807527
0.436757
0.490706
0.318540
0.520300
0.898836
0.297964
0.658195
0.814491
0.353535
0.189896
0.320003
0.429317
0.461383
0.133549
0.302008
0.301941
0.542160
0.397364
0.672948
0.139840
0.471600
0.463479
0.588911
0.535842
0.121406
0.333026
0.405656
0.277698
0.380235
0.389931
0.436534
0.347238
0.583818
0.218293
0.475244
0.840532
0.637121
0.452236
0.389697
0.333862
0.527012
0.450867
0.769614
0.718432
0.242143
0.365015
0.542365
0.841979
0.637256
0.344214
0.330432
0.283858
0.636814
0.476469
0.726473
0.654550
0.363653
0.515824
0.347250
0.309730
0.418261
0.824852
0.463803
0.604164
0.372574
0.496561
0.604277
0.320463
0.556385
0.277733
0.608440
0.286995
0.485169
0.479149
0.486329
0.883444
0.360507
0.410654
0.621343
0.999195
0.231432
0.836774
0.235146
0.793914
0.535700
0.263842
0.524210
0.471285
0.638663
0.426695
0.262735
0.590412
0.265173
0.525391
0.568128
0.621032
0.315404
0.310789
0.357707
0.355356
0.284782
0.718108
0.429590
0.543953
0.603169
0.322074
0.288404
0.351306
0.644695
0.849518
0.507147
0.443154
0.261030
0.546197
0.685322
0.664496
0.304555
0.444509
0.435178
0.232962
0.458938
0.249299
0.275334
0.273935
0.565716
0.371297
0.239575
0.338197
0.329473
0.294164
0.333106
0.471302
0.816580
0.315431
0.314462
0.525382
0.380904
0.135819
0.835613
0.682783
0.325543
0.744044
0.124227
0.268810
0.334780
0.254819
0.252861
0.078023
0.620643
0.503291
0.466905
0.554686
0.557439
0.569950
0.298733
0.567843
0.251292
0.185914
0.233538
0.478177
0.345256
0.190687
0.560882
0.250221
0.264182
0.500199
0.394951
0.416798
0.352592
0.644325
0.405467
0.463112
0.443344
0.617686
0.289791
0.611338
0.445628
0.293189
0.481550
0.515231
0.893399
0.247817
0.454280
0.536678
0.739662
0.511306
0.282760
0.724628
0.338024
0.450844
0.356888
0.396751
0.383254
0.296710
0.380148
0.312305
0.544355
0.582823
0.471073
0.514511
0.965556
0.508445
0.244729
0.436661
0.253466
0.425986
0.240599
0.597533
0.377826
0.524243
0.359843
0.689742
0.434167
0.479264
0.482908
0.299152
0.449676
0.300537
0.423604
0.238939
0.323997
0.548518
0.354067
0.420200
0.297291
0.244393
0.242310
0.497250
0.244158
0.292417
0.318378
0.252036
0.436877
0.805016
0.290565
0.337722
0.536394
0.770597
0.498273
0.596939
0.986686
0.026905
0.321256
0.472474
0.497737
0.585324
0.616817
0.592035
0.353101
0.497713
0.498976
0.535317
0.513096
0.489742
0.438427
0.189526
0.550717
0.102762
0.398475
0.320883
0.371900
0.185122
0.310328
0.337825
0.282226
0.291287
0.434889
0.365442
0.344607
0.164607
0.346922
0.297240
0.917630
0.486889
0.967210
0.429790
0.319053
0.218635
0.909483
0.487355
0.653412
0.293340
0.291639
0.349070
0.314347
0.546715
0.307120
0.505434
0.619259
0.640366
0.424739
0.452561
0.563224
0.364602
0.568026
0.419177
0.233845
0.303626
0.527590
0.273521
0.680631
0.374437
0.608862
0.319011
0.669336
0.370532
0.534481
0.469634
0.266501
0.676379
0.193527
0.478089
0.501609
0.357804
0.404060
0.268829
0.632840
0.803443
0.729889
0.988784
0.447176
0.383866
0.306449
0.158852
0.428264
0.422472
0.513755
0.223904
0.425870
0.846452
0.363496
0.389180
0.762353
0.265332
0.119606
0.353299
0.910954
0.304578
0.376323
0.393532
0.968110
0.612550
0.575728
0.499344
0.649199
0.385353
0.356865
0.526773
0.277158
0.794941
0.305974
0.404858
0.562664
0.280557
0.411557
0.533910
0.328816
0.523739
0.446441
0.301416
0.457226
0.436364
0.147718
0.245642
0.324010
0.499733
0.620327
0.369258
0.441297
0.820608
0.842577
0.482271
0.264143
0.288130
0.756240
0.677250
0.287962
0.418630
0.513704
0.150382
0.299528
0.388496
0.454009
0.482404
0.415079
0.450126
0.723090
0.434707
0.361697
0.463506
0.782970
0.502264
0.202229
0.322860
0.307206
0.456886
0.407218
0.443639
0.464598
0.133487
0.482360
0.477693
0.286636
0.329286
0.659949
0.601004
0.229864
0.372185
0.446254
0.294407
0.416200
0.425346
0.458016
0.738862
0.570863
0.267125
0.500910
0.574845
0.524527
0.442036
0.540872
0.252211
0.580614
0.325494
0.426785
0.479393
0.425204
0.648141
0.318280
0.981983
0.312142
0.286058
0.350539
0.448580
0.446200
0.465714
0.435387
0.548609
0.239586
0.384389
0.509071
0.388043
0.902805
0.352525
0.231666
0.891254
0.321004
0.792737
0.490956
0.447486
0.369422
0.555175
0.396653
0.346243
0.307843
0.362876
0.865018
0.938893
0.496369
0.230412
0.340629
0.535416
0.429096
0.412811
0.380816
0.449329
0.874700
0.478891
0.296817
0.203017
0.864071
0.251425
0.491855
0.294246
0.523968
0.241651
0.590617
0.383518
0.808980
0.721984
0.529323
0.330566
0.342662
0.186594
0.501629
0.696929
0.601539
0.530209
0.438087
0.511865
0.284993
0.427239
0.392078
0.544309
0.393826
0.381294
0.384000
0.455630
0.762530
0.254899
0.306812
0.398693
0.567360
0.856971
0.543087
0.372567
0.430868
0.844302
0.518637
0.517158
0.550614
0.366412
0.521456
0.207277
0.355188
0.620537
0.472694
0.322744
0.916372
0.547953
0.417727
0.524341
0.349630
0.337958
0.482577
0.406538
0.220913
0.327409
0.253930
0.463478
0.303879
0.394757
0.674944
0.362184
0.472902
0.489294
0.508218
0.524821
0.525313
0.812101
0.378817
0.501220
0.396511
0.343388
0.159904
0.629194
0.603414
0.769907
0.477502
0.607029
0.509959
0.657891
0.478086
0.717221
0.342894
0.349575
0.838725
0.373572
0.161515
0.239779
0.496680
0.255603
0.872195
0.187682
0.604679
0.387622
0.316211
0.766959
0.364581
0.276841
0.517162
0.481278
0.380402
0.507834
0.277425
0.290095
0.352973
0.817746
0.173699
0.457398
0.371170
0.734946
0.222125
0.345482
0.453146
0.560733
0.395525
0.327711
0.462173
0.668267
0.657659
0.456991
0.195208
0.209556
0.469119
0.421606
0.305650
0.354500
0.446856
0.571713
0.364612
0.814685
0.558695
0.368616
0.410835
0.430253
0.427117
0.204206
0.525587
0.502233
0.714978
0.707909
0.593064
0.686534
0.726657
0.215701
0.674788
0.300301
0.654957
0.441131
0.771368
0.508280
0.889902
0.370623
0.495435
0.747439
0.373719
0.460507
0.608782
0.206361
0.484317
0.570343
0.344878
0.534560
0.372977
0.401774
0.446523
0.281449
0.295921
0.310480
0.763829
0.458162
0.293295
0.610176
0.441843
0.547810
0.812733
0.643962
0.409088
0.390232
0.344720
0.332381
0.306879
0.491644
0.545601
0.693982
0.346076
0.188933
0.674408
0.971208
0.428883
0.339980
0.672401
0.356998
0.290178
0.304635
0.340742
0.981169
0.541429
0.269659
0.467362
0.621673
0.391265
0.499801
0.258957
0.431172
0.411065
0.409694
0.231664
0.499628
0.223347
0.642507
0.320931
0.881236
0.866213
0.611151
0.291780
0.422147
0.450660
0.432466
0.397538
0.201922
0.326853
0.516839
0.217379
0.268643
0.468957
0.553229
0.439991
0.225297
0.835330
0.679979
0.607767
0.552133
0.502064
0.447771
0.741267
0.236659
0.507065
0.685977
0.422521
0.274139
0.370633
0.813832
0.788850
0.423537
0.556723
0.458226
0.460913
0.474903
0.614953
0.692945
0.397333
0.516709
0.210720
0.517199
0.227502
0.367253
0.270632
0.385351
0.322786
0.901552
0.340879
0.646792
0.437440
0.610399
0.621642
0.649903
0.528095
0.250144
0.529917
0.548637
0.358445
0.353027
0.212218
0.455387
0.329594
0.331435
0.259794
0.286864
0.440346
0.299068
0.533133
0.503129
0.400617
0.504232
0.863131
0.688345
0.288415
0.390413
0.338433
0.467643
0.428979
0.355008
0.497790
0.522550
0.412459
0.969216
0.353066
0.403626
0.427761
0.327257
0.380483
0.533021
0.532795
0.460737
0.411536
0.162339
0.510150
0.602877
0.607324
0.510153
0.259401
0.507018
0.352013
0.281682
0.273284
0.453558
0.454100
0.654110
0.331301
0.551858
0.179969
0.481274
0.741701
0.415396
0.649077
0.504506
0.299119
0.503446
0.824608
0.282854
0.387191
0.511477
0.679280
0.867845
0.556152
0.409150
0.432120
0.309183
0.377578
0.381055
0.512878
0.553449
0.366818
0.590246
0.634161
0.194795
0.467584
0.294024
0.344961
0.575011
0.367692
0.436293
0.621316
0.299647
0.436814
0.448048
0.684326
0.428250
0.334469
0.389606
0.239978
0.570140
0.413258
0.368297
0.688038
0.501773
0.558531
0.445065
0.493626
0.985702
0.650325
0.644143
0.624576
0.358702
0.498546
0.526831
0.694647
0.514602
0.468283
0.353468
0.447912
0.656529
0.423299
0.582231
0.384895
0.544395
0.180300
0.520453
0.290564
0.607959
0.660252
0.308474
0.734068
0.273058
0.417151
0.406874
0.667882
0.497260
0.511759
0.977363
0.688800
0.622025
0.414919
0.715579
0.547429
0.233295
0.552755
0.362476
0.592262
0.397135
0.390620
0.233151
0.384782
0.880834
0.485893
0.515610
0.306627
0.707205
0.401796
0.660018
0.260048
0.384155
0.574080
0.789017
0.517874
0.430514
0.518996
0.610174
0.511124
0.235363
0.465953
0.519997
0.472925
0.351522
0.193949
0.727769
0.350868
0.539159
0.325966
0.344874
0.664840
0.289184
0.378368
0.524420
0.377901
0.587438
0.700502
0.589499
0.358605
0.333847
0.547042
0.519728
0.264473
0.302433
0.219831
0.270605
0.418559
0.541406
0.285893
0.396729
0.556182
0.681811
0.281412
0.778119
0.805372
0.597972
0.148439
0.422153
0.609801
0.712530
0.304138
0.437034
0.735239
0.578638
0.449375
0.839040
0.239536
0.362641
0.347315
0.178335
0.122824
0.500109
0.342665
0.722110
0.524093
0.298626
0.541584
0.886663
0.598356
0.605184
0.509704
0.410206
0.548980
0.674618
0.432488
0.656587
0.394178
0.206920
0.259350
0.337651
0.502910
0.482097
0.233667
0.489188
0.675225
0.501018
0.247964
0.677391
0.546992
0.649658
0.579994
0.485514
0.546100
0.593407
0.438754
0.678488
0.392020
0.493774
0.396366
0.418744
0.221379
0.420870
0.310531
0.213034
0.561449
0.685052
0.425319
0.216832
0.353139
0.434311
0.772703
0.562646
0.837350
0.419628
0.204761
0.642011
0.555810
0.616240
0.153494
0.359325
0.680888
0.724269
0.381457
0.419796
0.374151
0.564040
0.695713
0.311603
0.596845
0.345176
0.405211
0.131497
0.401933
0.296853
0.444923
0.323561
0.613789
0.510971
0.274892
0.456984
0.431442
0.581375
0.236426
0.379285
0.639274
0.182301
0.605615
0.311298
0.707904
0.601504
0.613565
0.454950
0.911399
0.744576
0.532396
0.609023
0.292109
0.552058
0.572485
0.691166
0.472573
0.448157
0.501778
0.485179
0.403549
0.324926
0.568290
0.279227
0.300823
0.331131
0.606406
0.312998
0.210788
0.340264
0.387901
0.490858
0.398841
0.634957
0.398475
0.689950
0.491061
0.246622
0.561511
0.517961
0.468230
0.405252
0.226206
0.485897
0.570086
0.487695
0.738677
0.297644
0.401525
0.450650
0.443428
0.818334
0.726107
0.308693
0.279924
0.485057
0.499790
0.515006
0.266308
0.190498
0.750012
0.712315
0.400469
0.495874
0.514615
0.412448
0.319059
0.105321
0.311371
0.442338
0.267962
0.404253
0.510451
0.301476
0.635430
0.359711
0.555568
0.460049
0.499934
0.516965
0.684707
0.372273
0.625975
0.524491
0.252835
0.285306
0.624389
0.528536
0.485087
0.475968
0.203562
0.496414
0.508104
0.686387
0.511099
0.819021
0.419195
0.597408
0.318235
0.348529
0.272145
0.465129
0.294505
0.471252
0.344302
0.379887
0.366473
0.442240
0.306249
0.787897
0.438427
0.414521
0.376944
0.461014
0.285189
0.422877
0.470127
0.668708
0.470349
0.375157
0.408721
0.559766
0.731906
0.203520
0.291587
0.536002
0.220365
0.449312
0.721873
0.363312
0.527488
0.485000
0.592775
0.598954
0.110762
0.364793
0.638082
0.195307
0.703939
0.632153
0.181855
0.474148
0.740373
0.563557
0.411171
0.321998
0.374036
0.241131
0.346918
0.451073
0.510153
0.340489
0.392974
0.384065
0.456466
0.329056
0.485511
0.749280
0.341366
0.648299
0.291692
0.469033
0.378591
0.380511
0.647234
0.516595
0.442530
0.483730
0.489032
0.418337
0.572837
0.361206
0.581614
0.276660
0.450633
0.258512
0.474588
0.632577
0.172447
0.491422
0.486137
0.334826
0.669984
0.390056
0.422484
0.257867
0.235068
0.395039
0.380962
0.707395
0.367940
0.770321
0.693903
0.625618
0.983838
0.596169
0.401004
0.298421
0.360364
0.266796
0.095322
0.657732
0.836295
0.208896
0.359842
0.363967
0.674893
0.296440
0.312567
0.247375
0.400196
0.263355
0.179217
0.270416
0.549450
0.499061
0.771939
0.232339
0.646586
0.484542
0.588846
0.604555
0.657860
0.477744
0.657300
0.457457
0.365562
0.426519
0.647190
0.368493
0.200231
0.603241
0.443639
0.668837
0.956938
0.550492
0.235216
0.396067
0.541077
0.523833
0.383474
0.494583
0.374237
0.556299
0.324806
0.423198
0.568026
0.602879
0.632779
0.280583
0.646402
0.404512
0.397928
0.314960
0.342673
0.522018
0.702331
0.355951
0.219696
0.408030
0.312279
0.499900
0.569681
0.407286
0.427017
0.574525
0.601735
0.823113
0.751075
0.314893
0.390858
0.965004
0.433964
0.560568
0.865292
0.333999
0.327468
0.451423
0.246163
0.458399
0.320014
0.511861
0.416775
0.465724
0.610074
0.551390
0.571771
0.337680
0.722382
0.622613
0.677239
0.401756
0.642179
0.488002
0.444167
0.435811
0.413588
0.338686
0.821931
0.306243
0.361723
0.438577
0.707602
0.310558
0.301145
0.291063
0.499107
0.365820
0.473556
0.334977
0.497567
0.329284
0.464912
0.544304
0.442477
0.353381
0.655203
0.474660
0.976784
0.620361
0.460081
0.985880
0.318719
0.506678
0.342264
0.566836
0.384725
0.675090
0.505533
0.600798
0.454285
0.465123
0.335641
0.394486
0.534011
0.321853
0.185459
0.349990
0.288481
0.350232
0.465121
0.502502
0.462870
0.751565
0.657986
0.166649
0.286818
0.473162
0.435826
0.519370
0.570435
0.213624
0.438913
0.259099
0.682064
0.332905
0.558591
0.663187
0.323406
0.438809
0.434079
0.364559
0.596152
0.481145
0.273321
0.152159
0.737519
0.887511
0.269137
0.687737
0.677345
0.402657
0.395652
0.661296
0.588165
0.551796
0.724737
0.327735
0.351952
0.356164
0.533341
0.716945
0.346139
0.316871
0.518292
0.752462
0.295175
0.154872
0.440800
0.765726
0.369378
0.486519
0.726115
0.501848
0.742882
0.458669
0.578077
0.416130
0.429640
0.363811
0.426387
0.214773
0.591468
0.431982
0.380385
0.389619
0.234781
0.231993
0.475474
0.268651
0.671140
0.415184
0.386629
0.756139
0.338616
0.229134
0.419871
0.868800
0.473485
0.256702
0.618804
0.482520
0.614359
0.414449
0.568601
0.689663
0.239806
0.864374
0.174689
0.267373
0.167342
0.662942
0.651001
0.581831
0.254518
0.524743
0.722570
0.393608
0.396551
0.568598
0.272117
0.478750
0.251085
0.471124
0.595663
0.506503
0.454145
0.595670
0.396901
0.395485
0.485801
0.607148
0.568688
0.859621
0.629057
0.755004
0.581957
0.277374
0.897968
0.457398
0.550450
0.359867
0.398906
0.416432
0.617967
0.626962
0.766999
0.421930
0.411785
0.383474
0.488194
0.488243
0.817576
0.313168
0.340154
0.351435
0.487480
0.563322
0.402496
0.860609
0.657116
0.326082
0.594849
0.357182
0.395528
0.439078
0.566089
0.624452
0.595412
0.296924
0.755437
0.574671
0.498825
0.633959
0.612561
0.720245
0.600090
0.301712
0.410367
0.273065
0.407137
0.668406
0.382676
0.463305
0.609685
0.826392
0.623729
0.886829
0.500915
0.241052
0.482909
0.494456
0.602982
0.414434
0.634601
0.449449
0.364063
0.312443
0.626141
0.515739
0.552263
0.267237
0.260441
0.939913
0.900180
0.851297
0.528174
0.492327
0.502384
0.829355
0.568956
0.651981
0.316198
0.634152
0.145002
0.229662
0.346127
0.421741
0.609973
0.546765
0.497207
0.641383
0.451939
0.489727
0.649256
0.182397
0.675916
0.442605
0.532443
0.289190
0.359501
0.180568
0.579201
0.381932
0.504330
0.362821
0.549342
0.598546
0.309279
0.464168
0.335772
0.273511
0.495777
0.335050
0.351627
0.476527
0.302282
0.194379
0.551238
0.458785
0.505516
0.645269
0.692000
0.539320
0.680689
0.529710
0.348726
0.521734
0.292187
0.435991
0.592297
0.456004
0.553083
0.354727
0.514444
0.776417
0.236242
0.372547
0.788017
0.238180
0.549890
0.394935
0.474319
0.490280
0.493121
0.742051
0.241903
0.277312
0.653008
0.678845
0.396284
0.621610
0.501809
0.886458
0.804558
0.347941
0.814742
0.279937
0.422806
0.477966
0.358771
0.313987
0.339980
0.316330
0.340354
0.419238
0.431530
0.558523
0.400196
0.497979
0.601140
0.513990
0.351331
0.942709
0.283688
0.232427
0.402479
0.311339
0.219505
0.421261
0.718852
0.481874
0.505809
0.426757
0.568675
0.282530
0.250580
0.320931
0.517484
0.410710
0.298423
0.544683
0.465645
0.310685
0.218705
0.646798
0.753577
0.539141
0.916294
0.364585
0.469949
0.210310
0.473947
0.403345
0.353924
0.512254
0.409680
0.442388
0.387583
0.782268
0.810005
0.358082
0.413602
0.471174
0.590637
0.173153
0.415383
0.661947
0.312021
0.379014
0.356874
0.573773
0.793878
0.446302
0.332653
0.376155
0.312898
0.651539
0.586866
0.510222
0.261272
0.535518
0.407501
0.980212
0.440311
0.520536
0.307912
0.653084
0.815683
0.477563
0.394306
0.560509
0.535349
0.752601
0.225395
0.274068
0.239595
0.469311
0.344316
0.343332
0.443536
0.309410
0.238019
0.539375
0.227681
0.526396
0.364672
0.469194
0.575089
0.450770
0.465628
0.579395
0.288651
0.465839
0.590571
0.803729
0.300011
0.533476
0.557294
0.269132
0.591729
0.406994
0.471210
0.547799
0.501113
0.307364
0.363962
0.414904
0.453421
0.847871
0.745111
0.539640
0.611551
0.523689
0.678035
0.477965
0.341532
0.639044
0.896725
0.493420
0.654243
0.853989
0.377067
0.405532
0.347793
0.694315
0.231325
0.325205
0.338731
0.459228
0.220507
0.454882
0.887856
0.415995
0.708705
0.479244
0.311497
0.755097
0.457421
0.381307
0.439442
0.945491
0.620083
0.382958
0.452320
0.514462
0.681958
0.354044
0.634549
0.785423
0.278635
0.253626
0.321818
0.263694
0.639885
0.633799
0.667715
0.890844
0.347616
0.363002
0.608009
0.519793
0.725393
0.550022
0.598771
0.360754
0.366167
0.294016
0.339492
0.392355
0.558996
0.426332
0.198428
0.360523
0.433657
0.417905
0.287107
0.481078
0.382441
0.280807
0.324393
0.393582
0.334011
0.855182
0.256641
0.604629
0.555790
0.357982
0.493369
0.622900
0.507119
0.357516
0.291210
0.229996
0.201304
0.417983
0.421387
0.305728
0.739687
0.394280
0.591475
0.159904
0.499338
0.265059
0.429788
0.494410
0.391859
0.337979
0.685636
0.541183
0.597834
0.796402
0.241742
0.212567
0.593786
0.328151
0.667261
0.350930
0.896395
0.628219
0.537164
0.414639
0.406843
0.429637
0.500951
0.316031
0.401547
0.488386
0.602612
0.382521
0.378649
0.443537
0.381025
0.682301
0.714394
0.508690
0.388764
0.363337
0.305265
0.553706
0.363650
0.414547
0.414156
0.265633
0.561649
0.822050
0.447392
0.949748
0.910930
0.473059
0.674944
0.367965
0.592470
0.267838
0.181671
0.675285
0.569521
0.672242
0.591582
0.373738
0.582570
0.455612
0.418372
0.481900
0.290909
0.453373
0.376277
0.465741
0.525853
0.405406
0.552253
0.798561
0.644236
0.414010
0.760525
0.297966
0.411319
0.419469
0.797834
0.377572
0.453846
0.712205
0.237882
0.572655
0.439366
0.388329
0.925509
0.311727
0.213223
0.477176
0.339333
0.413908
0.511373
0.591355
0.403513
0.464062
0.664427
0.504170
0.176181
0.317714
0.301197
0.220976
0.248269
0.718247
0.424649
0.680960
0.396328
0.424917
0.627947
0.376202
0.564550
0.706601
0.354230
0.504033
0.661756
0.308167
0.779548
0.495513
0.654332
0.322805
0.784252
0.374074
0.173713
0.350469
0.296721
0.277425
0.418255
0.259298
0.177165
0.467297
0.425568
0.628004
0.248647
0.359226
0.485618
0.162977
0.489161
0.535124
0.346740
0.268066
0.555099
0.320689
0.096349
0.513756
0.597955
0.748302
0.460180
0.526225
0.166731
0.817669
0.387431
0.301745
0.212579
0.317432
0.500118
0.236380
0.421360
0.383826
0.264649
0.350008
0.302547
0.267803
0.773022
0.457908
0.437194
0.509451
0.430754
0.264104
0.277733
0.667977
0.458005
0.506096
0.461002
0.240465
0.295189
0.339502
0.359960
0.337724
0.312462
0.346021
0.074168
0.141385
0.440334
0.501238
0.386410
0.274081
0.398431
0.421545
0.295740
0.267895
0.470703
0.595155
0.666942
0.484272
0.888864
0.319199
0.762471
0.543942
0.512299
0.863567
0.587066
0.316653
0.291981
0.477867
0.244606
0.318130
0.778934
0.252717
0.377371
0.245828
0.597651
0.594615
0.485673
0.888720
0.248678
0.309003
0.426307
0.370771
0.239258
0.533075
0.430614
0.528648
0.246754
0.404244
0.373914
0.463429
0.327023
0.279981
0.421114
0.404023
0.373916
0.436040
0.368378
0.571593
0.309734
0.550386
0.596193
0.889973
0.642830
0.575008
0.252179
0.663668
0.427211
0.355140
0.854199
0.257171
0.388264
0.279531
0.219812
0.345609
0.722919
0.605335
0.792436
0.469571
0.299028
0.266393
0.444141
0.520268
0.527985
0.514570
0.818711
0.640001
0.847778
0.914635
0.542454
0.239341
0.457577
0.255927
0.494886
0.580534
0.270860
0.628121
0.621747
0.730687
0.334301
0.480328
0.397079
0.728382
0.862820
0.766570
0.337179
0.700187
0.256139
0.406580
0.214569
0.312567
0.435043
0.276805
0.576247
0.323150
0.420306
0.553312
0.351643
0.802018
0.351615
0.252294
0.387761
0.543588
0.347247
0.339160
0.491040
0.480541
0.403227
0.443729
0.864641
0.360542
0.146691
0.183242
0.412943
0.441166
0.353047
0.689326
0.351362
0.309594
0.554323
0.274455
0.416946
0.339932
0.424130
0.655449
0.605117
0.250447
0.989339
0.330738
0.281359
0.277716
0.587642
0.201597
0.663632
0.565138
0.751909
0.271746
0.211505
0.710496
0.328791
0.463779
0.596844
0.424476
0.408421
0.361348
0.414163
0.687022
0.662257
0.695601
0.626912
0.487989
0.622239
0.313715
0.757129
0.624394
0.843257
0.453773
0.378962
0.402813
0.670992
0.689035
0.710624
0.670429
0.353660
0.280644
0.232680
0.907156
0.239690
0.350393
0.356878
0.461987
0.655786
0.512154
0.490929
0.282879
0.330140
0.458088
0.422453
0.420167
0.322070
0.314399
0.380700
0.690256
0.322648
0.364685
0.487084
0.356168
0.304429
0.430584
0.343891
0.428435
0.513868
0.339803
0.493578
0.532033
0.287863
0.366627
0.609856
0.299746
0.187574
0.205887
0.288940
0.352177
0.614388
0.302452
0.587997
0.583522
0.285476
0.545566
0.416363
0.325023
0.456820
0.527960
0.428611
0.396149
0.437818
0.851282
0.137518
0.350673
0.564529
0.340631
0.508712
0.345363
0.346965
0.649346
0.297677
0.259157
0.655756
0.131961
0.211511
0.424955
0.409523
0.210067
0.796504
0.485546
0.297761
0.447195
0.674574
0.253890
0.472293
0.331034
0.425485
0.328192
0.501827
0.273106
0.560009
0.774896
0.318489
0.467535
0.331582
0.528197
0.608821
0.616639
0.338427
0.241831
0.738581
0.506956
0.347880
0.654212
0.663082
0.662381
0.369099
0.373965
0.505823
0.291929
0.567645
0.782427
0.513392
0.459983
0.633102
0.530865
0.840106
0.718014
0.603605
0.504264
0.541745
0.276757
0.564738
0.778126
0.440361
0.395414
0.574819
0.679590
0.295300
0.404809
0.756717
0.390479
0.285618
0.408803
0.507061
0.374902
0.410852
0.376003
0.346707
0.723628
0.442388
0.182833
0.352733
0.339089
0.433612
0.272632
0.744451
0.539748
0.388709
0.646815
0.401934
0.541299
0.410089
0.434526
0.553422
0.580611
0.517657
0.345126
0.440641
0.190029
0.693906
0.369523
0.680127
0.457845
0.402643
0.438490
0.537528
0.654680
0.554911
0.450984
0.596560
0.532519
0.457414
0.425662
0.318983
0.362728
0.543720
0.166744
0.276471
0.365560
0.324310
0.695807
0.598975
0.310809
0.290028
0.533361
0.716181
0.306389
0.543442
0.209056
0.522067
0.407916
0.352736
0.352941
0.994150
0.395463
0.708403
0.713265
0.490809
0.836940
0.839903
0.471659
0.831145
0.483453
0.376029
0.412040
0.448300
0.218343
0.714823
0.525365
0.554086
0.676450
0.214188
0.470767
0.398368
0.672100
0.383555
0.338858
0.609914
0.221215
0.329464
0.912007
0.356553
0.357513
0.207087
0.874377
0.483888
0.463827
0.453275
0.255970
0.414682
0.653278
0.470455
0.252310
0.522432
0.214087
0.431735
0.985673
0.373619
0.664321
0.424193
0.319544
0.887341
0.227814
0.595869
0.370155
0.396346
0.623378
0.821537
0.651195
0.380233
0.337727
0.408991
0.633697
0.702997
0.276406
0.458087
0.784383
0.429471
0.219028
0.669619
0.268016
0.310033
0.536797
0.353265
0.775397
0.499629
0.414565
0.463002
0.818413
0.349406
0.712208
0.474342
0.266540
0.622737
0.745723
0.601724
0.493161
0.847908
0.544781
0.535561
0.177786
0.328403
0.368514
0.446392
0.347302
0.419056
0.351911
0.288351
0.580757
0.809927
0.565140
0.452152
0.632331
0.619060
0.836119
0.382816
0.415899
0.167534
0.573520
0.357937
0.264053
0.529217
0.460863
0.518817
0.297944
0.397475
0.668357
0.336585
0.495368
0.397430
0.297709
0.317550
0.550497
0.333725
0.433667
0.400343
0.885532
0.480112
0.243933
0.514568
0.371430
0.443235
0.250622
0.338071
0.164748
0.625904
0.208226
0.834802
0.452404
0.791013
0.470567
0.330691
0.370368
0.316738
0.460567
0.516130
0.184986
0.287113
0.486873
0.255248
0.987464
0.401235
0.844448
0.317547
0.255683
0.654613
0.285747
0.494537
0.288029
0.427259
0.256966
0.540159
0.283614
0.537196
0.613458
0.493885
0.373092
0.269451
0.720138
0.804648
0.354729
0.672736
0.323912
0.477363
0.187501
0.225202
0.406258
0.426282
0.428609
0.510577
0.724269
0.553291
0.501077
0.427456
0.271089
0.480514
0.526457
0.478397
0.349912
0.394841
0.241416
0.371700
0.324163
0.372605
0.230921
0.297721
0.241298
0.395314
0.276248
0.615121
0.327238
0.289382
0.518362
0.434115
0.645697
0.623388
0.332484
0.760890
0.124880
0.341686
0.686279
0.643395
0.418612
0.476087
0.896382
0.310919
0.520736
0.551180
0.205385
0.430983
0.599908
0.301890
0.517335
0.521685
0.457456
0.398157
0.319078
0.487913
0.331569
0.237087
0.361846
0.720166
0.589857
0.938893
0.265942
0.424370
0.705817
0.356238
0.421983
0.363779
0.464280
0.282596
0.514354
0.465858
0.535598
0.447681
0.474765
0.356458
0.709963
0.898272
0.511417
0.313332
0.219351
0.385264
0.394648
0.598100
0.628113
0.514209
0.450332
0.843706
0.531667
0.406635
0.249264
0.795972
0.783084
0.657825
0.352424
0.169911
0.428995
0.194894
0.406657
0.202672
0.316611
0.601485
0.282180
0.402575
0.420207
0.509444
0.411804
0.476921
0.420603
0.602380
0.236433
0.502668
0.396475
0.319580
0.603489
0.348049
0.728477
0.476222
0.313788
0.300536
0.322136
0.348227
0.519527
0.470169
0.450277
0.491464
0.373183
0.714978
0.173142
0.323718
0.402041
0.408704
0.566604
0.413956
0.536199
0.468066
0.519429
0.449723
0.356978
0.635403
0.347629
0.398040
0.648679
0.295708
0.304871
0.562400
0.369975
0.621309
0.787757
0.298004
0.429691
0.526515
0.330656
0.225082
0.438829
0.421421
0.619271
0.466757
0.548162
0.275868
0.654974
0.546220
0.400459
0.905509
0.429318
0.653341
0.360907
0.822499
0.322468
0.317674
0.387528
0.505326
0.409685
0.482637
0.616203
0.352680
0.602291
0.208143
0.391445
0.278783
0.944377
0.967607
0.731120
0.363906
0.439870
0.362095
0.364626
0.201778
0.505152
0.725571
0.445062
0.264135
0.343615
0.408296
0.461393
0.321857
0.298732
0.333871
0.312299
0.399671
0.208890
0.403809
0.310078
0.274856
0.289776
0.251250
0.256346
0.455034
0.472845
0.698429
0.378211
0.651424
0.462669
0.253057
0.262895
0.457380
0.294572
0.610524
0.414111
0.263060
0.281815
0.296029
0.790580
0.721557
0.459760
0.375640
0.630284
0.590540
0.335992
0.313789
0.685720
0.623438
0.609868
0.407373
0.284660
0.470505
0.432356
0.519768
0.376129
0.275617
0.348955
0.871094
0.269179
0.587426
0.410774
0.257226
0.443362
0.487680
0.385098
0.578028
0.361607
0.710228
0.395668
0.415147
0.317474
0.495803
0.423239
0.845992
0.227185
0.291086
0.621005
0.368746
0.432618
0.543516
0.298275
0.308468
0.479075
0.349634
0.531951
0.486527
0.444282
0.665198
0.758312
0.278244
0.662791
0.202762
0.473612
0.457995
0.199083
0.445797
0.141116
0.265200
0.616505
0.498544
0.564653
0.257642
0.393866
0.292653
0.584957
0.727320
0.489072
0.592620
0.471803
0.192718
0.256480
0.300413
0.573390
0.687594
0.503003
0.287854
0.550174
0.665470
0.767800
0.455371
0.336870
0.333651
0.289624
0.307920
0.482638
0.346125
0.713442
0.492381
0.159452
0.394904
0.511130
0.595745
0.424203
0.366936
0.587354
0.306016
0.222519
0.525964
0.344463
0.520827
0.481262
0.339029
0.580729
0.694258
0.797336
0.497625
0.374080
0.471839
0.408233
0.281689
0.483586
0.502283
0.344439
0.653243
0.335817
0.605430
0.604922
0.629502
0.456638
0.579559
0.397689
0.267201
0.697779
0.836774
0.714230
0.343519
0.200486
0.996972
0.193990
0.578435
0.331889
0.307202
0.275065
0.485165
0.484225
0.356547
0.551705
0.682001
0.583759
0.233923
0.442946
0.407757
0.389032
0.271725
0.405201
0.329018
0.297643
0.392090
0.284309
0.459779
0.395500
0.604502
0.501450
0.813902
0.669298
0.328724
0.885009
0.323809
0.600155
0.558108
0.454851
0.544991
0.766251
0.342636
0.293590
0.521408
0.524644
0.569797
0.536996
0.510037
0.379234
0.426392
0.359337
0.952756
0.398276
0.292424
0.101053
0.659222
0.242587
0.367815
0.227116
0.424417
0.484324
0.368044
0.616985
0.386778
0.618361
0.303959
0.626790
0.526854
0.771249
0.382654
0.675500
0.347589
0.435167
0.373823
0.725484
0.093779
0.546686
0.322216
0.428029
0.680662
0.372116
0.711553
0.453651
0.684682
0.563550
0.583088
0.726282
0.541927
0.303675
0.634694
0.802012
0.303636
0.213543
0.653584
0.502198
0.416882
0.510735
0.297235
0.420989
0.709961
0.372324
0.557023
0.593740
0.446402
0.440522
0.528411
0.636728
0.563744
0.500982
0.545423
0.236025
0.596086
0.600638
0.279245
0.328060
0.374187
0.258176
0.474264
0.216840
0.599401
0.382891
0.712315
0.712490
0.822003
0.745499
0.357591
0.202000
0.312831
0.451760
0.216039
0.526120
0.531023
0.378563
0.402394
0.537981
0.531156
0.295001
0.318423
0.275613
0.605599
0.368095
0.161806
0.298416
0.461990
0.218488
0.393570
0.479134
0.299598
0.271323
0.497273
0.262705
0.643679
0.553706
0.306173
0.232150
0.552934
0.691775
0.882959
0.684040
0.461890
0.310150
0.396196
0.714853
0.438723
0.324940
0.608765
0.475141
0.553707
0.383535
0.595571
0.484135
0.531453
0.595206
0.475256
0.478586
0.405186
0.435098
0.461581
0.612490
0.454005
0.517373
0.433819
0.253565
0.343903
0.454037
0.462596
0.428342
0.562985
0.493216
0.399187
0.161240
0.792781
0.650176
0.468891
0.150420
0.292077
0.411288
0.582932
0.583240
0.420633
0.493029
0.427872
0.287719
0.550695
0.264733
0.381328
0.668917
0.211729
0.816684
0.319315
0.559442
0.692052
0.776320
0.909294
0.539458
0.839085
0.578551
0.359611
0.200697
0.299472
0.748560
0.471446
0.414163
0.527847
0.843194
0.610987
0.379524
0.537830
0.399781
0.745311
0.226301
0.616782
0.577948
0.652465
0.596642
0.600187
0.376865
0.183826
0.453356
0.650726
0.359520
0.392870
0.316603
0.565240
0.293949
0.469106
0.342583
0.209030
0.440080
0.366454
0.964362
0.557820
0.548059
0.241926
0.365530
0.702483
0.429134
0.515669
0.682017
0.513287
0.228417
0.375892
0.362304
0.643808
0.560009
0.393703
0.447799
0.293436
0.469966
0.466594
0.512328
0.306302
0.293432
0.574519
0.560101
0.485171
0.795564
0.352770
0.429706
0.273098
0.426922
0.357717
0.618238
0.409461
0.565135
0.471335
0.633956
0.553734
0.748537
0.479312
0.353798
0.254129
0.317673
0.378897
0.539675
0.345796
0.339569
0.229743
0.548047
0.513070
0.462998
0.347108
0.451120
0.303609
0.430938
0.585159
0.703674
0.355657
0.441992
0.484083
0.317270
0.483491
0.162952
0.625812
0.387409
0.493626
0.291231
0.339425
0.888731
0.523853
0.217490
0.439282
0.233339
0.228031
0.371994
0.429846
0.517526
0.362019
0.344813
0.521670
0.554661
0.161486
0.399488
0.519159
0.330961
0.227386
0.439844
0.336970
0.599275
0.501030
0.544728
0.333705
0.407158
0.547688
0.578669
0.255597
0.305161
0.461044
0.357170
0.361113
0.407319
0.610936
0.506264
0.407877
0.622730
0.678217
0.777280
0.428179
0.449044
0.197007
0.423191
0.210706
0.179516
0.295425
0.608781
0.576158
0.187010
0.664522
0.541356
0.315732
0.572391
0.514084
0.357971
0.509529
0.510422
0.704665
0.247990
0.709307
0.434864
0.450012
0.449676
0.368239
0.854160
0.602514
0.282915
0.289349
0.200244
0.738305
0.569701
0.622355
0.304861
0.506816
0.544450
0.183332
0.722358
0.308817
0.337685
0.376168
0.247327
0.393845
0.260867
0.479232
0.736183
0.577287
0.220325
0.480885
0.325788
0.391818
0.411618
0.423036
0.242568
0.300082
0.582217
0.977194
0.235020
0.539018
0.352409
0.404998
0.562651
0.413920
0.593936
0.538788
0.208416
0.326686
0.365398
0.606297
0.404811
0.442821
0.301306
0.409159
0.600065
0.409749
0.527261
0.690746
0.231281
0.319411
0.756314
0.318913
0.502230
0.436067
0.434505
0.763081
0.674620
0.287920
0.312998
0.303437
0.466300
0.539985
0.510670
0.350081
0.283082
0.390485
0.276191
0.819955
0.894941
0.499629
0.610727
0.468721
0.602029
0.325850
0.218841
0.453723
0.314116
0.629594
0.242591
0.419841
0.557465
0.390571
0.619138
0.511382
0.330885
0.476727
0.355059
0.387847
0.745983
0.245873
0.451330
0.644992
0.460756
0.209014
0.265687
0.635702
0.246678
0.722772
0.550056
0.584949
0.300583
0.616911
0.242572
0.623714
0.406345
0.482855
0.526432
0.377188
0.216574
0.325173
0.273071
0.225677
0.406853
0.254243
0.339384
0.546003
0.241417
0.584633
0.890835
0.353651
0.618284
0.290681
0.494896
0.272153
0.397197
0.345010
0.385778
0.434348
0.376139
0.291152
0.597811
0.702924
0.703638
0.424502
0.317971
0.763445
0.407319
0.642966
0.387833
0.381237
0.457249
0.807906
0.539748
0.489001
0.304409
0.509457
0.809603
0.242311
0.599241
0.368513
0.320777
0.342542
0.414665
0.510750
0.479178
0.702475
0.460599
0.646864
0.382970
0.406203
0.330544
0.484640
0.646105
0.506461
0.521763
0.709465
0.682430
0.275493
0.410504
0.384396
0.343911
0.197417
0.201320
0.827252
0.389996
0.593763
0.911649
0.314699
0.607880
0.570462
0.742649
0.417105
0.634575
0.388271
0.658298
0.555732
0.418147
0.349737
0.552539
0.286028
0.842215
0.569255
0.335756
0.611842
0.319513
0.217661
0.956657
0.251306
0.306104
0.829222
0.402092
0.637152
0.415292
0.623816
0.587745
0.680244
0.539774
0.390827
0.870856
0.473352
0.674786
0.565240
0.278157
0.424562
0.288052
0.318876
0.471794
0.189867
0.563929
0.307007
0.646027
0.984584
0.769947
0.830735
0.245752
0.483812
0.671956
0.691722
0.533826
0.407319
0.354567
0.498152
0.672778
0.211093
0.608554
0.888864
0.731382
0.601574
0.318983
0.215617
0.370936
0.377181
0.360831
0.415402
0.652794
0.629701
0.671530
0.328482
0.380698
0.354048
0.283273
0.270935
0.863809
0.313363
0.497246
0.389245
0.418822
0.276644
0.341023
0.605411
0.523636
0.694297
0.707988
0.404767
0.782419
0.281904
0.692629
0.614506
0.474526
0.504074
0.368414
0.464139
0.311385
0.618432
0.458653
0.382624
0.281392
0.493152
0.745401
0.139483
0.316315
0.444616
0.622695
0.477118
0.275661
0.865017
0.305732
0.377553
0.577420
0.339726
0.242676
0.354109
0.561521
0.393447
0.237721
0.202816
0.495119
0.306113
0.203644
0.576848
0.519191
0.613731
0.288681
0.349007
0.740085
0.436620
0.550040
0.360130
0.533522
0.357580
0.318268
0.722764
0.755808
0.184308
0.502782
0.296483
0.451321
0.624817
0.469194
0.370644
0.882895
0.571207
0.422721
0.425631
0.276290
0.773225
0.375007
0.499787
0.136960
0.304650
0.222562
0.389818
0.340909
0.431072
0.517423
0.366895
0.248895
0.237948
0.357164
0.589283
0.417670
0.749179
0.625099
0.353049
0.402389
0.908079
0.362861
0.796750
0.566356
0.492287
0.703321
0.377275
0.480816
0.383475
0.391109
0.405406
0.356759
0.272863
0.384380
0.735038
0.547215
0.716681
0.403069
0.614668
0.278335
0.248728
0.924529
0.660180
0.358081
0.258710
0.457597
0.404725
0.232779
0.369077
0.403512
0.517239
0.361650
0.461270
0.322965
0.355809
0.422913
0.279367
0.437248
0.839063
0.316122
0.173318
0.499983
0.496790
0.206022
0.694519
0.714055
0.362530
0.570608
0.589917
0.249260
0.337864
0.479223
0.562867
0.328674
0.408317
0.437060
0.387567
0.660207
0.250046
0.361496
0.677844
0.946911
0.320301
0.204901
0.447279
0.320347
0.431019
0.284452
0.527094
0.148629
0.721420
0.423568
0.447601
0.614188
0.628860
0.766304
0.284089
0.346875
0.536797
0.519232
0.725434
0.327995
0.619476
0.241645
0.370922
0.322246
0.236665
0.527554
0.508512
0.553054
0.372430
0.375195
0.357023
0.478997
0.225489
0.270217
0.490957
0.330817
0.591837
0.302118
0.532434
0.798122
0.478546
0.553382
0.704124
0.366969
0.653192
0.376762
0.143876
0.629652
0.646631
0.336831
0.627338
0.866520
0.577235
0.488879
0.404866
0.319491
0.112809
0.689715
0.372840
0.394868
0.482294
0.537647
0.285556
0.309657
0.341342
0.157460
0.374425
0.500470
0.352640
0.548572
0.288532
0.434203
0.301490
0.545134
0.316799
0.338442
0.376833
0.407992
0.476935
0.716945
0.881736
0.573460
0.857239
0.516522
0.932649
0.191511
0.612541
0.238525
0.358902
0.284554
0.326416
0.270524
0.233590
0.617439
0.472553
0.427659
0.217460
0.434149
0.315892
0.359257
0.608450
0.314985
0.339085
0.479515
0.579527
0.450261
0.300405
0.248733
0.349260
0.666495
0.627514
0.416373
0.446140
0.216514
0.577334
0.421081
0.509160
0.302318
0.284915
0.602524
0.536550
0.359222
0.800077
0.292083
0.857779
0.596783
0.545901
0.941116
0.519861
0.386865
0.358895
0.570223
0.510103
0.374671
0.544732
0.277859
0.545856
0.389149
0.373989
0.480556
0.999772
0.285783
0.344592
0.416548
0.605668
0.425070
0.514150
0.491330
0.667785
0.471775
0.335441
0.400720
0.271175
0.399695
0.286486
0.198808
0.412247
0.340569
0.359102
0.488651
0.355446
0.288691
0.430553
0.388971
0.370220
0.465958
0.314066
0.745025
0.441740
0.641302
0.481521
0.355576
0.520455
0.437161
0.317221
0.364695
0.436042
0.292560
0.431447
0.289727
0.323928
0.749856
0.504742
0.404758
0.406498
0.521376
0.573338
0.415795
0.442805
0.418646
0.535439
0.669940
0.150710
0.305844
0.359787
0.338025
0.414728
0.443103
0.366205
0.330504
0.472131
0.950473
0.633782
0.424242
0.937284
0.391554
0.293695
0.230120
0.436533
0.869479
0.455604
0.376999
0.361109
0.457186
0.440780
0.500842
0.531753
0.465829
0.487483
0.331369
0.325455
0.618643
0.602158
0.562268
0.412231
0.520670
0.568417
0.331957
0.438660
0.416353
0.360124
0.521919
0.588864
0.333172
0.528791
0.376437
0.357128
0.458827
0.334082
0.454960
0.464318
0.751395
0.412373
0.445580
0.327312
0.445586
0.405392
0.289546
0.443541
0.334819
0.550154
0.453686
0.321295
0.477452
0.814525
0.337651
0.392332
0.627247
0.449155
0.291540
0.459919
0.630435
0.690923
0.624420
0.690615
0.143894
0.327768
0.663963
0.387109
0.415563
0.735303
0.793523
0.308572
0.691584
0.585977
0.663027
0.276941
0.370132
0.172188
0.369349
0.448247
0.363713
0.608052
0.336299
0.498072
0.688630
0.418162
0.683324
0.113563
0.404747
0.546992
0.572056
0.141256
0.848500
0.347116
0.173396
0.307813
0.452526
0.302437
0.940608
0.185577
0.565818
0.435293
0.802645
0.772807
0.234905
0.435129
0.474120
0.253097
0.367181
0.354003
0.572757
0.594686
0.147511
0.407835
0.607369
0.289244
0.669415
0.553660
0.336936
0.450895
0.375919
0.316503
0.454442
0.465171
0.233167
0.478199
0.270363
0.529472
0.542368
0.491285
0.525795
0.571734
0.347289
0.506216
0.469970
0.447981
0.192799
0.541467
0.485629
0.570086
0.939350
0.494050
0.299720
0.375791
0.349564
0.722606
0.399996
0.398499
0.480476
0.474114
0.487130
0.247031
0.737565
0.380483
0.530805
0.265262
0.616605
0.376653
0.991788
0.571318
0.948637
0.319779
0.679533
0.650448
0.117795
0.348882
0.480893
0.340546
0.332072
0.441314
0.226841
0.387775
0.431831
0.375309
0.393900
0.722110
0.312200
0.734992
0.556726
0.343814
0.735595
0.359636
0.535207
0.231965
0.703278
0.592817
0.132313
0.258906
0.376039
0.321771
0.588539
0.449189
0.275237
0.718815
0.364058
0.562614
0.659949
0.552767
0.458380
0.225105
0.434202
0.490338
0.800842
0.621172
0.584933
0.567031
0.754821
0.272428
0.437840
0.790614
0.703128
0.815460
0.697176
0.330471
0.386710
0.448203
0.670361
0.609006
0.909204
0.536753
0.593436
0.255731
0.318305
0.283795
0.421371
0.392685
0.583024
0.500338
0.383656
0.304268
0.277527
0.201823
0.409130
0.353656
0.318301
0.855062
0.354263
0.855770
0.262832
0.382152
0.505718
0.312279
0.431143
0.386297
0.491242
0.321652
0.891254
0.334610
0.812243
0.489680
0.639615
0.414984
0.274171
0.381134
0.178551
0.243168
0.543496
0.542828
0.678414
0.547386
0.374050
0.312950
0.298334
0.634515
0.431732
0.236459
0.426433
0.350701
0.454894
0.647326
0.335116
0.444947
0.353807
0.293693
0.218233
0.449758
0.541547
0.327343
0.546916
0.506261
0.613063
0.220428
0.888555
0.754976
0.388024
0.467808
0.426834
0.247890
0.243681
0.445275
0.488550
0.506487
0.456593
0.271665
0.188937
0.272020
0.519617
0.144320
0.197007
0.600928
0.808602
0.469340
0.294003
0.404247
0.932403
0.493713
0.532198
0.453938
0.355477
0.772811
0.404684
0.711601
0.439675
0.423661
0.659621
0.273939
0.309061
0.352442
0.337849
0.486652
0.365561
0.576561
0.630344
0.420301
0.254546
0.421818
0.267373
0.432241
0.244279
0.198612
0.538985
0.316244
0.449810
0.637965
0.497326
0.422311
0.277512
0.469032
0.240234
0.412777
0.399829
0.843608
0.588000
0.414483
0.486543
0.517460
0.295660
0.272077
0.251013
0.251217
0.361672
0.415543
0.333059
0.776143
0.901134
0.521955
0.458628
0.853157
0.425400
0.478271
0.698208
0.375796
0.460213
0.816336
0.229573
0.289786
0.613848
0.328910
0.918872
0.414120
0.761908
0.391082
0.461920
0.451556
0.455731
0.625223
0.630594
0.543346
0.433855
0.450765
0.352546
0.308685
0.300060
0.824932
0.735981
0.548344
0.332881
0.860420
0.483093
0.449133
0.228031
0.556383
0.520671
0.311353
0.429774
0.475757
0.386671
0.283661
0.431583
0.433915
0.553158
0.411820
0.621113
0.559116
0.723037
0.384428
0.221822
0.158019
0.334096
0.774442
0.967538
0.815637
0.300214
0.329786
0.253671
0.672540
0.217754
0.488355
0.883911
0.641969
0.282036
0.334699
0.294534
0.382144
0.499016
0.724647
0.489205
0.600848
0.437147
0.504232
0.559904
0.490478
0.357639
0.527902
0.537163
0.307239
0.429761
0.204566
0.525090
0.482731
0.551991
0.298473
0.400522
0.263733
0.244963
0.408170
0.371008
0.245020
0.924111
0.579227
0.618840
0.545669
0.710323
0.389808
0.455529
0.358496
0.568678
0.115633
0.306850
0.304499
0.252550
0.511833
0.515242
0.804310
0.633526
0.656775
0.303005
0.373518
0.420270
0.378813
0.604128
0.443359
0.252610
0.439507
0.059018
0.660229
0.541887
0.470536
0.448183
0.695752
0.340385
0.277771
0.646176
0.312274
0.689412
0.518791
0.803756
0.436904
0.225449
0.632982
0.571550
0.242640
0.243243
0.400708
0.312823
0.472798
0.420736
0.280962
0.409986
0.367767
0.231758
0.427405
0.209473
0.543805
0.636965
0.520292
0.484925
0.305572
0.380665
0.430075
0.415585
0.355392
0.780906
0.262361
0.484816
0.543165
0.336819
0.379472
0.902940
0.278576
0.454067
0.609832
0.375759
0.385738
0.370579
0.496373
0.473433
0.369364
0.314420
0.423858
0.422051
0.321155
0.496695
0.496270
0.663568
0.621836
0.424163
0.614235
0.722085
0.476377
0.718196
0.455268
0.985855
0.439488
0.668447
0.688821
0.368651
0.390265
0.357079
0.380367
0.306464
0.187352
0.489933
0.187577
0.275704
0.534947
0.664389
0.277294
0.520302
0.325624
0.404974
0.435447
0.261250
0.423213
0.246818
0.524320
0.642757
0.790109
0.299275
0.384335
0.411027
0.674348
0.459073
0.242191
0.567219
0.365201
0.260135
0.510258
0.289422
0.612154
0.309585
0.338690
0.440296
0.369708
0.492535
0.423161
0.606396
0.352631
0.690294
0.524046
0.670866
0.380143
0.735141
0.757976
0.564543
0.446532
0.430794
0.357606
0.451582
0.452188
0.476731
0.488200
0.844306
0.755299
0.742221
0.395356
0.703321
0.640842
0.327926
0.421975
0.499392
0.428705
0.628596
0.296480
0.505257
0.219429
0.200154
0.240700
0.349517
0.679292
0.265044
0.435007
0.322708
0.295233
0.422272
0.353180
0.379874
0.732189
0.141771
0.391202
0.567887
0.484854
0.311598
0.412387
0.363576
0.328498
0.605238
0.411864
0.506690
0.438373
0.462365
0.656580
0.350756
0.413919
0.664700
0.360822
0.621327
0.255040
0.445964
0.576825
0.259817
0.662921
0.328410
0.505170
0.429446
0.379999
0.388387
0.377214
0.585170
0.304527
0.342660
0.435379
0.354439
0.350418
0.592827
0.957840
0.519405
0.318845
0.395057
0.536859
0.288908
0.279497
0.624217
0.524848
0.548954
0.435040
0.361010
0.335481
0.423287
0.640721
0.579087
0.540243
0.211416
0.581641
0.654758
0.520764
0.285650
0.366681
0.997966
0.502226
0.528129
0.281921
0.533058
0.276849
0.386661
0.495771
0.452675
0.682227
0.398108
0.351773
0.492692
0.779283
0.447828
0.318398
0.332836
0.394479
0.437252
0.388966
0.428548
0.997087
0.218188
0.385696
0.450699
0.324501
0.447431
0.370972
0.254190
0.705349
0.387095
0.342035
0.485286
0.453866
0.376358
0.558017
0.510985
0.205367
0.242355
0.450355
0.399762
0.360375
0.474843
0.584662
0.550698
0.794064
0.620533
0.489265
0.871304
0.495977
0.517451
0.389996
0.205122
0.269779
0.472798
0.313715
0.821565
0.409109
0.176869
0.891041
0.422226
0.267036
0.405600
0.619652
0.526325
0.371392
0.074080
0.829995
0.472368
0.261386
0.591536
0.656409
0.578691
0.600898
0.785661
0.454710
0.451454
0.317662
0.456534
0.399046
0.208904
0.348329
0.595907
0.213337
0.537195
0.624170
0.381876
0.357458
0.306962
0.468771
0.241918
0.516702
0.394805
0.297875
0.287474
0.677593
0.362532
0.340467
0.231681
0.488096
0.900672
0.639159
0.474732
0.518051
0.354124
0.184374
0.609119
0.613508
0.675012
0.577287
0.261753
0.576759
0.359179
0.138091
0.256961
0.459768
0.307608
0.298939
0.470617
0.756848
0.541628
0.932571
0.321998
0.599765
0.844152
0.550653
0.585525
0.515319
0.370576
0.804643
0.603615
0.240266
0.374072
0.237723
0.452558
0.567187
0.939006
0.198122
0.752637
0.269776
0.481677
0.553854
0.533455
0.615652
0.627548
0.457528
0.389686
0.325846
0.356788
0.272998
0.811508
0.265332
0.575104
0.648909
0.459657
0.850359
0.287761
0.425388
0.561116
0.431289
0.579783
0.420282
0.411436
0.525754
0.367094
0.747231
0.550854
0.477967
0.264945
0.303778
0.535964
0.355600
0.768099
0.469374
0.348655
0.383475
0.304556
0.669088
0.213469
0.650347
0.557770
0.245968
0.610884
0.731970
0.171901
0.323228
0.474203
0.526631
0.445907
0.138426
0.592768
0.322938
0.673869
0.343809
0.510781
0.406873
0.278878
0.285482
0.360159
0.337636
0.622956
0.383398
0.351200
0.459524
0.488142
0.441765
0.416789
0.517623
0.350589
0.353039
0.770220
0.143240
0.333399
0.273434
0.449926
0.442025
0.225644
0.643956
0.582704
0.664613
0.573244
0.364300
0.363898
0.619330
0.423014
0.629506
0.239442
0.414935
0.528522
0.280287
0.364419
0.279179
0.445747
0.852091
0.381630
0.261173
0.160733
0.275486
0.389326
0.484538
0.254749
0.373030
0.263286
0.595376
0.677478
0.353517
0.295028
0.848734
0.724633
0.497416
0.674139
0.509836
0.375853
0.362921
0.766994
0.303307
0.660229
0.671266
0.672442
0.551670
0.385354
0.267997
0.333809
0.258697
0.424636
0.441204
0.244149
0.465365
0.937252
0.218086
0.506559
0.196691
0.943631
0.685617
0.112308
0.211397
0.393223
0.874137
0.422850
0.476797
0.260710
0.268682
0.823980
0.283438
0.368849
0.769028
0.374213
0.519644
0.455770
0.293514
0.157482
0.248236
0.129341
0.528899
0.275434
0.493441
0.337276
0.469406
0.318135
0.339176
0.932757
0.679576
0.470622
0.257289
0.332513
0.343070
0.384291
0.446070
0.383471
0.356365
0.771246
0.409411
0.292503
0.240435
0.193665
0.291953
0.689255
0.660943
0.195252
0.454728
0.499753
0.477902
0.381424
0.237679
0.458072
0.807328
0.145539
0.766194
0.440384
0.220101
0.659714
0.396454
0.668670
0.497163
0.558681
0.373228
0.499400
0.427714
0.251292
0.506871
0.233213
0.150047
0.572366
0.922232
0.332795
0.434971
0.235070
0.262606
0.432791
0.337710
0.588472
0.329319
0.432428
0.826858
0.351065
0.272762
0.565187
0.518681
0.243310
0.327910
0.496437
0.483302
0.437285
0.444247
0.398678
0.935562
0.547741
0.262893
0.683068
0.216783
0.490265
0.523223
0.303512
0.405747
0.492342
0.673054
0.452705
0.452787
0.243765
0.424009
0.524993
0.396962
0.471418
0.597970
0.421845
0.627107
0.509271
0.427746
0.763241
0.529376
0.582689
0.588431
0.445947
0.335420
0.504755
0.574069
0.221131
0.590978
0.414846
0.431991
0.226297
0.519949
0.588754
0.433783
0.767207
0.586476
0.812913
0.493852
0.704800
0.250653
0.336788
0.324060
0.427436
0.450385
0.366579
0.595713
0.396181
0.577819
0.606348
0.522680
0.400578
0.883258
0.249516
0.310777
0.622061
0.805575
0.164377
0.268780
0.461709
0.338428
0.348246
0.369587
0.288318
0.455985
0.366831
0.502159
0.707882
0.522365
0.480148
0.415144
0.414559
0.421701
0.370453
0.512208
0.489101
0.554498
0.800799
0.679755
0.465305
0.579333
0.548549
0.574525
0.721750
0.784573
0.852769
0.504882
0.300728
0.541994
0.730604
0.313741
0.599119
0.541455
0.583592
0.421631
0.329021
0.533399
0.656476
0.658405
0.261012
0.247650
0.573747
0.314962
0.297639
0.254633
0.532717
0.307499
0.243365
0.416015
0.606436
0.686231
0.457608
0.508307
0.307597
0.454322
0.276550
0.444369
0.395818
0.312440
0.536068
0.431239
0.656365
0.307040
0.420018
0.410524
0.559457
0.391907
0.390530
0.424847
0.511256
0.379917
0.520004
0.354636
0.477339
0.355064
0.464649
0.424731
0.745793
0.820091
0.275815
0.457311
0.523689
0.240232
0.602155
0.362951
0.979214
0.444194
0.424760
0.495759
0.294894
0.483176
0.591417
0.521203
0.371728
0.344723
0.188626
0.488407
0.305927
0.713921
0.379863
0.627978
0.725603
0.680776
0.475724
0.682006
0.654263
0.367374
0.655934
0.313391
0.609593
0.757196
0.674998
0.395760
0.187403
0.332004
0.645564
0.229471
0.571267
0.176720
0.494645
0.410917
0.309693
0.617220
0.679243
0.338401
0.419142
0.512096
0.446468
0.638154
0.293461
0.345356
0.285656
0.520095
0.281006
0.538749
0.462323
0.184916
0.388706
0.329858
0.240759
0.255811
0.526939
0.546971
0.855770
0.255475
0.590045
0.320039
0.646142
0.774433
0.394659
0.387246
0.412043
0.471778
0.577034
0.341687
0.626461
0.331626
0.348000
0.651462
0.491449
0.376492
0.414911
0.489138
0.345706
0.470664
0.498976
0.457394
0.238736
0.473512
0.651027
0.438662
0.549711
0.648616
0.661465
0.625475
0.765872
0.324571
0.333090
0.347432
0.471343
0.367403
0.406736
0.877274
0.185152
0.484692
0.235747
0.301253
0.449665
0.303742
0.531052
0.687771
0.518818
0.380340
0.223293
0.567172
0.573612
0.268757
0.233021
0.240619
0.324824
0.761316
0.570875
0.353092
0.574660
0.633433
0.565242
0.830281
0.369596
0.365948
0.505922
0.426697
0.476455
0.218705
0.307309
0.143063
0.257962
0.339556
0.301783
0.345269
0.328294
0.210454
0.521284
0.514748
0.278814
0.363055
0.575413
0.357766
0.485876
0.268940
0.416660
0.304902
0.746420
0.303795
0.594841
0.328497
0.602427
0.335945
0.316990
0.478991
0.564644
0.691584
0.730239
0.306764
0.308230
0.687846
0.264470
0.362063
0.625534
0.272534
0.599511
0.251521
0.285871
0.363072
0.812171
0.197347
0.443299
0.482320
0.512814
0.304260
0.226654
0.675840
0.314645
0.701631
0.953177
0.388878
0.597784
0.471899
0.422103
0.398380
0.515523
0.371732
0.867528
0.430721
0.348266
0.838884
0.424955
0.298482
0.401280
0.412292
0.520480
0.365136
0.488416
0.330006
0.810106
0.518362
0.378806
0.410525
0.562199
0.475834
0.688126
0.253969
0.283956
0.635728
0.236410
0.459322
0.385637
0.751283
0.409246
0.684843
0.305018
0.325963
0.459964
0.526353
0.747644
0.483291
0.374013
0.253875
0.416191
0.368116
0.281453
0.443357
0.576243
0.778503
0.493789
0.176061
0.560408
0.569742
0.475577
0.386182
0.291330
0.381290
0.405779
0.334319
0.305320
0.553731
0.584997
0.250796
0.287205
0.785276
0.527523
0.518461
0.434532
0.543520
0.525814
0.636409
0.436288
0.543918
0.547235
0.802662
0.588304
0.399087
0.272180
0.242241
0.483743
0.260252
0.362548
0.581161
0.296910
0.600116
0.564175
0.633985
0.235337
0.472008
0.469579
0.450121
0.704800
0.559307
0.843672
0.344362
0.607981
0.903191
0.583944
0.704698
0.195749
0.194668
0.433805
0.273795
0.368426
0.504465
0.535823
0.431766
0.369815
0.726921
0.319294
0.427803
0.807532
0.424567
0.411195
0.590088
0.460038
0.546085
0.408521
0.577703
0.677551
0.440633
0.533433
0.409344
0.589155
0.238907
0.517141
0.472217
0.422551
0.436548
0.407150
0.475038
0.308175
0.176939
0.382582
0.382310
0.615412
0.322162
0.259318
0.434438
0.346893
0.275228
0.494341
0.306030
0.533243
0.513990
0.578109
0.488590
0.455763
0.472870
0.442730
0.304147
0.460533
0.508235
0.611842
0.220838
0.338262
0.392276
0.523217
0.294510
0.745801
0.274853
0.919102
0.221580
0.593436
0.721801
0.288532
0.503712
0.419946
0.296553
0.290478
0.534829
0.481129
0.902388
0.405909
0.396705
0.536753
0.429533
0.278021
0.314722
0.958482
0.263251
0.259782
0.279497
0.726618
0.616203
0.203026
0.495656
0.254649
0.696713
0.488885
0.489394
0.641736
0.332740
0.269177
0.205312
0.606065
0.514001
0.393647
0.427349
0.557418
0.580802
0.425872
0.581776
0.822366
0.226249
0.461321
0.645766
0.621942
0.354545
0.389343
0.496701
0.482757
0.569143
0.445131
0.359504
0.340746
0.250328
0.463468
0.537888
0.427892
0.405622
0.527708
0.370099
0.403761
0.371992
0.412736
0.373296
0.362897
0.710885
0.334975
0.585497
0.438766
0.493748
0.689697
0.743925
0.333847
0.562797
0.505562
0.537115
0.182328
0.509265
0.900621
0.234025
0.748210
0.163886
0.641159
0.409718
0.302555
0.535188
0.380052
0.540018
0.594851
0.526622
0.438846
0.664572
0.333733
0.653530
0.460541
0.614757
0.428997
0.384491
0.439076
0.429818
0.811122
0.433530
0.518118
0.695175
0.941287
0.342553
0.475986
0.415876
0.337257
0.644972
0.299235
0.343819
0.443668
0.466418
0.899418
0.545787
0.339959
0.845817
0.419263
0.311345
0.417254
0.366074
0.284215
0.319725
0.439563
0.617295
0.350671
0.443396
0.239341
0.364349
0.306160
0.492901
0.590647
0.616390
0.326138
0.355543
0.445619
0.483815
0.290318
0.502255
0.464415
0.849536
0.384335
0.345646
0.603030
0.558910
0.707348
0.292384
0.509056
0.363635
0.563284
0.567658
0.232246
0.978875
0.430010
0.425610
0.342570
0.122400
0.304577
0.549966
0.563137
0.355037
0.487928
0.642587
0.399814
0.387955
0.548202
0.348685
0.385855
0.425353
0.449723
0.241958
0.394157
0.251775
0.568757
0.452756
0.631978
0.376512
0.627816
0.620247
0.705077
0.574838
0.428427
0.468285
0.200006
0.511257
0.444236
0.381145
0.264415
0.442080
0.415335
0.495312
0.408020
0.446461
0.753054
0.293201
0.501572
0.460138
0.892752
0.382353
0.218640
0.479387
0.338215
0.233920
0.509849
0.187539
0.739280
0.187207
0.580553
0.419057
0.779332
0.514476
0.430575
0.426283
0.769563
0.282790
0.446548
0.888715
0.552015
0.617280
0.435577
0.485743
0.298727
0.459521
0.368377
0.503086
0.522716
0.553189
0.853775
0.365219
0.344285
0.544888
0.635377
0.721414
0.699832
0.404934
0.459924
0.811869
0.330185
0.240210
0.428184
0.292779
0.468202
0.546849
0.926688
0.283643
0.360104
0.420446
0.910494
0.552679
0.458013
0.650466
0.602665
0.559241
0.636349
0.456235
0.365013
0.360925
0.513160
0.613750
0.306926
0.455214
0.430476
0.890803
0.395153
0.607113
0.623439
0.705146
0.453099
0.184113
0.412653
0.548370
0.715719
0.521288
0.326125
0.444623
0.539847
0.619944
0.370748
0.531568
0.570703
0.515949
0.555689
0.728164
0.422758
0.456759
0.432962
0.340753
0.326025
0.501989
0.445473
0.306879
0.347244
0.505316
0.436138
0.364405
0.718330
0.739105
0.798589
0.528600
0.402125
0.308179
0.665739
0.349780
0.374422
0.165582
0.645557
0.476513
0.267325
0.636819
0.292582
0.368965
0.675215
0.735695
0.313745
0.555147
0.301082
0.296038
0.449523
0.671184
0.356628
0.440892
0.560733
0.874854
0.271866
0.479544
0.136591
0.204640
0.337353
0.517410
0.357096
0.721835
0.523966
0.508818
0.861872
0.475793
0.342071
0.465661
0.537164
0.605875
0.198425
0.780360
0.527699
0.460739
0.309061
0.543058
0.438967
0.469584
0.276940
0.321793
0.437552
0.674297
0.236940
0.368812
0.620951
0.363576
0.289671
0.333289
0.253671
0.485785
0.616518
0.245070
0.691911
0.406031
0.869227
0.345094
0.392868
0.350943
0.330864
0.321281
0.382155
0.577283
0.611478
0.605314
0.635029
0.345449
0.570419
0.522774
0.741892
0.329162
0.377419
0.349786
0.225560
0.151103
0.667298
0.248519
0.523587
0.254388
0.562719
0.750223
0.426976
0.541817
0.395590
0.372954
0.304006
0.435564
0.337681
0.544544
0.736432
0.375753
0.330288
0.218898
0.216188
0.594673
0.416052
0.244320
0.340671
0.280983
0.754539
0.412031
0.294794
0.125828
0.930743
0.423548
0.423748
0.296009
0.621673
0.749344
0.395009
0.606114
0.436257
0.394757
0.487807
0.665044
0.455368
0.239841
0.473186
0.601885
0.661334
0.532890
0.074395
0.420468
0.273179
0.280929
0.431769
0.156641
0.340500
0.264792
0.165259
0.683557
0.766829
0.436645
0.470667
0.510603
0.454728
0.359709
0.278670
0.434115
0.755838
0.580356
0.597643
0.267676
0.336249
0.566891
0.364991
0.224729
0.674757
0.655443
0.642987
0.429482
0.693973
0.601267
0.497890
0.315720
0.626122
0.494990
0.789261
0.570159
0.856230
0.484000
0.278167
0.525924
0.389653
0.338415
0.583082
0.527259
0.362594
0.552348
0.380953
0.620603
0.554555
0.693006
0.287273
0.179969
0.171073
0.614803
0.500641
0.158395
0.311571
0.585902
0.855100
0.439633
0.433083
0.382897
0.239135
0.370396
0.780733
0.530218
0.623308
0.940072
0.957066
0.278040
0.437321
0.432891
0.260853
0.274000
0.355742
0.815637
0.565845
0.226916
0.284120
0.584537
0.341737
0.383651
0.463799
0.472577
0.291887
0.500638
0.685137
0.489035
0.390029
0.387555
0.338332
0.452418
0.331154
0.471753
0.253401
0.606846
0.304505
0.702117
0.466524
0.491853
0.424641
0.363072
0.611381
0.441073
0.420914
0.595858
0.602803
0.394673
0.262649
0.643808
0.406857
0.466962
0.596231
0.460305
0.122400
0.224697
0.707452
0.285716
0.527772
0.375042
0.453932
0.665470
0.527243
0.564753
0.523968
0.297067
0.509588
0.640466
0.485110
0.388432
0.403584
0.385388
0.306742
0.256664
0.497013
0.379527
0.490001
0.544927
0.296097
0.301175
0.710129
0.551429
0.393548
0.437864
0.596677
0.708537
0.448978
0.339286
0.732329
0.520086
0.509974
0.367558
0.691110
0.207733
0.630848
0.817995
0.564747
0.829970
0.751027
0.252000
0.485246
0.700523
0.341354
0.395422
0.280094
0.370450
0.515950
0.429208
0.459850
0.867134
0.312911
0.751246
0.383937
0.921355
0.542764
0.194369
0.394846
0.325212
0.313261
0.375605
0.310077
0.561553
0.352663
0.280000
0.342620
0.438621
0.302614
0.439159
0.451926
0.668673
0.631662
0.887974
0.398022
0.473700
0.670491
0.295946
0.292908
0.741579
0.832305
0.638585
0.318448
0.235847
0.226812
0.452016
0.409089
0.258675
0.284335
0.489938
0.627838
0.560387
0.425837
0.992207
0.201786
0.650993
0.401807
0.402479
0.300840
0.541427
0.590214
0.534452
0.276296
0.233343
0.427456
0.472215
0.556518
0.362590
0.351567
0.720036
0.332975
0.293476
0.445509
0.512264
0.429853
0.264648
0.496627
0.345518
0.515887
0.349984
0.483206
0.354692
0.673532
0.452532
0.255637
0.249407
0.473040
0.452748
0.296724
0.404206
0.374345
0.495602
0.372337
0.252066
0.667206
0.280537
0.420063
0.521822
0.438354
0.769212
0.450315
0.494702
0.464673
0.533918
0.278094
0.689858
0.645083
0.944033
0.599110
0.234706
0.293227
0.677958
0.585711
0.800648
0.557091
0.383610
0.293899
0.516787
0.243942
0.810266
0.467671
0.517541
0.446099
0.525228
0.442174
0.501931
0.494310
0.393641
0.482515
0.351347
0.389629
0.398288
0.336050
0.338637
0.360648
0.233276
0.293797
0.388827
0.404515
0.517566
0.451057
0.174060
0.383471
0.723861
0.276037
0.747600
0.691318
0.186058
0.306068
0.773482
0.280445
0.436322
0.355761
0.430839
0.349983
0.503313
0.127146
0.668040
0.442134
0.691344
0.319874
0.500184
0.960529
0.467400
0.832057
0.409828
0.500223
0.360233
0.371045
0.130596
0.889346
0.698010
0.904563
0.378677
0.724711
0.571864
0.510740
0.592116
0.608835
0.562288
0.702793
0.240738
0.467221
0.382762
0.310318
0.287944
0.194002
0.359508
0.443020
0.317228
0.447354
0.535951
0.390700
0.544151
0.860319
0.226074
0.660462
0.616970
0.365008
0.973604
0.549824
0.533572
0.759117
0.444990
0.559229
0.490686
0.388721
0.659572
0.362568
0.746338
0.402729
0.352109
0.707213
0.398469
0.479447
0.335229
0.467832
0.464384
0.530229
0.760986
0.370208
0.549148
0.462527
0.395325
0.927764
0.513774
0.449639
0.260453
0.435666
0.309754
0.279276
0.430283
0.338058
0.510564
0.381180
0.221794
0.376494
0.385315
0.428668
0.403919
0.487927
0.751087
0.478414
0.271526
0.434161
0.550026
0.328237
0.627564
0.745746
0.593824
0.461265
0.532212
0.562670
0.230558
0.134806
0.179969
0.501711
0.381686
0.284697
0.505629
0.633456
0.214134
0.286435
0.564604
0.187663
0.456317
0.554736
0.349110
0.304011
0.642687
0.366725
0.408304
0.626434
0.469618
0.312774
0.497823
0.606335
0.484710
0.529753
0.463343
0.314215
0.445667
0.361995
0.284465
0.166470
0.457083
0.700061
0.574651
0.555546
0.608775
0.501164
0.367461
0.717395
0.407928
0.458528
0.312649
0.319897
0.277823
0.379803
0.518280
0.327686
0.542269
0.499765
0.483534
0.285525
0.595458
0.499401
0.315744
0.414992
0.434642
0.455601
0.684618
0.482732
0.760112
0.717130
0.288928
0.264952
0.177108
0.559129
0.326763
0.535974
0.835685
0.572966
0.613316
0.539951
0.451386
0.534832
0.382019
0.300581
0.436548
0.996763
0.789261
0.431393
0.692779
0.139046
0.276711
0.751655
0.444171
0.326689
0.592387
0.635508
0.665842
0.288333
0.266831
0.687739
0.367892
0.315955
0.265415
0.703359
0.548031
0.653370
0.878977
0.622665
0.823409
0.439088
0.337341
0.388554
0.590985
0.245493
0.429479
0.243601
0.714959
0.506562
0.446282
0.495546
0.449387
0.254260
0.240447
0.869740
0.263225
0.296850
0.270923
0.830030
0.800236
0.325878
0.287845
0.473021
0.719121
0.642945
0.694771
0.478891
0.412350
0.698105
0.331537
0.481636
0.273378
0.383845
0.486235
0.882592
0.931494
0.316997
0.597742
0.515020
0.639006
0.919130
0.351855
0.378618
0.686893
0.618218
0.579256
0.428728
0.673438
0.509474
0.570429
0.744417
0.315577
0.386330
0.404973
0.595209
0.368570
0.259823
0.437542
0.693582
0.294567
0.515874
0.312329
0.406388
0.397776
0.534965
0.346606
0.277456
0.846136
0.616882
0.355794
0.534108
0.268386
0.651445
0.616032
0.236345
0.427153
0.472737
0.559411
0.654274
0.235974
0.332443
0.455966
0.417877
0.473040
0.325069
0.661590
0.152149
0.518310
0.787461
0.377625
0.405448
0.258153
0.191313
0.457025
0.809885
0.678979
0.850314
0.337685
0.232667
0.657672
0.312724
0.305678
0.858076
0.434406
0.650191
0.959127
0.188959
0.301394
0.480611
0.748078
0.648092
0.498986
0.494108
0.478894
0.267123
0.401354
0.482514
0.508559
0.359369
0.195339
0.191125
0.462502
0.531594
0.201445
0.605875
0.380781
0.447172
0.483087
0.296388
0.396391
0.901204
0.386505
0.564082
0.739857
0.347396
0.596298
0.718513
0.568553
0.757665
0.613645
0.515337
0.627577
0.593609
0.749346
0.267996
0.392094
0.339076
0.592351
0.545575
0.309144
0.594694
0.302144
0.566694
0.274038
0.344668
0.428701
0.354732
0.284679
0.433215
0.631535
0.320460
0.439361
0.379793
0.733665
0.457074
0.291066
0.471778
0.531913
0.320781
0.585734
0.803092
0.718877
0.362733
0.444027
0.334961
0.277413
0.139737
0.358029
0.382054
0.481821
0.212883
0.552539
0.378759
0.366423
0.899510
0.394213
0.559190
0.554498
0.438040
0.321872
0.604081
0.601877
0.304918
0.495432
0.440146
0.332170
0.758532
0.547243
0.504803
0.773555
0.355809
0.206740
0.382728
0.296523
0.617964
0.621175
0.654517
0.442255
0.232642
0.344484
0.603578
0.421686
0.316449
0.613304
0.891846
0.284013
0.307161
0.458217
0.707302
0.753115
0.411630
0.610530
0.497539
0.370753
0.258305
0.316554
0.617762
0.351290
0.389053
0.412468
0.461041
0.549792
0.164430
0.458135
0.491945
0.152117
0.457323
0.978876
0.868856
0.744084
0.264711
0.241344
0.160579
0.365310
0.455241
0.252843
0.194013
0.578179
0.524483
0.397073
0.438815
0.356963
0.238087
0.809073
0.520520
0.831605
0.350208
0.572184
0.506096
0.483994
0.684188
0.668446
0.517532
0.406880
0.459328
0.457323
0.446499
0.263146
0.458880
0.760293
0.493941
0.287605
0.526657
0.546327
0.671514
0.646488
0.540456
0.270545
0.646895
0.518207
0.418482
0.381067
0.493806
0.483162
0.402950
0.546085
0.443836
0.491985
0.919374
0.596704
0.508086
0.235253
0.640130
0.343969
0.381007
0.511689
0.542246
0.668928
0.321508
0.273468
0.583899
0.555497
0.595997
0.587640
0.249644
0.939816
0.373940
0.463940
0.177016
0.396374
0.771556
0.377571
0.548686
0.277026
0.362334
0.325923
0.625280
0.472099
0.343703
0.294420
0.999817
0.612445
0.370618
0.479847
0.300616
0.393214
0.414790
0.369294
0.661765
0.732676
0.544108
0.303710
0.441584
0.435857
0.485124
0.409008
0.468708
0.247862
0.303023
0.613555
0.543611
0.552509
0.599905
0.521729
0.458242
0.879347
0.387090
0.362480
0.377009
0.595694
0.637374
0.357177
0.649785
0.315660
0.509839
0.466452
0.767219
0.263507
0.529687
0.306388
0.876729
0.368014
0.653355
0.628857
0.585346
0.458100
0.561853
0.489074
0.289575
0.435585
0.373135
0.374823
0.778554
0.709940
0.608574
0.392995
0.452210
0.807527
0.736745
0.450191
0.239841
0.389691
0.263190
0.458179
0.323079
0.225716
0.414138
0.430936
0.273398
0.291442
0.500651
0.350494
0.693667
0.743674
0.394941
0.516638
0.319628
0.405392
0.518177
0.457457
0.365659
0.404997
0.564025
0.401052
0.234623
0.542066
0.494598
0.483957
0.479917
0.866862
0.551670
0.270762
0.754649
0.765832
0.581100
0.695448
0.562643
0.419017
0.600637
0.471140
0.412648
0.306121
0.414996
0.358242
0.688660
0.897554
0.198808
0.269559
0.276351
0.306340
0.420049
0.340902
0.637457
0.499842
0.525716
0.585257
0.272420
0.482885
0.469522
0.507715
0.620908
0.354546
0.457407
0.394937
0.181419
0.271866
0.441913
0.232889
0.618646
0.491213
0.441145
0.359900
0.736162
0.357756
0.346373
0.431017
0.539870
0.851383
0.492000
0.457172
0.453090
0.596197
0.256952
0.336693
0.473768
0.690615
0.688253
0.343015
0.364762
0.473920
0.434525
0.847191
0.509231
0.267004
0.385163
0.533440
0.222870
0.853547
0.524462
0.230041
0.595396
0.477063
0.378569
0.308610
0.323698
0.622714
0.433962
0.403677
0.428754
0.365995
0.406126
0.386050
0.342531
0.373960
0.658195
0.263145
0.541694
0.510405
0.289483
0.410416
0.839460
0.370066
0.237518
0.490239
0.460930
0.255980
0.424163
0.357967
0.501978
0.338195
0.107173
0.594317
0.605443
0.659462
0.472587
0.448531
0.564290
0.400306
0.642908
0.256659
0.456603
0.430996
0.657442
0.655550
0.456288
0.318121
0.416834
0.269652
0.443646
0.438777
0.375130
0.524353
0.598478
0.230993
0.663573
0.494430
0.604115
0.533535
0.343673
0.701892
0.422782
0.614439
0.726976
0.493549
0.469421
0.422720
0.829653
0.450745
0.582553
0.545000
0.833453
0.789341
0.382817
0.598014
0.312800
0.492533
0.538415
0.501689
0.498713
0.625000
0.229052
0.612022
0.374966
0.600443
0.499814
0.359939
0.539529
0.448701
0.319549
0.683938
0.359101
0.681963
0.725814
0.580990
0.342655
0.293360
0.519444
0.242661
0.556538
0.556642
0.311679
0.336797
0.792903
0.313026
0.491483
0.534349
0.402821
0.344934
0.406959
0.463925
0.332766
0.290782
0.320861
0.179658
0.409634
0.531459
0.383256
0.292399
0.735669
0.726041
0.507932
0.655728
0.634924
0.463691
0.305423
0.171680
0.825269
0.268011
0.468974
0.326915
0.216314
0.353194
0.462150
0.315246
0.432197
0.330398
0.517881
0.449505
0.558595
0.810091
0.415350
0.512502
0.395219
0.448071
0.451089
0.697332
0.132543
0.551984
0.401708
0.252872
0.446671
0.228946
0.235306
0.758020
0.414683
0.385713
0.259247
0.389035
0.784469
0.469110
0.587323
0.659165
0.404622
0.350562
0.413777
0.340931
0.568610
0.336233
0.295935
0.544904
0.748116
0.423729
0.624901
0.331348
0.652889
0.223557
0.516070
0.631412
0.099609
0.386852
0.438376
0.569417
0.544505
0.383960
0.512939
0.566839
0.462949
0.409669
0.336223
0.613731
0.673377
0.458350
0.228215
0.790683
0.550439
0.500984
0.858756
0.486810
0.523133
0.868323
0.506904
0.301411
0.676633
0.739301
0.521442
0.281203
0.647537
0.791184
0.456552
0.704105
0.721801
0.302171
0.671110
0.787214
0.455807
0.301492
0.366772
0.440379
0.309144
0.813957
0.541466
0.364726
0.500985
0.641686
0.456338
0.351862
0.526756
0.366599
0.315734
0.348589
0.299853
0.465070
0.457530
0.762606
0.284889
0.709062
0.331714
0.552313
0.422925
0.327073
0.778847
0.261383
0.505307
0.236292
0.535959
0.779072
0.412826
0.873121
0.331332
0.378925
0.328772
0.615571
0.325434
0.707772
0.496503
0.301016
0.217935
0.463133
0.429704
0.662215
0.414904
0.476831
0.322907
0.355433
0.460333
0.468652
0.620916
0.706762
0.404922
0.261156
0.345670
0.831974
0.784287
0.281261
0.532005
0.193301
0.302177
0.370042
0.286912
0.680433
0.522277
0.328636
0.436678
0.414249
0.495007
0.547479
0.790329
0.750221
0.622104
0.383857
0.272789
0.381342
0.419526
0.643411
0.396292
0.356975
0.203505
0.210283
0.395019
0.239689
0.761236
0.323347
0.315687
0.306248
0.398608
0.634241
0.464727
0.140804
0.216234
0.597158
0.570065
0.386706
0.296536
0.454573
0.344490
0.569306
0.687050
0.599953
0.638266
0.334041
0.190316
0.322172
0.581164
0.377110
0.399811
0.947997
0.640757
0.358212
0.295504
0.369297
0.328771
0.274770
0.403180
0.352583
0.519714
0.300196
0.703325
0.287751
0.492555
0.316212
0.702673
0.131013
0.400504
0.265693
0.679903
0.365004
0.428715
0.471613
0.329904
0.473756
0.634776
0.326331
0.636075
0.422856
0.388141
0.269010
0.352172
0.715484
0.425715
0.585697
0.597726
0.294318
0.188539
0.783461
0.492511
0.120605
0.296862
0.391546
0.349984
0.590991
0.520498
0.366774
0.485796
0.287636
0.275752
0.285293
0.428494
0.383011
0.302831
0.284898
0.293627
0.469270
0.521368
0.350825
0.386044
0.387809
0.368533
0.359599
0.121974
0.622711
0.483029
0.523065
0.365912
0.560872
0.310620
0.388007
0.323259
0.461549
0.297570
0.465362
0.455654
0.422759
0.554705
0.668334
0.322787
0.881074
0.383047
0.711235
0.331908
0.576825
0.626716
0.482387
0.652658
0.444375
0.216314
0.343161
0.303129
0.362265
0.733111
0.683917
0.362662
0.438253
0.206562
0.753133
0.352812
0.461712
0.425538
0.712234
0.547290
0.946812
0.230568
0.704912
0.532551
0.596355
0.505757
0.511512
0.599031
0.560834
0.324380
0.513393
0.653396
0.249181
0.443804
0.553672
0.586149
0.452315
0.365769
0.672001
0.735695
0.326972
0.988846
0.538215
0.384340
0.127529
0.440863
0.268405
0.289625
0.377555
0.563377
0.756640
0.462135
0.773311
0.442196
0.285135
0.543441
0.635869
0.181286
0.742769
0.670124
0.573427
0.422514
0.327800
0.367719
0.713892
0.671031
0.403362
0.684721
0.422956
0.342172
0.250813
0.282598
0.634713
0.596188
0.270320
0.362583
0.430990
0.591199
0.322302
0.331048
0.364846
0.429035
0.279108
0.575552
0.296523
0.703662
0.482393
0.513471
0.155488
0.696713
0.545033
0.346139
0.317188
0.511086
0.144364
0.180696
0.786366
0.267255
0.337288
0.478779
0.770540
0.371732
0.333711
0.405847
0.479204
0.456584
0.448574
0.500722
0.224148
0.479161
0.338535
0.369272
0.380881
0.660430
0.689321
0.712370
0.489034
0.601007
0.353794
0.876351
0.365566
0.859649
0.445947
0.316394
0.282742
0.769886
0.361482
0.302733
0.688114
0.357654
0.441648
0.511973
0.520535
0.419001
0.346488
0.255248
0.923970
0.972144
0.805937
0.622506
0.160309
0.373738
0.435753
0.355540
0.268922
0.498883
0.490128
0.167830
0.363956
0.351384
0.213466
0.357604
0.196410
0.919310
0.297477
0.850024
0.312741
0.495152
0.472649
0.629280
0.598704
0.422777
0.743012
0.430297
0.221910
0.218233
0.654950
0.401108
0.402418
0.721107
0.780169
0.333678
0.330700
0.489588
0.377712
0.284138
0.215102
0.201823
0.630121
0.860365
0.580536
0.482987
0.448478
0.236188
0.453905
0.334495
0.547801
0.293660
0.428549
0.207691
0.183222
0.434230
0.379861
0.416178
0.738042
0.267488
0.321651
0.366506
0.426637
0.669359
0.176672
0.617089
0.847682
0.296019
0.366103
0.375385
0.425485
0.734167
0.624917
0.693078
0.573337
0.249283
0.373215
0.243939
0.415186
0.944555
0.513985
0.645370
0.404256
0.796265
0.490132
0.648294
0.501451
0.431749
0.437577
0.395224
0.683308
0.418055
0.421526
0.513357
0.489750
0.306062
0.775759
0.767110
0.751034
0.583021
0.598955
0.308447
0.296773
0.345677
0.320848
0.537244
0.461890
0.544842
0.693498
0.490868
0.408296
0.483777
0.629173
0.453826
0.526136
0.432526
0.326779
0.604930
0.340924
0.170693
0.334219
0.387277
0.363375
0.344523
0.600537
0.206830
0.316049
0.740721
0.629234
0.226872
0.394043
0.483821
0.240272
0.332285
0.845061
0.400381
0.909314
0.547506
0.527674
0.553185
0.950483
0.462491
0.805221
0.454129
0.321687
0.276850
0.464994
0.312437
0.585503
0.126457
0.372004
0.285024
0.249915
0.509553
0.310507
0.684880
0.268682
0.618089
0.430974
0.613731
0.473429
0.509045
0.317661
0.760957
0.413797
0.432356
0.662877
0.430274
0.339366
0.465401
0.636936
0.472573
0.311405
0.801104
0.609131
0.573815
0.717893
0.414884
0.623649
0.468034
0.393319
0.294930
0.407721
0.406320
0.315682
0.777514
0.746392
0.527137
0.370113
0.505293
0.400616
0.397365
0.373917
0.532118
0.389436
0.474176
0.223185
0.323721
0.607899
0.720829
0.240390
0.287835
0.389350
0.599115
0.393068
0.173258
0.698059
0.692270
0.671573
0.830752
0.420715
0.237217
0.164915
0.484998
0.349005
0.225473
0.293535
0.383106
0.319902
0.359320
0.501611
0.414555
0.459347
0.445372
0.535082
0.411120
0.567710
0.498224
0.273306
0.173461
0.564668
0.419515
0.349113
0.468734
0.450829
0.393711
0.275748
0.667970
0.407838
0.402611
0.404736
0.420581
0.336046
0.635647
0.701287
0.179190
0.940694
0.288135
0.618099
0.382912
0.437894
0.348348
0.381945
0.442304
0.381319
0.630643
0.272495
0.369397
0.282821
0.789816
0.495007
0.192209
0.432518
0.710324
0.389313
0.267526
0.269023
0.668072
0.760084
0.234818
0.477743
0.529793
0.414627
0.505681
0.328525
0.497328
0.227620
0.839775
0.507900
0.263963
0.328982
0.555387
0.549531
0.647749
0.434562
0.408696
0.745115
0.503534
0.574061
0.325401
0.395250
0.573390
0.208299
0.343611
0.156758
0.397332
0.580055
0.550914
0.292114
0.440816
0.495407
0.552940
0.465233
0.430360
0.376178
0.787398
0.308365
0.354450
0.594707
0.471918
0.680077
0.644907
0.420957
0.449448
0.999686
0.341142
0.625796
0.406982
0.606944
0.455328
0.643550
0.607780
0.640494
0.345777
0.710691
0.197257
0.823481
0.428179
0.345666
0.489451
0.371438
0.696691
0.585784
0.511228
0.293536
0.664098
0.331663
0.795971
0.428174
0.392610
0.313595
0.142848
0.151835
0.344525
0.175754
0.450278
0.589686
0.429396
0.525286
0.372023
0.510941
0.557941
0.297193
0.278595
0.794609
0.643439
0.165601
0.269209
0.278692
0.429759
0.085640
0.406596
0.557075
0.668789
0.243020
0.574862
0.263865
0.562949
0.455334
0.441694
0.659850
0.494765
0.611950
0.647125
0.733030
0.485684
0.428527
0.221024
0.236556
0.634107
0.669112
0.473578
0.189825
0.291125
0.846952
0.530695
0.408534
0.322844
0.504744
0.250779
0.547263
0.602641
0.310078
0.346726
0.431145
0.609615
0.267847
0.477501
0.363227
0.749946
0.271657
0.431817
0.255628
0.393212
0.424595
0.122304
0.652177
0.473664
0.747298
0.302520
0.803879
0.385244
0.272351
0.261450
0.612052
0.283564
0.504679
0.403933
0.424382
0.611496
0.331663
0.677124
0.407618
0.613816
0.345289
0.531019
0.353655
0.659846
0.619202
0.227476
0.574135
0.391051
0.366500
0.438732
0.411257
0.367753
0.741073
0.431584
0.249902
0.485775
0.417280
0.468953
0.367535
0.352849
0.443850
0.482044
0.376529
0.439441
0.217211
0.239514
0.898534
0.580793
0.265069
0.563062
0.640148
0.503224
0.533700
0.432221
0.587833
0.293269
0.246431
0.391866
0.607526
0.512019
0.464537
0.382600
0.521991
0.867396
0.455148
0.247822
0.600695
0.616506
0.463762
0.473336
0.339946
0.342443
0.565932
0.404993
0.342662
0.289728
0.507755
0.404448
0.481471
0.594067
0.427195
0.490595
0.420782
0.227372
0.486877
0.503928
0.361186
0.496554
0.388000
0.597361
0.342766
0.494920
0.557911
0.625975
0.357022
0.329955
0.944424
0.331058
0.398713
0.282752
0.370995
0.511102
0.819343
0.349979
0.296553
0.339246
0.638758
0.221783
0.361611
0.387842
0.250862
0.492557
0.383425
0.278690
0.502646
0.286058
0.531063
0.627110
0.322655
0.550841
0.344911
0.566428
0.630108
0.443200
0.341732
0.311181
0.773040
0.486950
0.301220
0.801924
0.257034
0.291232
0.405183
0.614272
0.987966
0.677738
0.464503
0.536104
0.301339
0.976898
0.479998
0.987504
0.673661
0.328618
0.680286
0.264742
0.341492
0.236045
0.650466
0.471346
0.417176
0.251139
0.357083
0.380285
0.837212
0.362537
0.331397
0.528421
0.359559
0.462039
0.329489
0.776288
0.458939
0.474746
0.645705
0.423642
0.273403
0.321041
0.538069
0.539654
0.450414
0.463221
0.417787
0.449201
0.724256
0.308948
0.201425
0.767619
0.482400
0.557873
0.284348
0.395610
0.398016
0.243836
0.555018
0.510118
0.497024
0.267775
0.391380
0.647925
0.445285
0.324511
0.328341
0.437194
0.510387
0.362239
0.484108
0.291887
0.463950
0.250227
0.495501
0.525924
0.440165
0.384373
0.751454
0.410763
0.333006
0.332260
0.456590
0.470360
0.469438
0.428869
0.447493
0.323343
0.656031
0.394380
0.602494
0.848040
0.333351
0.469570
0.578934
0.408945
0.479416
0.738173
0.256998
0.203054
0.319486
0.227668
0.596851
0.374716
0.518403
0.689326
0.563307
0.613750
0.685512
0.501726
0.290111
0.401909
0.357728
0.416644
0.465202
0.730229
0.394031
0.257368
0.543625
0.481053
0.273506
0.310152
0.539547
0.483354
0.370541
0.364621
0.339728
0.558134
0.296440
0.327666
0.371836
0.217360
0.417332
0.450743
0.474014
0.586378
0.208919
0.642985
0.315897
0.975439
0.581498
0.597745
0.437242
0.999574
0.585780
0.325554
0.384664
0.406538
0.176634
0.363059
0.247009
0.179372
0.870248
0.492837
0.588000
0.615512
0.906783
0.575196
0.854526
0.594779
0.385815
0.489539
0.602049
0.300588
0.484311
0.407370
0.278411
0.207722
0.659846
0.313707
0.385560
0.467631
0.613546
0.633622
0.672856
0.531954
0.601017
0.543441
0.458219
0.404278
0.462870
0.496857
0.742669
0.122435
0.450536
0.483723
0.306208
0.554210
0.417249
0.476509
0.434984
0.659021
0.485105
0.248769
0.623027
0.534216
0.715763
0.428428
0.428790
0.742005
0.914356
0.949714
0.403557
0.500800
0.495767
0.647783
0.524786
0.743871
0.461902
0.594168
0.491359
0.832871
0.493393
0.217051
0.275060
0.428449
0.318936
0.289602
0.450738
0.539511
0.201963
0.332992
0.319431
0.359037
0.631818
0.947228
0.387114
0.681198
0.735285
0.379238
0.910094
0.677167
0.449716
0.392410
0.492827
0.335977
0.614253
0.508675
0.308076
0.794388
0.604708
0.424920
0.522275
0.475774
0.801510
0.505554
0.406045
0.234127
0.866482
0.597712
0.380664
0.195324
0.524487
0.534740
0.467442
0.746427
0.460848
0.451673
0.323241
0.508129
0.608790
0.291396
0.273205
0.297763
0.302835
0.390733
0.388753
0.359694
0.331711
0.389571
0.592077
0.670390
0.823819
0.288526
0.491958
0.220054
0.351540
0.638771
0.387949
0.175423
0.375040
0.747418
0.702982
0.767619
0.365289
0.783454
0.406810
0.550872
0.183378
0.479163
0.671229
0.600763
0.576090
0.434572
0.382390
0.293744
0.560304
0.727808
0.404802
0.455804
0.402387
0.443736
0.365838
0.245340
0.199024
0.418252
0.792105
0.776420
0.424703
0.372679
0.424031
0.462361
0.678977
0.294007
0.644770
0.324950
0.571889
0.660440
0.699602
0.325987
0.478642
0.367814
0.232637
0.464793
0.479049
0.573891
0.379723
0.451889
0.530605
0.263135
0.484159
0.654216
0.352859
0.299893
0.441256
0.525219
0.247086
0.761316
0.602155
0.244145
0.526085
0.379756
0.277546
0.741059
0.315697
0.435490
0.428793
0.351268
0.661172
0.311679
0.464059
0.723769
0.394365
0.656373
0.325793
0.580191
0.236473
0.686336
0.768209
0.708095
0.496236
0.384319
0.332185
0.405858
0.780675
0.677647
0.416909
0.199921
0.304859
0.473337
0.720502
0.404181
0.363350
0.470248
0.740282
0.463018
0.497726
0.535754
0.470704
0.317861
0.326917
0.559577
0.485629
0.686596
0.635374
0.536670
0.411377
0.437009
0.460726
0.525327
0.394339
0.812470
0.335054
0.774125
0.494537
0.336991
0.419542
0.297525
0.773784
0.428242
0.411512
0.358314
0.353617
0.358131
0.393259
0.289940
0.497734
0.382054
0.683384
0.454518
0.634566
0.406444
0.469509
0.367317
0.915677
0.363273
0.387212
0.453687
0.344649
0.519404
0.317608
0.332614
0.538431
0.439364
0.658239
0.559252
0.437273
0.337060
0.572310
0.331917
0.329746
0.324419
0.384740
0.528689
0.462705
0.332738
0.221149
0.392263
0.799805
0.369281
0.459571
0.861510
0.338355
0.309490
0.441691
0.427758
0.444730
0.355552
0.529483
0.488725
0.771630
0.531369
0.463351
0.379551
0.590128
0.674907
0.695930
0.238399
0.473631
0.450414
0.787292
0.521091
0.535100
0.160863
0.509562
0.503951
0.687979
0.483057
0.394001
0.507103
0.494929
0.447582
0.368230
0.438925
0.290492
0.572201
0.489481
0.355429
0.520334
0.361035
0.443643
0.437627
0.465875
0.362055
0.495405
0.267939
0.364979
0.861731
0.369572
0.603275
0.680562
0.365662
0.379082
0.311141
0.693861
0.460580
0.497315
0.370382
0.358216
0.239080
0.610772
0.543779
0.317546
0.811217
0.500842
0.446522
0.659226
0.969364
0.370470
0.670597
0.575739
0.432489
0.568065
0.551468
0.182570
0.656163
0.610120
0.449666
0.395578
0.420940
0.382772
0.811056
0.415783
0.335778
0.374402
0.490917
0.309336
0.569406
0.618927
0.476948
0.563553
0.681439
0.818926
0.312507
0.314429
0.925614
0.531224
0.529726
0.198808
0.274667
0.281806
0.475269
0.579873
0.689322
0.218048
0.864641
0.274081
0.378070
0.403903
0.837245
0.399296
0.232451
0.462699
0.398173
0.816283
0.207976
0.493436
0.457342
0.549807
0.907381
0.330146
0.616111
0.334521
0.638610
0.347142
0.539880
0.585965
0.344034
0.198314
0.608194
0.372811
0.265310
0.849902
0.246848
0.352110
0.348815
0.485659
0.767136
0.504972
0.349113
0.323074
0.568626
0.420186
0.357961
0.374847
0.352117
0.618907
0.436848
0.442167
0.716702
0.416122
0.854684
0.632537
0.826371
0.356137
0.325302
0.540093
0.263076
0.478891
0.290255
0.436240
0.168767
0.413736
0.472787
0.424811
0.438815
0.318998
0.523063
0.317679
0.473422
0.345074
0.550102
0.477486
0.824711
0.361396
0.167136
0.186170
0.354625
0.338850
0.665842
0.542803
0.407949
0.404028
0.203798
0.653219
0.270536
0.420301
0.518669
0.627176
0.365882
0.286323
0.585436
0.446209
0.296639
0.589685
0.343019
0.246488
0.368991
0.598266
0.564899
0.551039
0.243744
0.762954
0.705215
0.498908
0.564064
0.485312
0.746071
0.290599
0.315667
0.745178
0.549221
0.540993
0.657840
0.432980
0.331356
0.549016
0.653405
0.301367
0.495497
0.471073
0.477162
0.353420
0.622777
0.394583
0.735240
0.543042
0.496251
0.276881
0.595912
0.376690
0.196032
0.625423
0.515792
0.375035
0.294543
0.378103
0.359900
0.574814
0.209402
0.633138
0.319973
0.407073
0.532742
0.597326
0.496547
0.508379
0.304268
0.451028
0.661472
0.302170
0.557654
0.343176
0.336156
0.623233
0.732571
0.385807
0.659630
0.546703
0.542385
0.593574
0.372051
0.288326
0.609231
0.596829
0.441187
0.310325
0.484238
0.235097
0.306624
0.514679
0.362726
0.471739
0.294344
0.627816
0.681009
0.320560
0.331925
0.338638
0.550930
0.296417
0.705471
0.337105
0.436553
0.417701
0.265246
0.727078
0.273077
0.382666
0.353802
0.595538
0.446546
0.209407
0.411473
0.255589
0.620874
0.339211
0.552233
0.271001
0.551677
0.690026
0.552813
0.340688
0.784326
0.385061
0.284422
0.644954
0.249787
0.410504
0.966119
0.136170
0.444930
0.258535
0.630327
0.271509
0.306346
0.573267
0.634891
0.496842
0.937284
0.750565
0.323199
0.558051
0.440164
0.305052
0.557609
0.482784
0.338030
0.668310
0.477708
