#The posterior distribution of AGN duty cycle at z=0, assuming alpha_CTK = 0.5, from Trinity.
#Ref: Zhang et al. (2021)
0.647629
0.179734
0.111306
0.441115
0.332568
0.283578
0.165689
0.343154
0.519936
0.159356
0.349188
0.575728
0.303995
0.247470
0.287835
0.288349
0.127434
0.232986
0.270134
0.327587
0.375318
0.293756
0.185409
0.219183
0.089510
0.199048
0.310929
0.185752
0.173793
0.251976
0.042544
0.375906
0.271612
0.246615
0.251536
0.097384
0.486812
0.359730
0.308974
0.119143
0.350450
0.183035
0.251405
0.249135
0.266368
0.232257
0.237736
0.295401
0.248915
0.273482
0.149207
0.157383
0.465408
0.184654
0.173910
0.351068
0.160419
0.300650
0.255700
0.404055
0.243604
0.194811
0.118151
0.243364
0.270590
0.305692
0.250484
0.418412
0.351989
0.244411
0.161722
0.256080
0.274560
0.162895
0.268920
0.162682
0.079883
0.272320
0.274946
0.513753
0.177048
0.201890
0.155472
0.136681
0.300106
0.120155
0.121175
0.669897
0.260793
0.067839
0.315673
0.389254
0.184656
0.206357
0.353182
0.464994
0.340200
0.241759
0.137317
0.169590
0.359566
0.250422
0.167908
0.170107
0.207446
0.060613
0.127713
0.310223
0.368424
0.611790
0.091519
0.090208
0.258596
0.297733
0.324482
0.187320
0.286750
0.310018
0.283267
0.308353
0.168495
0.375030
0.217639
0.323308
0.116639
0.203317
0.259392
0.133494
0.425655
0.271585
0.386023
0.143078
0.250582
0.182785
0.266738
0.143200
0.130043
0.262982
0.538944
0.221675
0.182541
0.123599
0.318820
0.167248
0.457754
0.126710
0.271906
0.397150
0.222585
0.203761
0.398689
0.230203
0.303393
0.215697
0.195031
0.110679
0.321906
0.251689
0.270098
0.398886
0.243655
0.364950
0.122297
0.220299
0.181872
0.188669
0.268770
0.182831
0.352543
0.392503
0.307732
0.204475
0.261962
0.498327
0.204901
0.289009
0.432010
0.356961
0.296813
0.246381
0.341837
0.250484
0.402543
0.246653
0.261718
0.241365
0.249161
0.280309
0.117181
0.364931
0.464810
0.174127
0.204799
0.185935
0.158352
0.373721
0.220136
0.252705
0.120174
0.281389
0.375405
0.153353
0.204118
0.321346
0.196457
0.174138
0.359345
0.120494
0.072892
0.422431
0.214153
0.337725
0.123998
0.236791
0.277764
0.220669
0.607941
0.211211
0.251102
0.363307
0.115665
0.353997
0.188902
0.249448
0.271616
0.181688
0.108568
0.124153
0.239996
0.424360
0.061712
0.229759
0.325039
0.230874
0.309953
0.667317
0.167590
0.165024
0.114471
0.086274
0.172506
0.458732
0.226499
0.243066
0.153951
0.136994
0.456124
0.244194
0.424635
0.244915
0.431347
0.181936
0.392055
0.200304
0.173217
0.308538
0.248279
0.220026
0.327439
0.448679
0.184033
0.267714
0.332540
0.244273
0.291466
0.112915
0.142140
0.540114
0.222759
0.298988
0.210157
0.295698
0.314966
0.212044
0.219883
0.144351
0.110293
0.212699
0.195022
0.199622
0.093642
0.301212
0.084786
0.269894
0.183708
0.347008
0.366079
0.161226
0.155183
0.365993
0.263217
0.398161
0.271964
0.276526
0.318308
0.523979
0.315827
0.361967
0.238067
0.213532
0.108357
0.177627
0.391036
0.216068
0.423954
0.567525
0.178651
0.261973
0.240962
0.112870
0.438122
0.211822
0.268668
0.399082
0.160684
0.348014
0.152407
0.272608
0.228935
0.067176
0.140289
0.442920
0.116497
0.113992
0.237583
0.311723
0.284877
0.533250
0.342959
0.270376
0.257798
0.503400
0.149521
0.192557
0.401341
0.184387
0.260238
0.254945
0.240999
0.150354
0.170899
0.521910
0.220677
0.178493
0.199351
0.185543
0.162688
0.114094
0.172349
0.116117
0.256731
0.421353
0.276198
0.082832
0.511348
0.148241
0.125565
0.272187
0.180059
0.277355
0.256231
0.159602
0.222245
0.290463
0.319806
0.192153
0.281277
0.326908
0.371253
0.381147
0.400040
0.553558
0.141488
0.105962
0.413890
0.224066
0.305392
0.211318
0.247521
0.291428
0.253761
0.216235
0.202706
0.325595
0.370302
0.278457
0.189655
0.170226
0.095881
0.187704
0.326729
0.189739
0.120764
0.297789
0.318214
0.568855
0.278288
0.266139
0.241878
0.394778
0.209594
0.169372
0.062054
0.236083
0.157196
0.206497
0.315131
0.367990
0.169202
0.331603
0.168926
0.257127
0.340284
0.171831
0.343577
0.114262
0.113570
0.504745
0.348412
0.377956
0.085033
0.210864
0.089179
0.294606
0.176957
0.408461
0.271784
0.300894
0.334649
0.216388
0.141404
0.220482
0.322911
0.163924
0.212317
0.382808
0.224203
0.076389
0.129671
0.553132
0.156048
0.104807
0.246830
0.265743
0.235665
0.288676
0.165798
0.176028
0.185038
0.218507
0.267536
0.167174
0.394516
0.194249
0.104740
0.270160
0.196375
0.195352
0.118625
0.225967
0.344900
0.196081
0.314927
0.247942
0.463740
0.197307
0.263291
0.327479
0.190516
0.280140
0.281332
0.401551
0.192106
0.164772
0.076106
0.203151
0.311934
0.300661
0.314422
0.318687
0.176478
0.151930
0.283169
0.236917
0.408646
0.111442
0.276846
0.259246
0.264154
0.088396
0.304188
0.617413
0.217519
0.454022
0.260718
0.307823
0.254537
0.054206
0.256496
0.100297
0.143781
0.271469
0.276066
0.156247
0.320568
0.357845
0.197438
0.268968
0.167321
0.128706
0.254458
0.219560
0.231568
0.245646
0.485381
0.200202
0.074540
0.184408
0.151809
0.142327
0.309951
0.250860
0.297422
0.173649
0.301594
0.133442
0.188141
0.301571
0.147354
0.187784
0.352365
0.259116
0.105900
0.222150
0.245415
0.332145
0.437548
0.341264
0.122817
0.496414
0.354793
0.256029
0.306489
0.329818
0.144726
0.171280
0.253661
0.125329
0.264592
0.166238
0.068568
0.140638
0.441325
0.174251
0.111378
0.293324
0.216955
0.208855
0.179156
0.130220
0.313174
0.262389
0.309491
0.106666
0.088167
0.336226
0.799312
0.529575
0.426874
0.292749
0.128809
0.247893
0.123349
0.176472
0.206144
0.152110
0.458701
0.171192
0.341877
0.298512
0.174176
0.221280
0.290276
0.210413
0.294907
0.173281
0.398900
0.252378
0.148762
0.126044
0.269809
0.292881
0.393053
0.326821
0.284921
0.183278
0.110827
0.189653
0.303433
0.432730
0.152590
0.147312
0.307159
0.475001
0.391729
0.174338
0.349911
0.112615
0.421660
0.216817
0.436226
0.375886
0.296513
0.621594
0.263076
0.242647
0.311525
0.193615
0.169862
0.470148
0.482236
0.197712
0.412654
0.272920
0.237080
0.189918
0.155092
0.346005
0.339112
0.280525
0.357300
0.172711
0.364317
0.313555
0.236745
0.239147
0.271884
0.267163
0.113769
0.291111
0.128358
0.291337
0.596560
0.254482
0.187841
0.339375
0.150678
0.115658
0.169409
0.310042
0.090122
0.379194
0.096024
0.208139
0.214160
0.334693
0.134213
0.560312
0.286753
0.257757
0.158979
0.462563
0.336399
0.187261
0.195308
0.122567
0.183868
0.199284
0.290105
0.390656
0.195783
0.260198
0.327360
0.210832
0.346754
0.400052
0.187538
0.337730
0.357924
0.428695
0.340515
0.196422
0.337234
0.215106
0.265786
0.180220
0.171421
0.227133
0.190833
0.294476
0.365322
0.281582
0.413275
0.212304
0.295499
0.277493
0.118148
0.382161
0.282482
0.344723
0.296918
0.104456
0.319160
0.205735
0.217934
0.237615
0.200302
0.145004
0.267788
0.262515
0.286485
0.257608
0.165500
0.121477
0.146017
0.507746
0.058959
0.213705
0.170517
0.177112
0.187902
0.355428
0.303181
0.111266
0.194895
0.128527
0.157561
0.346300
0.298641
0.134556
0.287004
0.175681
0.197911
0.240302
0.224160
0.370197
0.175424
0.379711
0.369760
0.348000
0.485209
0.133876
0.315295
0.193680
0.199361
0.314305
0.143287
0.069191
0.437414
0.260660
0.437433
0.181710
0.277280
0.177676
0.309327
0.194679
0.111015
0.232594
0.241612
0.232517
0.108879
0.113143
0.181296
0.139987
0.392424
0.275604
0.162895
0.167196
0.264963
0.272998
0.354401
0.191353
0.282478
0.130862
0.150954
0.422110
0.408335
0.188237
0.541428
0.367169
0.170445
0.181500
0.271543
0.205867
0.132286
0.256799
0.159869
0.195964
0.267998
0.077049
0.287389
0.328793
0.138038
0.268909
0.148617
0.305985
0.155342
0.242070
0.203258
0.170459
0.300944
0.128768
0.248752
0.247310
0.094751
0.316340
0.378507
0.282225
0.311811
0.160524
0.219489
0.182557
0.242557
0.201147
0.169286
0.185921
0.283375
0.175261
0.174013
0.221777
0.538526
0.285776
0.419776
0.002181
0.474388
0.296960
0.266639
0.333455
0.261708
0.135624
0.405944
0.450251
0.718465
0.278653
0.265536
0.416087
0.428713
0.278942
0.767876
0.389917
0.352681
0.289764
0.270476
0.010325
0.421639
0.184940
0.265915
0.561889
0.197800
0.197787
0.134319
0.419145
0.126399
0.374299
0.317352
0.244516
0.418478
0.142204
0.064111
0.333236
0.205831
0.205658
0.507191
0.317211
0.252110
0.163527
0.453492
0.281110
0.490140
0.320035
0.237790
0.202391
0.142308
0.321309
0.423640
0.251771
0.093818
0.374775
0.218173
0.269130
0.291131
0.286700
0.221737
0.156315
0.231523
0.105860
0.166312
0.276898
0.412589
0.201014
0.190359
0.304015
0.248301
0.309949
0.319084
0.382904
0.429904
0.282203
0.307175
0.400168
0.208363
0.214846
0.329252
0.259465
0.196966
0.292014
0.203749
0.196499
0.153280
0.302831
0.202829
0.258186
0.240999
0.223709
0.353462
0.163279
0.380644
0.224139
0.280098
0.191809
0.194700
0.164843
0.335792
0.171613
0.308943
0.200794
0.296010
0.155084
0.670388
0.259632
0.509344
0.148262
0.229375
0.099368
0.234552
0.235050
0.147086
0.270750
0.303655
0.280011
0.217109
0.196916
0.447187
0.343996
0.329555
0.314253
0.159726
0.337321
0.375395
0.176153
0.169349
0.488083
0.322942
0.190840
0.059715
0.231536
0.306900
0.156712
0.152800
0.313464
0.190804
0.247319
0.302374
0.151629
0.242512
0.206195
0.554349
0.236186
0.158264
0.319379
0.466484
0.513976
0.316787
0.407729
0.226902
0.202995
0.487440
0.320785
0.467647
0.046954
0.174834
0.297824
0.291423
0.128741
0.214198
0.223386
0.380793
0.341014
0.394396
0.207200
0.287704
0.076767
0.741897
0.093885
0.282749
0.319237
0.341320
0.188637
0.329374
0.182587
0.294313
0.315864
0.126455
0.406346
0.150840
0.410665
0.238152
0.259472
0.181808
0.013543
0.183104
0.345511
0.215395
0.203734
0.157020
0.384655
0.190643
0.231444
0.248011
0.280013
0.343602
0.235516
0.284529
0.136479
0.236844
0.125540
0.335310
0.238478
0.294747
0.272998
0.546044
0.413664
0.279779
0.329858
0.096067
0.261108
0.122717
0.165033
0.212779
0.176163
0.140168
0.313760
0.177148
0.304750
0.063084
0.191361
0.436665
0.179298
0.531433
0.277110
0.145101
0.359002
0.260657
0.203363
0.241477
0.416947
0.354722
0.243184
0.235122
0.187356
0.183826
0.298696
0.150203
0.164922
0.175188
0.250817
0.241825
0.275584
0.438579
0.493129
0.221913
0.200139
0.430062
0.236582
0.163976
0.512431
0.338868
0.301744
0.309635
0.298212
0.125663
0.138631
0.280425
0.177519
0.511493
0.323692
0.187016
0.192762
0.184631
0.222935
0.207971
0.340147
0.117737
0.158531
0.097018
0.283922
0.347608
0.198110
0.273232
0.365208
0.316008
0.302674
0.390703
0.106064
0.196724
0.200773
0.305637
0.557559
0.330094
0.263704
0.182208
0.159278
0.350846
0.147406
0.489684
0.383321
0.460587
0.203511
0.260503
0.263308
0.359242
0.331915
0.176158
0.275616
0.217291
0.238434
0.218446
0.361044
0.341025
0.212158
0.354609
0.394821
0.228793
0.138634
0.269298
0.328265
0.224176
0.237365
0.228004
0.096550
0.245379
0.213258
0.488103
0.201841
0.135855
0.163702
0.250351
0.308870
0.540765
0.263290
0.217695
0.279056
0.134403
0.410603
0.238080
0.314759
0.189545
0.277195
0.201076
0.191650
0.234604
0.392295
0.346048
0.153212
0.253785
0.165717
0.227071
0.283665
0.167334
0.059173
0.245806
0.163820
0.126060
0.335771
0.116366
0.097238
0.253377
0.387103
0.211489
0.259901
0.427434
0.183667
0.175953
0.249958
0.180958
0.314723
0.136124
0.122988
0.243346
0.360285
0.489627
0.223404
0.134417
0.295687
0.328355
0.155339
0.176028
0.233975
0.250817
0.203569
0.337450
0.174410
0.334475
0.320069
0.289906
0.530967
0.187517
0.411487
0.284119
0.360083
0.345691
0.193111
0.128796
0.236477
0.491570
0.209922
0.351805
0.264224
0.274792
0.304083
0.305526
0.330299
0.349427
0.291193
0.146621
0.394273
0.250658
0.181000
0.214556
0.212162
0.101425
0.095940
0.168408
0.141204
0.116745
0.132608
0.390856
0.206320
0.072345
0.122806
0.210780
0.364613
0.540536
0.405580
0.202566
0.268780
0.332200
0.125490
0.241981
0.310699
0.248634
0.385688
0.400776
0.324571
0.088031
0.175968
0.214016
0.264968
0.120455
0.217145
0.231597
0.267211
0.194336
0.198046
0.511447
0.384499
0.092683
0.151958
0.155054
0.216314
0.102660
0.243812
0.323181
0.378680
0.249679
0.205703
0.088801
0.087989
0.297906
0.149585
0.196584
0.220614
0.273847
0.320901
0.548282
0.183025
0.205000
0.577943
0.316576
0.304339
0.211215
0.321934
0.380162
0.295737
0.169702
0.412185
0.094795
0.330883
0.320657
0.238639
0.185625
0.225615
0.088078
0.311524
0.241667
0.250776
0.259980
0.301861
0.242038
0.262900
0.142093
0.398575
0.222596
0.337672
0.103218
0.217194
0.568383
0.078986
0.141673
0.345972
0.129346
0.461628
0.106890
0.210157
0.198081
0.573683
0.189676
0.292406
0.263575
0.535287
0.270780
0.098121
0.235970
0.482442
0.211721
0.166300
0.415321
0.386710
0.199662
0.209983
0.161706
0.284252
0.102830
0.261580
0.242556
0.080519
0.231900
0.179306
0.319075
0.263296
0.300106
0.326707
0.550830
0.255323
0.366168
0.239945
0.251118
0.317505
0.333921
0.234923
0.127293
0.137952
0.466516
0.168709
0.246962
0.397920
0.387912
0.195483
0.262867
0.363501
0.122504
0.338890
0.386339
0.222915
0.155357
0.221900
0.190815
0.381613
0.239917
0.298721
0.246118
0.079014
0.245099
0.296922
0.327636
0.110230
0.097808
0.257428
0.262387
0.165335
0.302677
0.191086
0.267853
0.226614
0.159705
0.407570
0.081302
0.179086
0.265209
0.225553
0.121569
0.101872
0.223159
0.242990
0.258114
0.486248
0.213702
0.139705
0.148303
0.147893
0.176766
0.600053
0.243597
0.561733
0.370785
0.244145
0.201624
0.306239
0.186685
0.326333
0.277982
0.281704
0.222240
0.149457
0.400219
0.130287
0.150359
0.094614
0.348202
0.342966
0.141510
0.074136
0.081298
0.282421
0.194565
0.219745
0.303707
0.079475
0.353188
0.363664
0.369756
0.238865
0.274779
0.470093
0.322139
0.243538
0.082002
0.279702
0.137328
0.243057
0.152252
0.484591
0.138218
0.096369
0.348511
0.404497
0.378475
0.276706
0.201346
0.297958
0.227307
0.260664
0.091989
0.084128
0.113362
0.285860
0.315776
0.419548
0.301205
0.508593
0.634346
0.497847
0.509690
0.267091
0.176339
0.346165
0.283638
0.144656
0.234468
0.275604
0.206918
0.410394
0.420992
0.247820
0.321135
0.108518
0.259355
0.282699
0.351215
0.163022
0.345807
0.259987
0.248066
0.307633
0.351795
0.290849
0.140635
0.163362
0.198113
0.543899
0.177568
0.276706
0.177154
0.124551
0.237030
0.358711
0.478962
0.030224
0.542380
0.202049
0.508192
0.258144
0.296674
0.135627
0.202839
0.425030
0.506000
0.440797
0.184282
0.245278
0.147476
0.177083
0.274741
0.349668
0.255075
0.251883
0.391264
0.166877
0.250972
0.160045
0.274601
0.537324
0.208155
0.202575
0.222904
0.248254
0.213173
0.271649
0.351353
0.321811
0.381275
0.226217
0.119447
0.313105
0.110894
0.056117
0.566230
0.385283
0.148082
0.130928
0.347485
0.115809
0.164893
0.274483
0.165111
0.365857
0.675342
0.376894
0.193910
0.319446
0.193951
0.267045
0.275968
0.278159
0.209789
0.263384
0.241492
0.308965
0.364403
0.188419
0.261978
0.176195
0.190693
0.215212
0.531569
0.336443
0.461991
0.146876
0.147408
0.117066
0.199195
0.140019
0.244288
0.296070
0.194527
0.292521
0.275537
0.311426
0.386456
0.387781
0.241528
0.244744
0.036369
0.139714
0.284845
0.550629
0.283572
0.240828
0.277569
0.185805
0.703588
0.490751
0.515856
0.308182
0.576727
0.298990
0.325376
0.375883
0.151575
0.277303
0.204912
0.589424
0.297428
0.213260
0.256417
0.397802
0.505136
0.120555
0.117545
0.155311
0.322554
0.291770
0.296476
0.139508
0.239917
0.250966
0.112376
0.169496
0.143830
0.226180
0.281002
0.285035
0.068895
0.267021
0.231516
0.119865
0.189109
0.192979
0.045029
0.446169
0.283629
0.249790
0.340759
0.360905
0.179212
0.296231
0.178310
0.215552
0.373463
0.296282
0.424608
0.259654
0.346484
0.366087
0.236804
0.294472
0.250367
0.683698
0.753882
0.307061
0.267593
0.243462
0.336725
0.306489
0.269549
0.286860
0.380968
0.258043
0.316948
0.176053
0.217020
0.219666
0.250511
0.159589
0.388227
0.209403
0.194568
0.181839
0.238253
0.458723
0.518620
0.354921
0.457533
0.172947
0.240922
0.154128
0.171429
0.173651
0.260915
0.224185
0.320029
0.073381
0.271853
0.120160
0.392303
0.394787
0.314191
0.183930
0.295767
0.153237
0.519405
0.164838
0.245008
0.204454
0.332783
0.249326
0.161036
0.247599
0.364403
0.314667
0.239937
0.429491
0.144148
0.315231
0.259445
0.385169
0.392960
0.309983
0.171546
0.131762
0.395365
0.107805
0.333183
0.313496
0.330645
0.237114
0.425009
0.107560
0.263295
0.271264
0.136732
0.615723
0.201970
0.363897
0.210468
0.327659
0.307807
0.391374
0.307760
0.275109
0.255586
0.198034
0.283666
0.299733
0.215423
0.497212
0.216601
0.227569
0.304339
0.169894
0.198087
0.292778
0.225158
0.434312
0.162056
0.181192
0.324084
0.418779
0.132431
0.239008
0.307164
0.416113
0.329266
0.190166
0.591990
0.155447
0.333028
0.094893
0.370741
0.169624
0.393686
0.771787
0.239037
0.303155
0.219063
0.353672
0.213832
0.229730
0.228843
0.249509
0.037237
0.498959
0.236974
0.214965
0.213667
0.349623
0.124374
0.174346
0.077136
0.239957
0.239898
0.133246
0.116558
0.308546
0.176230
0.192903
0.316057
0.406607
0.258240
0.135873
0.337992
0.244990
0.353404
0.290962
0.325215
0.217638
0.162071
0.108954
0.517515
0.282384
0.203943
0.255488
0.145177
0.202369
0.278167
0.252661
0.656186
0.119814
0.266454
0.405603
0.381000
0.279362
0.261303
0.181484
0.172071
0.683079
0.258342
0.423956
0.200001
0.192061
0.148750
0.283591
0.274588
0.255038
0.259365
0.196100
0.323191
0.258976
0.131428
0.351272
0.260143
0.342960
0.232839
0.258865
0.340168
0.303383
0.409608
0.181239
0.460848
0.213206
0.454585
0.286414
0.261774
0.348677
0.140918
0.055081
0.300511
0.135128
0.225091
0.152681
0.139933
0.172984
0.236045
0.192868
0.186216
0.229062
0.401986
0.426920
0.270774
0.329552
0.188123
0.404448
0.093699
0.234531
0.205438
0.230242
0.217911
0.355517
0.339817
0.129733
0.167139
0.248076
0.302022
0.207433
0.192586
0.497154
0.400198
0.257828
0.470560
0.229319
0.256439
0.158017
0.239063
0.410087
0.190358
0.055162
0.311412
0.192467
0.272123
0.268227
0.168965
0.149637
0.185541
0.250048
0.208578
0.169349
0.217392
0.339094
0.342289
0.266429
0.399971
0.101103
0.159336
0.172386
0.357169
0.102043
0.170615
0.288423
0.195432
0.191589
0.418555
0.465254
0.427639
0.196407
0.329253
0.380585
0.201256
0.272762
0.666676
0.270908
0.171903
0.239930
0.180225
0.381181
0.305019
0.204168
0.209376
0.288810
0.092167
0.390692
0.285025
0.287627
0.232624
0.438997
0.411851
0.180795
0.237328
0.648726
0.248206
0.156667
0.222955
0.337355
0.247541
0.161301
0.205278
0.228572
0.289000
0.321392
0.223613
0.386195
0.250182
0.270596
0.309202
0.167208
0.128074
0.196831
0.233008
0.190015
0.191671
0.240267
0.266149
0.085907
0.223083
0.193453
0.323912
0.438197
0.208382
0.122971
0.402234
0.170029
0.232511
0.216578
0.179771
0.161401
0.307477
0.256915
0.245664
0.340019
0.268375
0.146529
0.315053
0.392586
0.370144
0.125396
0.283780
0.623539
0.124900
0.200427
0.257217
0.237113
0.164549
0.260751
0.466678
0.253353
0.317778
0.211219
0.400195
0.454579
0.341942
0.442498
0.396330
0.200057
0.719456
0.241952
0.233652
0.268676
0.526384
0.156839
0.249181
0.310181
0.183376
0.143059
0.220941
0.217497
0.598322
0.286150
0.173102
0.168946
0.191482
0.413110
0.144556
0.305570
0.170271
0.081574
0.326795
0.245315
0.155925
0.318826
0.078413
0.133083
0.109146
0.401774
0.304239
0.376507
0.302747
0.218182
0.111101
0.219934
0.186716
0.202246
0.408785
0.244123
0.165457
0.219864
0.271969
0.396113
0.173087
0.303650
0.124960
0.228971
0.309079
0.459913
0.381740
0.216825
0.364653
0.172185
0.295388
0.128778
0.310784
0.542291
0.262379
0.293234
0.377142
0.172061
0.195459
0.162259
0.079900
0.200293
0.442182
0.215968
0.282934
0.136588
0.253309
0.190286
0.127874
0.456866
0.078232
0.214917
0.132115
0.255276
0.200501
0.240387
0.382645
0.293844
0.331176
0.181501
0.125921
0.125421
0.253397
0.263837
0.319878
0.327099
0.287643
0.182079
0.290613
0.368047
0.342374
0.226971
0.151452
0.177844
0.221161
0.145648
0.209291
0.289715
0.416633
0.329074
0.353622
0.341317
0.347608
0.348907
0.357681
0.200100
0.146964
0.187450
0.460921
0.236842
0.102176
0.338014
0.492322
0.319692
0.224376
0.137469
0.366126
0.354848
0.387852
0.254256
0.323867
0.155860
0.190035
0.129569
0.227731
0.158469
0.203135
0.317796
0.121112
0.246156
0.235623
0.372169
0.337486
0.265138
0.471462
0.347881
0.143750
0.309765
0.127473
0.220859
0.302050
0.486411
0.316387
0.308020
0.151892
0.321847
0.197551
0.236630
0.288370
0.237166
0.115359
0.374965
0.178165
0.367187
0.293307
0.299867
0.259238
0.208095
0.306065
0.228755
0.353190
0.424574
0.309377
0.338341
0.405031
0.562192
0.447662
0.417240
0.219461
0.445289
0.198602
0.145724
0.156849
0.176328
0.263899
0.354212
0.340103
0.253605
0.205270
0.146236
0.292857
0.287991
0.223932
0.334359
0.338836
0.222713
0.629350
0.333352
0.315737
0.195524
0.184328
0.237771
0.346244
0.302603
0.203170
0.305413
0.293765
0.244772
0.239191
0.248670
0.414880
0.384105
0.341741
0.249258
0.274510
0.231662
0.116081
0.129779
0.157161
0.346416
0.407259
0.525973
0.266291
0.308682
0.067863
0.178187
0.374212
0.294702
0.201356
0.156560
0.200864
0.150301
0.386219
0.092225
0.088208
0.435343
0.014158
0.193670
0.213458
0.365974
0.191557
0.195312
0.230207
0.316387
0.064285
0.291374
0.546147
0.428202
0.315030
0.311808
0.198944
0.344216
0.516803
0.241859
0.241158
0.260342
0.445484
0.197480
0.341272
0.322296
0.355275
0.213873
0.412693
0.126258
0.253260
0.125029
0.232391
0.241182
0.182174
0.399822
0.283686
0.309515
0.221675
0.246967
0.141746
0.161628
0.212734
0.293482
0.194589
0.401270
0.252382
0.338069
0.225023
0.263113
0.258329
0.217598
0.200405
0.220716
0.288618
0.196684
0.246977
0.509357
0.156946
0.147905
0.369567
0.203126
0.133801
0.319548
0.277920
0.309179
0.169704
0.266652
0.218977
0.212266
0.171970
0.203286
0.185625
0.432346
0.181564
0.444589
0.170829
0.180771
0.339635
0.436181
0.121400
0.166236
0.232548
0.247391
0.160308
0.244172
0.378023
0.353687
0.187134
0.164464
0.450725
0.036282
0.321301
0.254451
0.148083
0.626965
0.211699
0.187085
0.266266
0.309954
0.485246
0.153915
0.178881
0.125308
0.166777
0.518857
0.266711
0.440572
0.135318
0.227627
0.249278
0.236631
0.316643
0.121230
0.337820
0.302510
0.104449
0.201069
0.202045
0.224399
0.382908
0.370588
0.359250
0.335199
0.403547
0.308336
0.394910
0.261484
0.339731
0.119179
0.121187
0.408695
0.094547
0.186071
0.550360
0.205558
0.259901
0.337130
0.156087
0.484407
0.232246
0.603980
0.148611
0.400415
0.216874
0.438052
0.138740
0.184159
0.087189
0.306641
0.094260
0.575594
0.399249
0.306603
0.271400
0.156044
0.167318
0.274470
0.231653
0.102025
0.323100
0.168709
0.230723
0.205439
0.205382
0.059313
0.180071
0.208119
0.234980
0.084664
0.285805
0.315824
0.187307
0.263157
0.228833
0.118696
0.244795
0.123877
0.452999
0.122705
0.295985
0.230518
0.347354
0.278428
0.261758
0.549280
0.316253
0.491441
0.326928
0.244952
0.211200
0.318996
0.386794
0.197408
0.179601
0.284360
0.305719
0.219890
0.210611
0.248613
0.524215
0.363211
0.166317
0.111183
0.272591
0.278462
0.153815
0.462362
0.179157
0.262546
0.236536
0.396036
0.178150
0.146260
0.095357
0.206591
0.430007
0.257494
0.162900
0.271919
0.446340
0.191040
0.324957
0.415228
0.078327
0.392933
0.170409
0.460564
0.250270
0.538278
0.263358
0.148371
0.356288
0.383543
0.149220
0.187709
0.117375
0.268089
0.235685
0.177429
0.221561
0.261249
0.466773
0.283430
0.265033
0.309181
0.231982
0.248696
0.357900
0.633854
0.367971
0.239561
0.477533
0.110069
0.308822
0.161809
0.411619
0.330212
0.071672
0.254679
0.273361
0.249661
0.397893
0.101891
0.189100
0.294455
0.179983
0.358124
0.212208
0.450869
0.315986
0.281275
0.281985
0.211254
0.489835
0.232316
0.230348
0.140497
0.129850
0.220992
0.587560
0.310145
0.082960
0.104832
0.112327
0.477072
0.239050
0.203564
0.360946
0.523883
0.186005
0.577539
0.397679
0.123598
0.350061
0.209537
0.390475
0.075580
0.308951
0.123147
0.149864
0.209292
0.172734
0.601382
0.246122
0.376696
0.392975
0.314028
0.151948
0.309589
0.210270
0.149628
0.241668
0.222387
0.267248
0.443791
0.179120
0.171903
0.311427
0.190656
0.174878
0.314152
0.202882
0.095138
0.393807
0.319697
0.133586
0.302222
0.205498
0.336502
0.167421
0.198716
0.225423
0.294876
0.163405
0.134374
0.199071
0.325833
0.223420
0.409161
0.105370
0.190989
0.264194
0.202519
0.321192
0.388630
0.426493
0.529917
0.248112
0.273103
0.305420
0.270959
0.184475
0.139641
0.340553
0.394810
0.529780
0.368896
0.199563
0.618137
0.153236
0.254506
0.176358
0.207095
0.364459
0.245806
0.257821
0.362378
0.249116
0.268073
0.338987
0.213156
0.156847
0.288370
0.415685
0.163708
0.340414
0.116908
0.374661
0.210857
0.337507
0.241160
0.225297
0.196822
0.297944
0.108152
0.274372
0.287959
0.274517
0.271628
0.185331
0.167866
0.235555
0.164879
0.211373
0.324960
0.269886
0.557651
0.293984
0.132633
0.456826
0.419654
0.338665
0.168355
0.214851
0.240902
0.295126
0.239076
0.213399
0.241244
0.320801
0.093214
0.186614
0.267652
0.252557
0.175485
0.110408
0.228783
0.153282
0.125182
0.464246
0.320377
0.251729
0.313079
0.144209
0.300084
0.160739
0.144484
0.351060
0.347985
0.179284
0.176489
0.474409
0.135265
0.269829
0.413059
0.216700
0.221495
0.232708
0.099890
0.155868
0.248336
0.307272
0.414586
0.168373
0.282367
0.254170
0.116704
0.160064
0.281255
0.281275
0.234649
0.130342
0.325082
0.198617
0.141458
0.362146
0.478042
0.263435
0.127674
0.310636
0.163213
0.228522
0.480995
0.206302
0.164193
0.453454
0.261467
0.316837
0.216974
0.189663
0.226200
0.370144
0.159417
0.148301
0.088613
0.154012
0.106665
0.287478
0.325594
0.316864
0.214933
0.481364
0.179087
0.382106
0.292879
0.215080
0.252534
0.136140
0.280897
0.127588
0.188340
0.723604
0.062312
0.336892
0.221615
0.220301
0.303761
0.187990
0.310905
0.313044
0.272320
0.216715
0.366027
0.251759
0.408173
0.247529
0.376877
0.272493
0.362321
0.257004
0.398363
0.230645
0.288195
0.167549
0.274305
0.224754
0.249699
0.687011
0.360662
0.183427
0.358505
0.143588
0.272366
0.047585
0.242014
0.366750
0.149370
0.153056
0.319703
0.452571
0.315342
0.101654
0.364554
0.321897
0.388410
0.179543
0.206578
0.099997
0.206539
0.152301
0.187334
0.067733
0.259566
0.284869
0.262728
0.234477
0.508171
0.373569
0.504793
0.370080
0.571854
0.142507
0.176600
0.259419
0.269509
0.229327
0.439328
0.201283
0.198597
0.190612
0.184069
0.230682
0.226107
0.389796
0.123724
0.171857
0.301472
0.138218
0.104342
0.281474
0.193866
0.273489
0.343702
0.239766
0.240974
0.258495
0.309300
0.188202
0.226338
0.199063
0.275830
0.304011
0.390614
0.158706
0.128440
0.161884
0.165266
0.149318
0.270152
0.130393
0.195571
0.274427
0.166129
0.446286
0.317937
0.103079
0.211609
0.172254
0.155770
0.244494
0.494232
0.228877
0.289513
0.310747
0.170845
0.302204
0.213103
0.315217
0.277059
0.330190
0.249019
0.358082
0.071685
0.214523
0.223583
0.381047
0.329547
0.191194
0.173463
0.240839
0.177432
0.222455
0.201907
0.129708
0.238683
0.138457
0.158760
0.179307
0.160507
0.330987
0.392082
0.181225
0.282000
0.460666
0.395588
0.123569
0.199170
0.544139
0.263452
0.238569
0.174139
0.238238
0.251173
0.251182
0.067863
0.300981
0.408192
0.152714
0.447488
0.345782
0.208779
0.288562
0.156345
0.186236
0.183523
0.465080
0.195309
0.143749
0.189994
0.284951
0.494009
0.248973
0.180763
0.271729
0.086890
0.291669
0.265586
0.489293
0.460238
0.171840
0.319625
0.338111
0.244607
0.393383
0.285459
0.155059
0.120687
0.214848
0.067909
0.184168
0.070535
0.329689
0.387560
0.433415
0.365039
0.211056
0.255418
0.181681
0.648726
0.208557
0.348316
0.237717
0.195138
0.327581
0.287885
0.201605
0.248592
0.341101
0.536101
0.346965
0.149883
0.362111
0.130836
0.138044
0.356819
0.181299
0.302984
0.116964
0.379202
0.302632
0.325487
0.358225
0.067948
0.286608
0.192757
0.308380
0.389915
0.496086
0.102681
0.208981
0.491382
0.690368
0.249731
0.140668
0.504552
0.235866
0.141922
0.101552
0.280568
0.200892
0.294346
0.274683
0.144473
0.246070
0.128208
0.195220
0.554287
0.417043
0.241131
0.173793
0.295257
0.135186
0.075513
0.095060
0.340120
0.196123
0.310928
0.373377
0.237651
0.209067
0.155855
0.225670
0.368455
0.513185
0.185515
0.184179
0.401380
0.257170
0.247979
0.270291
0.289429
0.340083
0.274202
0.365697
0.259264
0.399546
0.242458
0.274588
0.214425
0.189554
0.304585
0.196900
0.458585
0.279077
0.401040
0.307977
0.176613
0.226788
0.440374
0.152049
0.466184
0.122947
0.142821
0.273389
0.233476
0.135913
0.254684
0.099960
0.539847
0.204276
0.189281
0.189759
0.293203
0.389394
0.186118
0.125317
0.146422
0.488164
0.370107
0.248336
0.257645
0.144376
0.289476
0.135581
0.235887
0.260429
0.159476
0.197391
0.290837
0.408729
0.356874
0.139615
0.102849
0.252870
0.140068
0.294189
0.073673
0.267359
0.148662
0.192282
0.448396
0.238130
0.295372
0.238417
0.291717
0.185899
0.280025
0.493279
0.315121
0.209443
0.303109
0.225318
0.210071
0.237362
0.244737
0.165526
0.178582
0.081328
0.321196
0.407671
0.187167
0.211341
0.358184
0.172096
0.394642
0.286291
0.177056
0.293265
0.115328
0.140843
0.116268
0.562303
0.304170
0.245131
0.137253
0.050297
0.212299
0.191437
0.577049
0.300625
0.256983
0.092631
0.292261
0.623369
0.406188
0.192950
0.220459
0.620325
0.079329
0.033313
0.258579
0.421096
0.312948
0.447594
0.262161
0.175948
0.091931
0.191442
0.331516
0.107481
0.171863
0.186919
0.449617
0.213492
0.162331
0.187215
0.348741
0.420902
0.095507
0.063398
0.272172
0.333631
0.594183
0.231158
0.239824
0.266030
0.253315
0.178150
0.219362
0.373964
0.404938
0.237337
0.429853
0.373282
0.093649
0.163119
0.220374
0.263713
0.181769
0.339414
0.179246
0.260408
0.304266
0.144827
0.293021
0.429035
0.358159
0.325327
0.284695
0.317112
0.182438
0.267263
0.300084
0.095423
0.289917
0.392985
0.208582
0.282938
0.223410
0.122031
0.348840
0.111442
0.162604
0.183035
0.299127
0.242879
0.151615
0.339478
0.227664
0.267307
0.214939
0.168342
0.279011
0.157150
0.281085
0.113506
0.067297
0.325456
0.273356
0.348434
0.328102
0.075331
0.307331
0.639242
0.429628
0.311416
0.187689
0.346329
0.386408
0.360622
0.175728
0.428459
0.034789
0.209246
0.167334
0.465239
0.319759
0.316253
0.326609
0.266010
0.397557
0.420721
0.326956
0.161146
0.286489
0.075682
0.151318
0.240811
0.268227
0.342850
0.141086
0.179313
0.232431
0.184218
0.195239
0.411873
0.242216
0.236146
0.300535
0.254209
0.192061
0.304985
0.459690
0.288887
0.187957
0.162753
0.327926
0.194619
0.282897
0.441355
0.270799
0.192319
0.507261
0.317185
0.089788
0.377841
0.397096
0.382263
0.062763
0.186456
0.241901
0.138271
0.240799
0.613070
0.277244
0.497484
0.345460
0.222983
0.214782
0.229521
0.165612
0.104995
0.308114
0.062169
0.349690
0.111776
0.235346
0.224244
0.251022
0.233354
0.344287
0.264288
0.161185
0.211133
0.226180
0.227158
0.341020
0.373192
0.170790
0.481997
0.246712
0.275007
0.355122
0.406770
0.298150
0.214426
0.279567
0.342473
0.235909
0.221911
0.126155
0.182944
0.239265
0.287196
0.357643
0.226929
0.182254
0.173171
0.203537
0.129849
0.171329
0.255998
0.328305
0.286503
0.196941
0.696653
0.224129
0.257476
0.231502
0.195294
0.235170
0.215214
0.161618
0.175909
0.254624
0.271764
0.302636
0.146498
0.160148
0.240685
0.274722
0.420257
0.247111
0.222747
0.100150
0.333549
0.333183
0.215305
0.303108
0.225252
0.293177
0.111453
0.335607
0.185113
0.432430
0.313099
0.150931
0.167200
0.160919
0.119001
0.339406
0.173854
0.187917
0.154489
0.127752
0.259195
0.290808
0.207535
0.294772
0.322732
0.489765
0.438867
0.207893
0.075697
0.190152
0.448806
0.416210
0.213927
0.181300
0.287825
0.187138
0.279411
0.145704
0.185920
0.571328
0.249164
0.332928
0.117159
0.343034
0.238544
0.185685
0.238870
0.191244
0.326640
0.137735
0.144198
0.133442
0.199511
0.175717
0.396815
0.256839
0.251815
0.205908
0.124452
0.358374
0.348848
0.124257
0.104423
0.264378
0.272622
0.163691
0.093240
0.310263
0.435937
0.380171
0.375758
0.419879
0.162305
0.302909
0.303082
0.291766
0.319278
0.189895
0.254346
0.143516
0.169990
0.254028
0.297668
0.297384
0.172438
0.234160
0.153390
0.277750
0.094821
0.363661
0.300173
0.232983
0.270707
0.268375
0.134124
0.319313
0.276475
0.305573
0.171586
0.255510
0.267248
0.105769
0.104412
0.199226
0.274829
0.489962
0.153628
0.259983
0.233967
0.349570
0.203633
0.347209
0.278375
0.218044
0.238196
0.249671
0.222115
0.302991
0.314934
0.525252
0.278745
0.198903
0.242175
0.320390
0.243070
0.186638
0.180623
0.258640
0.320323
0.315017
0.453059
0.141860
0.198744
0.490199
0.273185
0.220321
0.245620
0.427860
0.266508
0.292964
0.408067
0.317672
0.221932
0.287506
0.303993
0.252524
0.268952
0.377905
0.282836
0.288968
0.470978
0.212403
0.201407
0.109317
0.160853
0.089662
0.309061
0.262041
0.144286
0.124955
0.381879
0.280851
0.280994
0.328041
0.267720
0.255420
0.383661
0.464108
0.362362
0.163830
0.468258
0.246681
0.228595
0.457620
0.243810
0.285655
0.147382
0.107869
0.346146
0.186671
0.210504
0.277389
0.319942
0.450135
0.325907
0.090266
0.105202
0.217550
0.161322
0.534309
0.397324
0.299642
0.187415
0.267237
0.518282
0.191846
0.548282
0.214961
0.177947
0.191641
0.276911
0.161448
0.145035
0.110803
0.380334
0.271940
0.241104
0.141929
0.186654
0.179382
0.221579
0.278269
0.436480
0.291322
0.480404
0.401035
0.350485
0.257316
0.342085
0.113436
0.285317
0.159356
0.369993
0.145053
0.201891
0.196759
0.319120
0.367976
0.054452
0.227195
0.139958
0.182174
0.265178
0.333831
0.189448
0.469424
0.198122
0.134016
0.252495
0.080400
0.332659
0.217363
0.241042
0.232675
0.108334
0.237545
0.248619
0.094074
0.181778
0.262913
0.276126
0.273211
0.193641
0.127264
0.240028
0.290837
0.241104
0.314584
0.376430
0.170089
0.127430
0.288672
0.327526
0.120938
0.194828
0.124895
0.192878
0.081988
0.138390
0.150006
0.125029
0.128412
0.278325
0.185278
0.192834
0.258275
0.257441
0.213806
0.195107
0.297108
0.250994
0.135524
0.093872
0.148437
0.193271
0.224466
0.178788
0.188570
0.266439
0.154169
0.231464
0.217097
0.340117
0.253316
0.303140
0.217733
0.299150
0.282235
0.201708
0.443978
0.193126
0.272162
0.075403
0.408219
0.128176
0.126709
0.574231
0.331944
0.344047
0.177144
0.096543
0.248254
0.340708
0.316699
0.165819
0.318629
0.118423
0.208705
0.153836
0.246854
0.208533
0.247089
0.185829
0.309441
0.194016
0.202817
0.145413
0.162415
0.267090
0.211577
0.194913
0.300970
0.299579
0.322316
0.210278
0.268855
0.184614
0.209859
0.181224
0.216473
0.173913
0.271794
0.292969
0.435764
0.187183
0.245355
0.091103
0.148801
0.186944
0.300882
0.286476
0.230473
0.336508
0.375882
0.442139
0.125863
0.415361
0.529163
0.138555
0.206800
0.428888
0.248311
0.256887
0.226412
0.094317
0.173179
0.080702
0.150107
0.255263
0.315754
0.394064
0.257808
0.097464
0.090987
0.353217
0.162450
0.309951
0.257491
0.310736
0.373887
0.213517
0.270262
0.235991
0.357896
0.134370
0.239127
0.244854
0.180082
0.216825
0.413561
0.256646
0.142457
0.278843
0.546194
0.154774
0.370109
0.396156
0.293749
0.084538
0.204227
0.124188
0.183351
0.229267
0.408410
0.098029
0.265811
0.264848
0.201022
0.304943
0.381507
0.486393
0.595808
0.275077
0.209610
0.403050
0.089129
0.125193
0.181022
0.411588
0.155459
0.271784
0.233951
0.174524
0.206156
0.267387
0.340556
0.206702
0.215559
0.298476
0.583106
0.245731
0.121635
0.373777
0.733732
0.388700
0.092631
0.223236
0.295128
0.402120
0.195045
0.147898
0.166454
0.316869
0.174719
0.280920
0.230556
0.359224
0.253670
0.166594
0.269804
0.301060
0.289193
0.128792
0.454650
0.172916
0.125118
0.087249
0.569144
0.166492
0.201621
0.147032
0.517418
0.148311
0.403250
0.140867
0.118288
0.442241
0.287651
0.289711
0.233739
0.397941
0.307081
0.280326
0.263479
0.226212
0.196568
0.405983
0.223694
0.360491
0.391079
0.537979
0.211917
0.160370
0.254610
0.098669
0.186152
0.196940
0.115535
0.140692
0.236081
0.365855
0.100624
0.098924
0.098692
0.215336
0.289147
0.081755
0.269993
0.167269
0.476990
0.265312
0.359591
0.162069
0.514795
0.159746
0.454318
0.690812
0.511208
0.315610
0.305863
0.504687
0.363115
0.314363
0.243336
0.222234
0.422118
0.553875
0.068060
0.160519
0.237139
0.346121
0.526995
0.249892
0.175618
0.445265
0.227330
0.408001
0.173603
0.205687
0.177746
0.545550
0.338788
0.245285
0.374535
0.254080
0.366669
0.345235
0.345235
0.356219
0.160826
0.095167
0.637438
0.255028
0.174815
0.379211
0.399588
0.181246
0.136170
0.152039
0.320854
0.177729
0.346607
0.327125
0.229416
0.152571
0.458803
0.185133
0.349261
0.278316
0.247343
0.270541
0.226661
0.215801
0.188121
0.609698
0.230154
0.170508
0.269668
0.141293
0.242985
0.252605
0.192843
0.350324
0.227842
0.145482
0.412620
0.290727
0.210493
0.235580
0.194580
0.290832
0.310310
0.311612
0.397048
0.272611
0.313697
0.234286
0.245686
0.243634
0.215246
0.469294
0.128813
0.155190
0.177291
0.210671
0.284833
0.190253
0.329265
0.204616
0.259049
0.268649
0.306764
0.519714
0.281625
0.303975
0.275656
0.291400
0.210026
0.275281
0.220962
0.454562
0.169840
0.315456
0.270568
0.382796
0.154034
0.314750
0.208589
0.254828
0.170371
0.295301
0.140720
0.167341
0.149147
0.404988
0.360319
0.149123
0.444044
0.284613
0.274140
0.231520
0.285064
0.253882
0.259967
0.037935
0.143675
0.235627
0.175102
0.237521
0.464490
0.195398
0.179868
0.105211
0.142126
0.096783
0.421690
0.315413
0.313732
0.094166
0.203211
0.320652
0.225223
0.476726
0.254967
0.256717
0.458249
0.423372
0.238267
0.156725
0.119901
0.263218
0.154498
0.313063
0.379639
0.259748
0.190843
0.406603
0.156709
0.477814
0.200408
0.235884
0.333023
0.216824
0.170980
0.463634
0.293145
0.136053
0.554068
0.218445
0.461852
0.364946
0.244538
0.114291
0.236780
0.232123
0.302049
0.467218
0.340301
0.216314
0.285210
0.195030
0.464013
0.334347
0.152121
0.232284
0.227746
0.153839
0.317287
0.642942
0.328842
0.185752
0.351004
0.115818
0.275925
0.170716
0.174334
0.228518
0.113133
0.155582
0.180972
0.065569
0.121896
0.398114
0.368311
0.118984
0.240051
0.256733
0.152726
0.337567
0.113003
0.157555
0.496322
0.456881
0.644743
0.055397
0.174498
0.381749
0.175677
0.226560
0.391947
0.305962
0.178808
0.166668
0.206186
0.495509
0.165981
0.144918
0.225582
0.585890
0.253321
0.167379
0.179658
0.474427
0.222076
0.181451
0.228277
0.215834
0.118130
0.306602
0.315546
0.337619
0.364126
0.263391
0.246686
0.183077
0.201829
0.190691
0.151849
0.314358
0.541225
0.132921
0.410965
0.480975
0.339273
0.134807
0.218402
0.327989
0.206549
0.360729
0.306961
0.313105
0.338218
0.171996
0.230092
0.589031
0.284188
0.284549
0.358695
0.162586
0.236427
0.280434
0.289369
0.346536
0.174429
0.294746
0.209648
0.216277
0.558621
0.392790
0.327889
0.340389
0.300661
0.356119
0.168946
0.225132
0.192727
0.506607
0.058898
0.228515
0.213639
0.126820
0.253515
0.157122
0.478200
0.269406
0.542691
0.170434
0.474685
0.479019
0.117923
0.101223
0.189652
0.274926
0.263637
0.211611
0.274741
0.200288
0.126847
0.216203
0.296173
0.196583
0.231962
0.437925
0.188535
0.353852
0.317390
0.140987
0.159379
0.183638
0.323908
0.067802
0.137114
0.576211
0.376718
0.280208
0.369174
0.256666
0.167045
0.238359
0.227043
0.164968
0.184063
0.142521
0.218830
0.311170
0.288061
0.140698
0.215453
0.220152
0.031048
0.176679
0.205399
0.555226
0.396963
0.214204
0.100559
0.337579
0.361447
0.193417
0.202088
0.294900
0.241681
0.293474
0.145374
0.099599
0.260515
0.217121
0.157178
0.287871
0.439724
0.069748
0.106244
0.354053
0.181883
0.082022
0.452647
0.329098
0.591990
0.231481
0.025128
0.265248
0.056032
0.491756
0.184326
0.192400
0.304836
0.090563
0.202534
0.012540
0.343695
0.066560
0.389162
0.327126
0.254366
0.186130
0.322576
0.280001
0.319245
0.174390
0.241453
0.128577
0.271720
0.150214
0.222172
0.376232
0.334914
0.148536
0.270664
0.233480
0.164766
0.267645
0.360617
0.343205
0.138346
0.172342
0.097439
0.143397
0.546998
0.034728
0.384229
0.391571
0.096522
0.246653
0.381842
0.108403
0.281807
0.043803
0.244040
0.303741
0.194040
0.354810
0.085007
0.237470
0.363510
0.249052
0.240844
0.213849
0.237053
0.215896
0.085850
0.200229
0.152714
0.202403
0.463978
0.050843
0.199859
0.147131
0.180111
0.239242
0.324815
0.177148
0.191815
0.185137
0.230957
0.285399
0.079569
0.210733
0.396235
0.454832
0.166497
0.278796
0.238498
0.342660
0.187342
0.267760
0.041891
0.094264
0.254180
0.273949
0.183421
0.449213
0.241046
0.126908
0.579017
0.151715
0.197480
0.523455
0.164583
0.260300
0.672968
0.126229
0.319848
0.387501
0.173896
0.269436
0.146537
0.106193
0.155241
0.241882
0.419266
0.266151
0.280224
0.120715
0.195354
0.199987
0.155204
0.500992
0.377856
0.346858
0.163553
0.356132
0.304953
0.188510
0.261313
0.278245
0.269388
0.184918
0.497380
0.245271
0.275416
0.197067
0.073324
0.151471
0.534152
0.086162
0.295926
0.245653
0.067632
0.242334
0.464880
0.242094
0.145766
0.486722
0.135330
0.473082
0.334892
0.213477
0.263037
0.224465
0.184658
0.291419
0.372443
0.416441
0.395413
0.151535
0.155091
0.305364
0.247586
0.454106
0.443653
0.223073
0.216418
0.302438
0.531900
0.184061
0.210292
0.561531
0.245620
0.272568
0.145149
0.168638
0.113289
0.288374
0.390949
0.147350
0.434500
0.232862
0.099440
0.230025
0.386184
0.402878
0.194505
0.195099
0.610224
0.252552
0.134406
0.328140
0.212501
0.177746
0.261390
0.151732
0.336855
0.252871
0.338503
0.261310
0.058506
0.179803
0.527643
0.377990
0.316029
0.193645
0.171211
0.354625
0.222655
0.235487
0.157750
0.141125
0.182538
0.192632
0.192834
0.257141
0.470497
0.364413
0.075863
0.209797
0.066890
0.193181
0.283189
0.284327
0.349937
0.207420
0.500892
0.401798
0.187888
0.214298
0.168354
0.220378
0.390321
0.128214
0.539079
0.582401
0.320827
0.314336
0.416064
0.329657
0.431682
0.230410
0.270485
0.375209
0.197648
0.223633
0.256062
0.138903
0.250826
0.181656
0.097404
0.309193
0.354752
0.350082
0.431824
0.123319
0.309193
0.203317
0.151743
0.338578
0.487947
0.086605
0.401438
0.222111
0.429294
0.123258
0.351477
0.317906
0.189263
0.412031
0.242979
0.179577
0.321649
0.391353
0.261164
0.359395
0.311934
0.203586
0.225285
0.208310
0.043289
0.267836
0.208613
0.266326
0.171618
0.117504
0.479505
0.264863
0.459666
0.318261
0.196421
0.199924
0.308380
0.321304
0.300757
0.325037
0.217329
0.527926
0.172855
0.144623
0.170728
0.399349
0.198127
0.567194
0.161127
0.309683
0.165148
0.076938
0.382657
0.177683
0.328097
0.074484
0.297846
0.236760
0.318767
0.373866
0.230614
0.298973
0.275857
0.193066
0.224197
0.210082
0.267831
0.285285
0.261563
0.182216
0.300374
0.343558
0.409543
0.172008
0.335777
0.417367
0.407203
0.299738
0.168396
0.207889
0.693071
0.397889
0.401377
0.288759
0.248309
0.361087
0.212284
0.194203
0.101059
0.239861
0.334542
0.466214
0.556714
0.232908
0.290786
0.250675
0.300827
0.247195
0.270067
0.152299
0.282953
0.343546
0.302234
0.111375
0.292539
0.173078
0.580644
0.307185
0.281730
0.181262
0.382883
0.255380
0.455929
0.274397
0.067839
0.123549
0.222542
0.303723
0.204758
0.127430
0.137227
0.163273
0.378345
0.420822
0.160840
0.504839
0.463224
0.348286
0.321636
0.105040
0.199049
0.084084
0.240394
0.257136
0.570671
0.088028
0.223839
0.543384
0.090942
0.207050
0.182652
0.276631
0.218827
0.211607
0.297048
0.207877
0.527289
0.254938
0.218142
0.152334
0.127053
0.210052
0.542830
0.119656
0.234147
0.164882
0.242637
0.223634
0.179232
0.202125
0.115985
0.144293
0.204275
0.095189
0.217448
0.411773
0.196850
0.212400
0.106698
0.280503
0.402668
0.461985
0.361373
0.136842
0.451416
0.193510
0.092468
0.424960
0.402037
0.463242
0.158975
0.174723
0.186127
0.160489
0.357127
0.332571
0.286793
0.107820
0.376360
0.171614
0.125110
0.148555
0.172360
0.456343
0.231795
0.288730
0.221995
0.244037
0.194663
0.156045
0.261716
0.178161
0.280486
0.208221
0.141586
0.303721
0.171521
0.195019
0.232311
0.209563
0.233570
0.546066
0.145050
0.153211
0.275581
0.137174
0.552481
0.471305
0.079520
0.134114
0.147251
0.111019
0.200480
0.266206
0.202828
0.234534
0.272949
0.388240
0.286444
0.200685
0.214782
0.130369
0.217872
0.071433
0.261692
0.276212
0.355959
0.283895
0.285906
0.188150
0.210833
0.175292
0.129091
0.280224
0.175134
0.165071
0.194746
0.402000
0.559410
0.242453
0.389700
0.089143
0.198870
0.229248
0.334708
0.316169
0.256214
0.244149
0.226929
0.228892
0.092766
0.084759
0.314253
0.269207
0.295176
0.375631
0.420477
0.210331
0.373153
0.315695
0.181133
0.256894
0.336744
0.378514
0.346445
0.356059
0.240451
0.165104
0.360516
0.238408
0.238606
0.219500
0.266486
0.442858
0.248818
0.285547
0.229256
0.283007
0.176983
0.283038
0.324912
0.346097
0.185100
0.233538
0.305442
0.347334
0.247216
0.282628
0.445284
0.241645
0.198477
0.114757
0.225390
0.302414
0.270343
0.219787
0.173177
0.351108
0.272647
0.436226
0.272550
0.163659
0.273908
0.225500
0.175252
0.310648
0.258777
0.401848
0.201586
0.154887
0.232014
0.095165
0.185348
0.272406
0.191574
0.279249
0.458140
0.168318
0.388232
0.092852
0.176246
0.040389
0.356882
0.408098
0.323453
0.113476
0.090958
0.246170
0.359746
0.133253
0.146099
0.165047
0.385069
0.366794
0.470279
0.226132
0.317086
0.240285
0.105027
0.274152
0.194164
0.192861
0.271398
0.233441
0.176096
0.250727
0.444721
0.198505
0.261445
0.166426
0.341130
0.354444
0.125800
0.316391
0.316866
0.334403
0.421349
0.178928
0.191171
0.157093
0.458585
0.180460
0.600050
0.551016
0.299920
0.248697
0.228778
0.477814
0.319109
0.172421
0.126179
0.205005
0.154318
0.269806
0.114497
0.466424
0.243345
0.237184
0.416927
0.094555
0.381898
0.297951
0.185636
0.033433
0.482033
0.220320
0.235203
0.512917
0.469311
0.395274
0.221982
0.245090
0.251895
0.157931
0.093165
0.323380
0.311104
0.294863
0.342783
0.252403
0.301238
0.176898
0.264459
0.397752
0.205333
0.201832
0.338146
0.385763
0.217082
0.209195
0.564531
0.115949
0.098130
0.511066
0.282792
0.276878
0.174602
0.232036
0.161088
0.332192
0.420583
0.299751
0.311043
0.501932
0.160427
0.087661
0.182582
0.304826
0.213935
0.167528
0.244233
0.157679
0.242951
0.230457
0.260653
0.182992
0.276379
0.235560
0.368091
0.446855
0.363312
0.405678
0.196635
0.621098
0.137232
0.219827
0.133873
0.193843
0.175700
0.117003
0.253478
0.141159
0.150094
0.206864
0.291743
0.364150
0.153133
0.363568
0.298984
0.254456
0.314851
0.181500
0.312164
0.123854
0.303717
0.442148
0.042094
0.374569
0.329133
0.404982
0.231497
0.410012
0.284439
0.223976
0.181088
0.188546
0.204052
0.466660
0.503266
0.312973
0.283527
0.042048
0.144480
0.296869
0.253054
0.460241
0.194909
0.124976
0.425422
0.085646
0.115979
0.229501
0.366344
0.258751
0.268298
0.224288
0.167857
0.191069
0.217056
0.266444
0.339684
0.191836
0.258273
0.541633
0.281879
0.265797
0.245882
0.514054
0.205765
0.344614
0.417864
0.246350
0.528040
0.208416
0.259342
0.269914
0.210610
0.200383
0.077002
0.166005
0.199041
0.259256
0.102423
0.281232
0.182297
0.343649
0.223988
0.251540
0.150734
0.196425
0.313583
0.226418
0.491891
0.171656
0.484777
0.078923
0.191027
0.449121
0.110894
0.114838
0.320436
0.338998
0.528040
0.391647
0.345891
0.172558
0.165197
0.223551
0.104612
0.215822
0.183086
0.321419
0.171209
0.555523
0.371341
0.270370
0.259435
0.254377
0.218671
0.536113
0.206553
0.130852
0.282381
0.230271
0.259025
0.328241
0.168761
0.186606
0.509875
0.148474
0.196659
0.238422
0.107805
0.118085
0.172848
0.168438
0.046292
0.315867
0.357674
0.242293
0.240472
0.155050
0.345664
0.307816
0.324974
0.258955
0.147117
0.186065
0.212258
0.516457
0.160460
0.297939
0.117306
0.295250
0.249997
0.338731
0.135341
0.079568
0.289969
0.051897
0.421097
0.238522
0.179519
0.145819
0.242098
0.147520
0.326675
0.534216
0.197296
0.174143
0.256192
0.355790
0.256945
0.169990
0.272320
0.324462
0.490800
0.083734
0.228795
0.267488
0.222836
0.319581
0.252088
0.219131
0.324575
0.154863
0.547982
0.258683
0.458732
0.186372
0.183070
0.201902
0.214347
0.132778
0.165138
0.496271
0.427407
0.250933
0.528217
0.233694
0.164256
0.266483
0.239944
0.400055
0.559773
0.155079
0.231326
0.163164
0.316017
0.060090
0.273709
0.204342
0.212859
0.240150
0.314345
0.100746
0.302008
0.260110
0.232649
0.334139
0.365467
0.240928
0.487145
0.172422
0.131661
0.260241
0.543288
0.265883
0.331858
0.156447
0.276954
0.197460
0.189451
0.263910
0.421634
0.404461
0.189555
0.220725
0.238229
0.403828
0.271291
0.381046
0.195322
0.154638
0.174084
0.234472
0.147427
0.138868
0.467234
0.157294
0.167330
0.382180
0.107978
0.444784
0.252060
0.424988
0.176460
0.096376
0.057977
0.522983
0.740209
0.471470
0.330466
0.261663
0.515368
0.357793
0.079900
0.126092
0.367978
0.187382
0.155325
0.139349
0.354082
0.353047
0.161152
0.347940
0.157196
0.300284
0.308754
0.346043
0.266780
0.255787
0.380968
0.126788
0.145950
0.261600
0.256739
0.362279
0.240016
0.153685
0.445467
0.292455
0.194783
0.442180
0.278812
0.295648
0.349524
0.245987
0.150611
0.114368
0.352066
0.199105
0.093864
0.268464
0.182168
0.284526
0.219402
0.303034
0.247541
0.437202
0.423282
0.228264
0.444340
0.396455
0.550378
0.385448
0.263120
0.220848
0.202191
0.449173
0.270265
0.280120
0.167596
0.491704
0.189656
0.191673
0.275131
0.371867
0.106772
0.293783
0.294611
0.294049
0.335721
0.327127
0.081271
0.072758
0.322778
0.129237
0.115992
0.266693
0.106990
0.332327
0.172493
0.331866
0.145482
0.256081
0.222531
0.456397
0.230042
0.230021
0.168509
0.101395
0.469420
0.221164
0.208334
0.058361
0.106026
0.193727
0.221323
0.322078
0.496456
0.261458
0.462362
0.842656
0.244905
0.376514
0.338933
0.223975
0.214623
0.088105
0.230017
0.385968
0.230112
0.224478
0.545783
0.197618
0.227195
0.316066
0.272564
0.194920
0.228837
0.324946
0.545892
0.400947
0.379540
0.379355
0.347942
0.238285
0.206661
0.418160
0.259689
0.157410
0.242057
0.281696
0.275216
0.170125
0.160606
0.245294
0.519351
0.199940
0.430215
0.239173
0.276576
0.224807
0.111103
0.300949
0.141486
0.225742
0.324161
0.205895
0.445698
0.411767
0.314989
0.482051
0.229095
0.167734
0.230724
0.367075
0.318234
0.453248
0.307473
0.109626
0.271361
0.261939
0.198910
0.378127
0.242357
0.511012
0.308233
0.237625
0.295066
0.368183
0.216787
0.261928
0.328953
0.115179
0.494353
0.185859
0.216692
0.251235
0.286877
0.340449
0.443300
0.149171
0.367853
0.227669
0.384437
0.412744
0.397375
0.224026
0.742890
0.109641
0.169050
0.207426
0.151401
0.153544
0.109927
0.101526
0.382242
0.205087
0.334755
0.356601
0.196757
0.208952
0.221859
0.234235
0.503164
0.210451
0.260690
0.273915
0.189067
0.195276
0.160915
0.291044
0.117251
0.294775
0.232199
0.221808
0.335807
0.542691
0.173789
0.153084
0.132249
0.522895
0.356753
0.338249
0.329968
0.303417
0.539371
0.330356
0.238498
0.155562
0.164484
0.170657
0.234673
0.333895
0.181587
0.230862
0.270439
0.214485
0.290489
0.270208
0.520305
0.364038
0.199942
0.270879
0.220164
0.183904
0.280198
0.337572
0.384381
0.250660
0.485533
0.143413
0.105451
0.102660
0.280030
0.612271
0.242272
0.434739
0.167956
0.325170
0.172335
0.460725
0.249283
0.240199
0.200321
0.179803
0.497472
0.253559
0.492119
0.193453
0.490932
0.224274
0.327687
0.135400
0.267045
0.269295
0.191934
0.176393
0.068646
0.208853
0.292421
0.070597
0.384150
0.181487
0.336188
0.160509
0.253063
0.449301
0.227679
0.330767
0.243504
0.078096
0.110398
0.106541
0.134633
0.228995
0.298314
0.275362
0.402517
0.187645
0.289496
0.239182
0.596422
0.316630
0.224413
0.186305
0.125866
0.164045
0.356227
0.089916
0.123366
0.362671
0.207433
0.211322
0.370661
0.205232
0.239734
0.140765
0.116840
0.217612
0.380974
0.132702
0.149670
0.254194
0.251374
0.268680
0.383340
0.248277
0.177649
0.220102
0.260572
0.171378
0.293456
0.326520
0.170823
0.387449
0.210582
0.279370
0.162225
0.412304
0.415141
0.247291
0.200084
0.209442
0.176261
0.220528
0.411619
0.092869
0.175521
0.497452
0.222670
0.518517
0.272976
0.245806
0.107327
0.089546
0.324063
0.223764
0.208714
0.545019
0.133506
0.232636
0.310771
0.322819
0.165670
0.236944
0.199010
0.190400
0.333754
0.300067
0.324947
0.616446
0.266863
0.261607
0.292466
0.394283
0.410397
0.200655
0.233905
0.180051
0.218887
0.234414
0.241570
0.315920
0.139670
0.293174
0.198445
0.512021
0.323812
0.310147
0.275585
0.323855
0.198790
0.154439
0.464295
0.239730
0.162726
0.211041
0.484710
0.146606
0.149104
0.357110
0.124289
0.475054
0.388210
0.287232
0.344766
0.116806
0.310283
0.231334
0.200055
0.166886
0.466756
0.337964
0.323781
0.209752
0.224476
0.272261
0.323411
0.166861
0.229460
0.337670
0.332433
0.285130
0.181361
0.386794
0.216650
0.187513
0.541068
0.117612
0.412374
0.205068
0.781210
0.291533
0.176235
0.502526
0.287180
0.339132
0.156063
0.550837
0.119507
0.345013
0.354872
0.117280
0.363365
0.167762
0.213308
0.289135
0.345452
0.355257
0.060433
0.231060
0.174528
0.260188
0.178958
0.138210
0.195366
0.134461
0.218862
0.470161
0.174718
0.160734
0.061997
0.254455
0.336396
0.185490
0.634981
0.129431
0.224671
0.270255
0.346424
0.207235
0.249618
0.249627
0.052837
0.141118
0.195802
0.227721
0.236769
0.275403
0.120896
0.292948
0.102678
0.167264
0.070128
0.395051
0.156540
0.264273
0.238056
0.626305
0.450507
0.204832
0.119078
0.140006
0.338452
0.335641
0.237128
0.120291
0.267568
0.234820
0.197186
0.297945
0.182289
0.321867
0.073404
0.180553
0.584879
0.131147
0.293783
0.214212
0.209657
0.166679
0.189615
0.247124
0.255691
0.313626
0.361258
0.339667
0.189383
0.169350
0.208394
0.178638
0.154276
0.543090
0.201288
0.237766
0.278628
0.183163
0.130988
0.217639
0.260546
0.549229
0.167343
0.258161
0.167745
0.123928
0.269241
0.332911
0.301916
0.415154
0.316308
0.193663
0.119026
0.212980
0.186188
0.336144
0.310365
0.152681
0.227666
0.229652
0.418547
0.231452
0.240373
0.222327
0.358945
0.130247
0.017878
0.161687
0.120181
0.176583
0.303895
0.370929
0.283721
0.106462
0.350465
0.288926
0.216837
0.091622
0.298403
0.140306
0.376683
0.347650
0.314464
0.463314
0.444385
0.207626
0.203985
0.278072
0.156825
0.160826
0.219977
0.188100
0.213222
0.140990
0.072414
0.208283
0.698780
0.263095
0.220498
0.267050
0.199641
0.179206
0.304986
0.381721
0.173171
0.594778
0.158151
0.105920
0.196353
0.307421
0.078456
0.207546
0.181797
0.327126
0.089647
0.441756
0.427901
0.236596
0.192597
0.052834
0.176167
0.391992
0.227630
0.403809
0.199417
0.136325
0.252908
0.252230
0.342549
0.392518
0.217158
0.221047
0.104822
0.151056
0.237115
0.323102
0.322455
0.242242
0.173611
0.267285
0.351872
0.199363
0.235676
0.155704
0.227422
0.295930
0.107030
0.216425
0.331181
0.165485
0.312765
0.191952
0.154407
0.521607
0.334361
0.236567
0.081420
0.191672
0.144494
0.290330
0.290653
0.155687
0.197516
0.354326
0.097278
0.154160
0.154018
0.216224
0.144370
0.215132
0.219812
0.315286
0.271621
0.171443
0.308215
0.124197
0.469461
0.274833
0.134169
0.159819
0.338452
0.324816
0.286543
0.238197
0.114999
0.058769
0.196850
0.233367
0.352697
0.266967
0.339525
0.201251
0.368084
0.268809
0.193121
0.139933
0.107877
0.253059
0.220993
0.294326
0.323627
0.363256
0.163343
0.070503
0.235360
0.194368
0.375395
0.148159
0.327622
0.227012
0.218133
0.336548
0.434201
0.253948
0.304881
0.296518
0.336648
0.365588
0.366694
0.193647
0.482283
0.149871
0.097779
0.191604
0.402981
0.182803
0.145311
0.437411
0.263551
0.408387
0.192287
0.179540
0.358422
0.225497
0.541865
0.293698
0.067999
0.319085
0.337904
0.082354
0.175135
0.324935
0.445275
0.200521
0.250004
0.181460
0.094227
0.378170
0.150707
0.090563
0.546339
0.205612
0.284234
0.204117
0.311913
0.152327
0.336320
0.405855
0.375881
0.299208
0.433899
0.296528
0.229691
0.096117
0.228438
0.521551
0.156071
0.315377
0.102420
0.532673
0.237237
0.507191
0.195740
0.284376
0.422417
0.319481
0.399975
0.211538
0.479852
0.216461
0.182381
0.212646
0.409496
0.297945
0.161338
0.313672
0.705073
0.175081
0.320053
0.319139
0.229967
0.057824
0.276105
0.205032
0.178791
0.377652
0.264168
0.214906
0.379497
0.132600
0.292856
0.242602
0.191338
0.293998
0.361346
0.519546
0.341046
0.332710
0.199582
0.621496
0.178931
0.274224
0.209682
0.228879
0.326650
0.199771
0.188977
0.150071
0.260286
0.110721
0.547869
0.148018
0.598108
0.127828
0.222171
0.352703
0.358804
0.348489
0.210063
0.337540
0.152229
0.341170
0.300045
0.380099
0.168874
0.202876
0.189716
0.149262
0.459209
0.350263
0.276803
0.090144
0.517296
0.353540
0.230365
0.574600
0.511622
0.199015
0.177667
0.205876
0.063323
0.167746
0.016907
0.209161
0.366158
0.305658
0.139798
0.304780
0.340690
0.327888
0.344591
0.188556
0.241365
0.392557
0.438844
0.176805
0.476777
0.274411
0.349662
0.610134
0.361174
0.311069
0.302393
0.156418
0.360566
0.497487
0.315745
0.423688
0.347032
0.367856
0.122889
0.230966
0.117496
0.140461
0.344590
0.445273
0.504177
0.243805
0.299637
0.260717
0.203087
0.215626
0.224891
0.160318
0.252215
0.406087
0.532274
0.202622
0.374819
0.271361
0.302946
0.128362
0.129532
0.274919
0.387282
0.552751
0.114380
0.199574
0.215428
0.202005
0.336541
0.281304
0.118234
0.252438
0.171008
0.256232
0.641676
0.184779
0.286989
0.110936
0.117988
0.304995
0.527926
0.509344
0.315106
0.164830
0.201698
0.073220
0.081986
0.253373
0.439869
0.662358
0.144044
0.310806
0.179131
0.215663
0.279420
0.163054
0.230311
0.437603
0.294931
0.536305
0.487986
0.127422
0.247671
0.230426
0.188226
0.265628
0.095807
0.242813
0.170835
0.136769
0.152207
0.518519
0.532759
0.276846
0.296272
0.169733
0.137014
0.316431
0.116618
0.194899
0.088027
0.091577
0.312422
0.488794
0.337517
0.392554
0.382522
0.103600
0.197816
0.334391
0.318243
0.537710
0.329622
0.162514
0.424024
0.124060
0.345853
0.316636
0.355694
0.260086
0.211972
0.278349
0.109511
0.179885
0.224741
0.556695
0.201887
0.323763
0.381842
0.403977
0.175196
0.314195
0.340577
0.259700
0.424133
0.144814
0.181171
0.419177
0.244300
0.515518
0.115170
0.195226
0.144485
0.217251
0.395367
0.023393
0.145951
0.230996
0.294617
0.362779
0.411934
0.235705
0.182366
0.131831
0.197615
0.417867
0.284848
0.366125
0.636362
0.272080
0.318190
0.110596
0.312417
0.277420
0.088345
0.239794
0.226778
0.180511
0.392026
0.284441
0.167214
0.190180
0.182436
0.234519
0.193217
0.247646
0.090099
0.327914
0.412980
0.232764
0.091383
0.329743
0.360172
0.387862
0.116509
0.083641
0.169372
0.188428
0.189699
0.225085
0.233244
0.303904
0.230520
0.125780
0.175480
0.148094
0.205198
0.185714
0.153513
0.205933
0.094517
0.289754
0.151018
0.307643
0.493917
0.269041
0.375086
0.137865
0.448911
0.167925
0.156593
0.153100
0.279599
0.073933
0.310103
0.290144
0.421348
0.199402
0.229597
0.133583
0.055835
0.272766
0.271387
0.245769
0.121400
0.219984
0.170739
0.411187
0.111590
0.296660
0.276161
0.214881
0.095388
0.074564
0.338433
0.134883
0.319785
0.254590
0.322862
0.526835
0.406157
0.225684
0.080371
0.279060
0.068654
0.304680
0.366196
0.035031
0.179883
0.173433
0.147889
0.287292
0.486756
0.303574
0.196234
0.101260
0.086092
0.103847
0.136212
0.217348
0.142271
0.329233
0.331369
0.266392
0.234632
0.242626
0.266151
0.258507
0.367972
0.220119
0.211940
0.339223
0.161275
0.486276
0.495586
0.155700
0.313891
0.277486
0.419170
0.427466
0.292256
0.220270
0.315723
0.226619
0.407410
0.168534
0.196802
0.250664
0.114196
0.262824
0.214180
0.324472
0.106172
0.290453
0.205952
0.222720
0.338104
0.139636
0.187797
0.531551
0.172606
0.180490
0.244931
0.200872
0.324204
0.202972
0.289421
0.236124
0.151654
0.643627
0.427548
0.464107
0.363494
0.327080
0.224589
0.387495
0.506117
0.156863
0.501856
0.212770
0.238555
0.263019
0.520834
0.412488
0.246710
0.347718
0.267314
0.128933
0.615537
0.173870
0.289822
0.290780
0.155854
0.083653
0.355662
0.183022
0.170089
0.182175
0.138456
0.197375
0.144987
0.260636
0.175185
0.114575
0.344590
0.151057
0.268743
0.272138
0.191947
0.261401
0.436059
0.429534
0.154656
0.205031
0.230022
0.318787
0.210786
0.539563
0.286363
0.435600
0.331061
0.137681
0.359773
0.363254
0.352344
0.429659
0.149340
0.374024
0.378543
0.229617
0.148715
0.138228
0.329635
0.336701
0.186085
0.381508
0.431102
0.246919
0.471823
0.055080
0.162605
0.349574
0.277807
0.265042
0.160600
0.485464
0.186628
0.163102
0.132369
0.297675
0.393766
0.224024
0.140195
0.326598
0.512790
0.273312
0.456332
0.237548
0.389470
0.423053
0.199522
0.186591
0.126069
0.255442
0.160224
0.140052
0.229481
0.331958
0.157007
0.211720
0.216387
0.384774
0.249997
0.348938
0.172372
0.249421
0.251277
0.104954
0.105524
0.289063
0.088783
0.409727
0.202277
0.249390
0.110403
0.181693
0.174798
0.363494
0.142034
0.273581
0.331563
0.097060
0.174481
0.055243
0.228444
0.187026
0.232141
0.174146
0.404561
0.097388
0.182057
0.406303
0.312797
0.061087
0.261276
0.227866
0.111107
0.284784
0.208996
0.235705
0.265745
0.097867
0.334582
0.274143
0.185268
0.357755
0.473289
0.203633
0.366017
0.297228
0.176522
0.309775
0.243372
0.273435
0.338511
0.387653
0.348617
0.154313
0.320507
0.072753
0.221699
0.156689
0.341522
0.263929
0.241786
0.396409
0.205564
0.274583
0.348543
0.173537
0.643434
0.236791
0.136140
0.280851
0.297808
0.266051
0.226060
0.193699
0.328502
0.216662
0.210526
0.156725
0.182085
0.325887
0.297717
0.190202
0.233651
0.510400
0.248893
0.263024
0.342846
0.117891
0.265365
0.279670
0.358991
0.240062
0.335862
0.095885
0.298285
0.285425
0.226411
0.085732
0.474092
0.142166
0.287006
0.400900
0.129747
0.127293
0.239416
0.079329
0.248544
0.272554
0.337983
0.294235
0.339776
0.174878
0.276396
0.380590
0.341178
0.331375
0.194049
0.206856
0.270670
0.200610
0.284946
0.295766
0.223461
0.297420
0.295255
0.283223
0.231624
0.331769
0.371764
0.160450
0.430926
0.173931
0.300201
0.228627
0.125427
0.231243
0.188083
0.456083
0.336071
0.186650
0.293005
0.427011
0.553599
0.173631
0.221668
0.165305
0.098562
0.134359
0.139757
0.360319
0.152054
0.148646
0.239362
0.263197
0.098761
0.227234
0.332555
0.330851
0.236023
0.212845
0.179846
0.291544
0.396626
0.224330
0.274910
0.159255
0.522215
0.350804
0.301558
0.254168
0.324524
0.414962
0.166334
0.384593
0.301799
0.187227
0.169038
0.181831
0.199726
0.414757
0.199697
0.255763
0.094335
0.388639
0.459286
0.191696
0.110744
0.232492
0.148876
0.248633
0.394584
0.483788
0.193367
0.190058
0.384382
0.453790
0.076564
0.223070
0.293108
0.072899
0.213492
0.187300
0.211328
0.368935
0.152519
0.310344
0.185434
0.218748
0.527233
0.195765
0.193719
0.317149
0.138049
0.269844
0.143976
0.499472
0.174231
0.210812
0.119138
0.191491
0.317600
0.137369
0.123493
0.189212
0.234876
0.367315
0.557048
0.257130
0.225550
0.321326
0.400603
0.233498
0.449699
0.148149
0.396082
0.183746
0.252401
0.331399
0.163766
0.098765
0.342660
0.108299
0.241379
0.393325
0.305685
0.288860
0.478657
0.153216
0.178535
0.311416
0.191762
0.347079
0.174340
0.158425
0.251887
0.165361
0.289238
0.272940
0.611787
0.442099
0.342330
0.245681
0.234628
0.230430
0.212329
0.233761
0.375318
0.234898
0.289699
0.294829
0.340478
0.356771
0.202949
0.081924
0.255516
0.555403
0.176852
0.237943
0.132044
0.404094
0.279368
0.137271
0.146193
0.250647
0.277957
0.239373
0.569370
0.155797
0.252390
0.106285
0.294429
0.203347
0.233151
0.227436
0.029764
0.192099
0.241508
0.292289
0.523032
0.164784
0.725954
0.291544
0.230931
0.138835
0.325418
0.195019
0.217707
0.288965
0.620481
0.272124
0.314021
0.170193
0.179363
0.027795
0.241084
0.221211
0.199128
0.166457
0.279531
0.133041
0.450388
0.216101
0.340468
0.256534
0.499553
0.223948
0.416001
0.263965
0.229283
0.368015
0.165348
0.262476
0.237212
0.357806
0.205465
0.191745
0.113552
0.210513
0.769687
0.238144
0.371299
0.203362
0.409039
0.329546
0.189200
0.326286
0.161073
0.264317
0.214534
0.387976
0.125553
0.337334
0.326686
0.224432
0.140367
0.089785
0.157283
0.287443
0.286799
0.174209
0.320203
0.173074
0.213082
0.248158
0.137636
0.261245
0.056210
0.550311
0.123992
0.255372
0.308005
0.264924
0.291958
0.343136
0.378699
0.218372
0.270827
0.340236
0.327168
0.419653
0.095259
0.260018
0.221858
0.318896
0.356920
0.431087
0.396573
0.505713
0.098589
0.237277
0.205529
0.134255
0.160596
0.140622
0.208935
0.230241
0.208149
0.157505
0.279690
0.241743
0.237920
0.193290
0.297127
0.262422
0.327642
0.349908
0.370571
0.282548
0.204050
0.135319
0.454836
0.247851
0.192467
0.354461
0.454895
0.294985
0.289467
0.187407
0.373014
0.287126
0.361626
0.131554
0.183684
0.226922
0.334298
0.165083
0.177383
0.273780
0.373448
0.165573
0.293781
0.353146
0.134588
0.188266
0.380276
0.307273
0.260309
0.237785
0.145057
0.397693
0.274680
0.285342
0.296518
0.140827
0.130557
0.284011
0.292521
0.222603
0.273579
0.080091
0.173395
0.219299
0.357053
0.200018
0.751248
0.064890
0.382484
0.192603
0.174229
0.200203
0.214610
0.240339
0.263553
0.155104
0.576255
0.139738
0.179811
0.138117
0.163556
0.199537
0.226916
0.677829
0.317505
0.146866
0.326284
0.403350
0.317987
0.158352
0.143353
0.417433
0.091941
0.296566
0.195679
0.314406
0.357830
0.369957
0.136445
0.336134
0.308061
0.157964
0.209034
0.247541
0.343555
0.168064
0.178751
0.211574
0.179220
0.349585
0.158838
0.201196
0.226848
0.486434
0.146804
0.204251
0.058672
0.182533
0.283247
0.184684
0.237507
0.284242
0.054965
0.338999
0.515454
0.323572
0.256111
0.101551
0.193152
0.330055
0.343022
0.260902
0.517110
0.308418
0.352976
0.191569
0.209035
0.295419
0.206156
0.406301
0.134583
0.228924
0.332411
0.168606
0.327254
0.185238
0.374775
0.178180
0.185309
0.326899
0.242696
0.318017
0.091162
0.130928
0.213325
0.427805
0.275435
0.252230
0.211836
0.174903
0.307933
0.253357
0.322915
0.170719
0.296754
0.494603
0.308941
0.261798
0.238210
0.175627
0.216830
0.323655
0.204974
0.153980
0.242588
0.094504
0.114774
0.188753
0.292739
0.327073
0.188150
0.201082
0.384634
0.084526
0.454313
0.425343
0.201443
0.325470
0.119612
0.290254
0.298354
0.163432
0.270324
0.264667
0.339765
0.099694
0.532668
0.329344
0.260669
0.418478
0.671574
0.251951
0.272173
0.455458
0.176069
0.208626
0.307667
0.152301
0.259597
0.370547
0.090729
0.316592
0.162415
0.408387
0.107560
0.244080
0.270266
0.215395
0.179300
0.233542
0.204735
0.256853
0.170480
0.398721
0.152601
0.183767
0.304393
0.154810
0.264173
0.179184
0.311417
0.151147
0.526080
0.138433
0.157885
0.198838
0.381706
0.278794
0.156758
0.232901
0.351643
0.122432
0.280253
0.190565
0.282393
0.103566
0.203415
0.070128
0.217941
0.369773
0.293395
0.211179
0.367415
0.429500
0.486449
0.315221
0.285552
0.164381
0.028207
0.135726
0.209042
0.295889
0.175773
0.155739
0.101798
0.194347
0.122744
0.174402
0.245927
0.204122
0.216222
0.244502
0.344464
0.312496
0.199788
0.271459
0.171638
0.435099
0.126409
0.451480
0.142945
0.156619
0.269897
0.367405
0.099550
0.085971
0.196217
0.463747
0.379913
0.257323
0.265343
0.213396
0.279865
0.196894
0.223184
0.627878
0.279601
0.185648
0.249950
0.461163
0.150673
0.451491
0.172481
0.240785
0.202081
0.168419
0.120772
0.208983
0.267918
0.167176
0.254565
0.180737
0.249095
0.323208
0.254226
0.418656
0.097234
0.330252
0.367501
0.200068
0.224311
0.277003
0.179263
0.293668
0.195862
0.420666
0.204678
0.105489
0.297278
0.294591
0.167682
0.301765
0.209053
0.233364
0.389268
0.275224
0.205765
0.302832
0.269970
0.208691
0.177739
0.152898
0.388056
0.198315
0.592881
0.453470
0.190815
0.195722
0.206438
0.182411
0.462818
0.239061
0.236194
0.400067
0.220294
0.203811
0.258347
0.025425
0.233055
0.272460
0.248369
0.268857
0.464716
0.282818
0.293291
0.282857
0.350078
0.113645
0.168037
0.125598
0.220774
0.118712
0.125406
0.338993
0.553682
0.536646
0.265893
0.367691
0.199845
0.321143
0.270249
0.152066
0.093074
0.305912
0.207335
0.206655
0.426432
0.243889
0.304288
0.222897
0.349553
0.258677
0.129134
0.216501
0.462900
0.462301
0.330620
0.453065
0.233129
0.266636
0.396755
0.331696
0.397318
0.125155
0.625711
0.219035
0.219838
0.316188
0.257556
0.310285
0.371660
0.217894
0.088724
0.216035
0.217414
0.174950
0.381778
0.265589
0.193556
0.157194
0.382510
0.271182
0.155285
0.262739
0.291103
0.154682
0.318582
0.276346
0.382182
0.224026
0.236836
0.243131
0.129173
0.461457
0.238893
0.233846
0.173076
0.238241
0.115281
0.225121
0.231915
0.266544
0.362113
0.133571
0.280808
0.322888
0.328953
0.285582
0.117911
0.206213
0.168929
0.061437
0.387836
0.334120
0.417106
0.171959
0.398000
0.393695
0.364623
0.244848
0.293013
0.136460
0.173119
0.393963
0.336010
0.323967
0.218973
0.316374
0.406720
0.321187
0.425565
0.364592
0.212123
0.468802
0.156718
0.211062
0.435191
0.349953
0.224180
0.223156
0.109454
0.324467
0.265078
0.316506
0.126105
0.145909
0.327917
0.232350
0.075841
0.295758
0.277597
0.100728
0.211251
0.380409
0.455683
0.085452
0.078089
0.240755
0.066663
0.324343
0.222266
0.139419
0.305157
0.400940
0.143656
0.173556
0.255918
0.227321
0.536482
0.191556
0.403748
0.204234
0.146621
0.370028
0.338939
0.418664
0.085137
0.396580
0.199362
0.213930
0.311694
0.181038
0.169266
0.322485
0.409656
0.298977
0.298405
0.175495
0.210798
0.372822
0.303877
0.318093
0.058530
0.605132
0.174239
0.164754
0.320893
0.385215
0.354136
0.387891
0.240155
0.250555
0.361241
0.518148
0.187630
0.177904
0.219548
0.350422
0.254695
0.210461
0.177475
0.280098
0.331206
0.232350
0.315492
0.313636
0.243348
0.123676
0.211491
0.152041
0.219995
0.396843
0.533313
0.187787
0.070572
0.185016
0.083407
0.156656
0.619192
0.299397
0.450968
0.258103
0.314827
0.153086
0.357600
0.481360
0.328254
0.159159
0.341617
0.053678
0.162435
0.169500
0.188951
0.329268
0.155692
0.229151
0.204005
0.319464
0.187090
0.151115
0.091362
0.301563
0.109713
0.095352
0.145142
0.298953
0.194351
0.164597
0.442002
0.222022
0.204761
0.233143
0.172417
0.369242
0.371495
0.359714
0.331384
0.183028
0.508565
0.301682
0.376749
0.219202
0.395404
0.345447
0.244250
0.336001
0.177244
0.196002
0.343347
0.111006
0.335098
0.279262
0.492457
0.507761
0.244382
0.367091
0.293182
0.606468
0.235687
0.378797
0.222184
0.198316
0.153329
0.236083
0.200970
0.290975
0.494728
0.180990
0.356791
0.186720
0.234751
0.218796
0.246723
0.363214
0.176168
0.227068
0.274962
0.496706
0.087299
0.293398
0.467649
0.262674
0.222989
0.200012
0.363268
0.332743
0.321825
0.128878
0.420642
0.263526
0.301287
0.182674
0.517156
0.245635
0.451089
0.373900
0.185235
0.176105
0.107706
0.268506
0.388154
0.061667
0.390565
0.107707
0.085072
0.293573
0.186389
0.013891
0.170843
0.259957
0.160206
0.278357
0.252213
0.170720
0.079547
0.146907
0.337567
0.325214
0.096898
0.353431
0.274110
0.195111
0.092350
0.135640
0.217912
0.107087
0.470002
0.580315
0.245449
0.171666
0.267829
0.131006
0.228266
0.319022
0.241430
0.357200
0.185274
0.290276
0.449518
0.356873
0.259336
0.116627
0.426081
0.085030
0.316472
0.172312
0.390810
0.249973
0.581304
0.217209
0.411873
0.281956
0.334303
0.256085
0.185340
0.193052
0.213802
0.141594
0.153064
0.149696
0.369242
0.139691
0.087463
0.277067
0.272058
0.263861
0.261069
0.394642
0.272182
0.127135
0.228998
0.119227
0.365301
0.397768
0.366603
0.181996
0.146262
0.327833
0.174524
0.392174
0.230056
0.154158
0.384558
0.149670
0.233282
0.212176
0.285500
0.374247
0.492834
0.124914
0.251151
0.335387
0.073978
0.362300
0.336513
0.129580
0.188083
0.187998
0.126258
0.287131
0.464350
0.220655
0.149243
0.476080
0.131437
0.393375
0.242908
0.580566
0.056318
0.226764
0.418160
0.142342
0.381153
0.292237
0.237473
0.294763
0.205119
0.140414
0.201076
0.498828
0.376813
0.359580
0.395893
0.316076
0.384125
0.256113
0.197077
0.184668
0.086149
0.157770
0.203167
0.299772
0.296958
0.208528
0.397493
0.235212
0.299985
0.104396
0.192088
0.116402
0.183192
0.382781
0.174257
0.294533
0.185192
0.132720
0.239709
0.218080
0.182083
0.219525
0.441343
0.351683
0.343407
0.185568
0.234994
0.054331
0.300152
0.303244
0.173352
0.411206
0.206108
0.167193
0.491766
0.334136
0.378726
0.207198
0.258912
0.278012
0.200449
0.393040
0.242692
0.055501
0.116792
0.276776
0.259307
0.303827
0.085278
0.396254
0.831714
0.178791
0.201756
0.321031
0.261765
0.262979
0.386794
0.100503
0.337986
0.304827
0.074797
0.331870
0.379031
0.202370
0.237380
0.536592
0.291899
0.353082
0.102756
0.190511
0.181785
0.165269
0.489493
0.236968
0.241892
0.348781
0.298268
0.103590
0.572994
0.398157
0.168638
0.288647
0.159961
0.193353
0.231231
0.237289
0.171671
0.318887
0.160092
0.221679
0.403262
0.424786
0.158388
0.315358
0.347188
0.334393
0.388793
0.242929
0.116872
0.402010
0.437541
0.128672
0.134685
0.123727
0.146113
0.135290
0.212561
0.056126
0.142440
0.153824
0.346267
0.124185
0.245211
0.252376
0.085646
0.125651
0.247945
0.109406
0.206574
0.515834
0.263070
0.442035
0.076993
0.126177
0.413671
0.504489
0.210613
0.117381
0.141935
0.146288
0.500497
0.341932
0.175650
0.226270
0.354554
0.163085
0.183082
0.525351
0.356934
0.128208
0.207595
0.175648
0.291295
0.166299
0.195468
0.264225
0.276555
0.185935
0.192002
0.237337
0.232917
0.252727
0.341979
0.182998
0.006525
0.442865
0.216224
0.267329
0.563705
0.293708
0.502898
0.276236
0.392720
0.189106
0.232966
0.244854
0.268344
0.218788
0.257846
0.128796
0.239472
0.318234
0.078984
0.308271
0.109084
0.300752
0.101793
0.498459
0.097364
0.389307
0.359739
0.208253
0.426295
0.147789
0.253006
0.300796
0.087978
0.234782
0.306001
0.238478
0.275400
0.153432
0.236222
0.195160
0.317602
0.411738
0.245360
0.175911
0.445064
0.106526
0.438985
0.062148
0.319723
0.278640
0.325084
0.128995
0.274501
0.157092
0.403901
0.113967
0.186274
0.298826
0.088757
0.223019
0.129273
0.180921
0.236737
0.378697
0.491529
0.270895
0.251697
0.480346
0.235821
0.208677
0.347643
0.166253
0.309346
0.373101
0.318171
0.519577
0.107383
0.274641
0.296201
0.211545
0.156798
0.200364
0.141261
0.206950
0.295417
0.205534
0.096611
0.229511
0.469816
0.282129
0.381387
0.218948
0.175967
0.216184
0.259168
0.659410
0.281266
0.248451
0.256188
0.332444
0.125705
0.261772
0.302262
0.285416
0.306871
0.373892
0.250259
0.134310
0.197736
0.435188
0.255198
0.190722
0.079534
0.303332
0.262171
0.274496
0.377355
0.262766
0.232758
0.146895
0.317097
0.125452
0.269716
0.524854
0.335079
0.252756
0.411076
0.450372
0.206369
0.153145
0.151465
0.198074
0.141821
0.380885
0.174615
0.180435
0.256789
0.184354
0.421899
0.205646
0.130946
0.138238
0.206824
0.141192
0.238852
0.083725
0.206740
0.698621
0.285294
0.128369
0.223509
0.178751
0.129255
0.162388
0.123528
0.336842
0.172782
0.470502
0.220354
0.337291
0.187689
0.256615
0.343845
0.271420
0.280774
0.288169
0.183403
0.130293
0.306637
0.593982
0.512021
0.178545
0.440080
0.243770
0.220982
0.168647
0.214407
0.433478
0.523440
0.251887
0.098905
0.199880
0.191378
0.140598
0.191924
0.362278
0.331546
0.236115
0.295084
0.205811
0.239402
0.446461
0.211602
0.241515
0.313810
0.358980
0.486534
0.394934
0.190596
0.346669
0.427951
0.303878
0.231732
0.418878
0.189742
0.144384
0.293898
0.417539
0.249826
0.137541
0.137710
0.157447
0.276624
0.270634
0.099458
0.421205
0.515171
0.176727
0.210850
0.380037
0.125031
0.376437
0.287363
0.174950
0.277957
0.092048
0.396697
0.093178
0.243811
0.251843
0.271223
0.153354
0.198951
0.293291
0.131601
0.159452
0.145315
0.409301
0.110768
0.216311
0.101401
0.237302
0.272939
0.401275
0.365271
0.039472
0.156887
0.299616
0.335740
0.286917
0.272615
0.180753
0.205728
0.301647
0.294415
0.186469
0.552896
0.354868
0.186011
0.309375
0.186830
0.275303
0.362274
0.195805
0.227165
0.165204
0.275111
0.236265
0.277990
0.274187
0.290527
0.200518
0.140592
0.260274
0.300167
0.167416
0.224891
0.438124
0.305546
0.135681
0.568671
0.469432
0.284023
0.170684
0.135586
0.208118
0.069755
0.222078
0.214074
0.160871
0.328777
0.012542
0.264545
0.257095
0.119789
0.121725
0.332664
0.065357
0.218369
0.230245
0.254575
0.274234
0.095147
0.117254
0.136620
0.330940
0.148490
0.315394
0.463191
0.165403
0.258212
0.323610
0.206590
0.298518
0.619601
0.179035
0.347239
0.172265
0.265150
0.389626
0.342887
0.453200
0.192744
0.292875
0.140811
0.379424
0.265474
0.238915
0.436401
0.200296
0.179456
0.221860
0.260021
0.194103
0.176713
0.162455
0.204051
0.173855
0.292637
0.326596
0.193083
0.122613
0.343938
0.176244
0.183646
0.495822
0.473549
0.235075
0.400476
0.337998
0.044483
0.247198
0.418767
0.407307
0.169647
0.378133
0.221193
0.189360
0.120823
0.327305
0.235289
0.372005
0.122906
0.279522
0.213360
0.093410
0.166967
0.273535
0.404235
0.385716
0.417287
0.341138
0.244071
0.503735
0.228633
0.221425
0.169778
0.063328
0.191504
0.223992
0.257881
0.297697
0.368686
0.258466
0.205991
0.389797
0.110905
0.239114
0.394655
0.162505
0.449851
0.380673
0.208074
0.140725
0.201396
0.322406
0.345258
0.242592
0.100682
0.309884
0.346059
0.414052
0.101283
0.147853
0.141398
0.284100
0.295865
0.218892
0.457368
0.320053
0.343129
0.251840
0.223992
0.093340
0.276557
0.250133
0.494740
0.100336
0.284257
0.285412
0.274788
0.268492
0.365974
0.359040
0.182565
0.370842
0.296206
0.010300
0.184480
0.300360
0.407482
0.296720
0.174614
0.321603
0.085464
0.204561
0.520394
0.537315
0.099252
0.143998
0.205276
0.384743
0.234366
0.203028
0.257887
0.393958
0.417270
0.167504
0.469065
0.291233
0.470715
0.268477
0.264871
0.119320
0.348949
0.111462
0.175336
0.086573
0.445515
0.559621
0.235215
0.551364
0.215021
0.088555
0.121956
0.269041
0.201901
0.601105
0.317137
0.154624
0.241264
0.419654
0.288728
0.291930
0.240348
0.263873
0.147303
0.196504
0.265636
0.279578
0.220487
0.241420
0.383692
0.205894
0.201344
0.209615
0.324483
0.241070
0.406802
0.323100
0.300003
0.409786
0.278778
0.167000
0.313946
0.182305
0.278655
0.071768
0.132252
0.391912
0.112885
0.318670
0.149425
0.206800
0.176735
0.240366
0.314690
0.178190
0.363832
0.329257
0.265712
0.280210
0.547843
0.357611
0.432973
0.154774
0.197236
0.256610
0.136079
0.187005
0.190205
0.352393
0.383043
0.098230
0.249882
0.189797
0.371551
0.218062
0.184766
0.212575
0.110954
0.246912
0.142090
0.367315
0.245620
0.305212
0.257472
0.310666
0.273368
0.300905
0.212035
0.202108
0.233236
0.206978
0.301105
0.465939
0.365060
0.187954
0.254990
0.268539
0.256573
0.354235
0.186829
0.350356
0.287546
0.348636
0.155088
0.420433
0.623141
0.223370
0.424982
0.144242
0.280436
0.157427
0.426573
0.215810
0.160975
0.437612
0.409282
0.228268
0.320053
0.064726
0.319565
0.133062
0.241067
0.219006
0.137429
0.497828
0.115026
0.133437
0.266242
0.216616
0.423351
0.259805
0.295653
0.462633
0.092009
0.411618
0.628469
0.293760
0.180631
0.328876
0.425158
0.165105
0.325325
0.252102
0.124392
0.337568
0.144697
0.343609
0.195591
0.300283
0.354817
0.165403
0.220323
0.210539
0.366282
0.246003
0.316075
0.328991
0.403080
0.268864
0.200314
0.212486
0.220856
0.199354
0.297920
0.186293
0.355644
0.462638
0.758134
0.124885
0.290085
0.167218
0.095938
0.265691
0.240872
0.405642
0.379473
0.183142
0.448006
0.190537
0.164218
0.205929
0.598300
0.316579
0.240919
0.107379
0.255786
0.241721
0.195478
0.321520
0.225051
0.185185
0.311674
0.253397
0.185204
0.242811
0.661847
0.219951
0.449277
0.148429
0.339619
0.333270
0.354889
0.272027
0.324830
0.329651
0.239572
0.593306
0.440613
0.266109
0.174698
0.232666
0.168931
0.218381
0.397752
0.278773
0.265345
0.289458
0.308259
0.345581
0.350187
0.119773
0.235328
0.299872
0.223219
0.129207
0.541400
0.116222
0.165406
0.205834
0.281077
0.248787
0.709636
0.181446
0.480528
0.310497
0.089911
0.207013
0.314596
0.197008
0.353823
0.095933
0.302748
0.125807
0.504334
0.325581
0.121665
0.151475
0.301224
0.502556
0.203277
0.417854
0.276379
0.415642
0.129469
0.188946
0.228200
0.224838
0.373591
0.230635
0.224722
0.202944
0.347138
0.133691
0.287739
0.305844
0.080262
0.348035
0.236636
0.406822
0.268107
0.494480
0.270748
0.174846
0.044805
0.357674
0.544291
0.248014
0.093259
0.435169
0.133203
0.150825
0.396535
0.144738
0.218907
0.316199
0.170307
0.200941
0.229354
0.206565
0.299105
0.502441
0.323714
0.271315
0.072891
0.143956
0.163859
0.341841
0.374789
0.711956
0.417855
0.240413
0.208094
0.349052
0.136221
0.561780
0.183290
0.188948
0.225192
0.178936
0.120478
0.206954
0.177912
0.113472
0.172445
0.159332
0.538922
0.301240
0.163578
0.322263
0.286959
0.105172
0.265067
0.335084
0.267517
0.183060
0.402342
0.234808
0.249130
0.446042
0.493292
0.272920
0.239440
0.410023
0.301314
0.223026
0.150383
0.424860
0.308228
0.471680
0.151817
0.580106
0.274076
0.391708
0.484295
0.277815
0.271819
0.167482
0.643901
0.156120
0.491097
0.178322
0.216259
0.245618
0.364619
0.166374
0.256322
0.155606
0.134335
0.396529
0.383897
0.188822
0.310712
0.188624
0.401632
0.192292
0.082035
0.152913
0.413307
0.196651
0.227059
0.372111
0.256908
0.235663
0.256534
0.537606
0.156959
0.253353
0.291059
0.201888
0.399089
0.394706
0.263676
0.420242
0.151571
0.486248
0.252229
0.279131
0.250287
0.397318
0.238231
0.277919
0.212796
0.411689
0.301744
0.158092
0.269894
0.437317
0.300961
0.293954
0.221357
0.127159
0.336764
0.288323
0.272710
0.258283
0.187129
0.297102
0.286836
0.108245
0.334947
0.178729
0.378703
0.395282
0.171656
0.341297
0.308410
0.272221
0.400912
0.195337
0.213020
0.132462
0.131250
0.432352
0.498347
0.115764
0.254343
0.288260
0.244596
0.201047
0.196593
0.198591
0.346676
0.166343
0.185030
0.202101
0.244918
0.341746
0.241323
0.297241
0.137048
0.185028
0.291289
0.358453
0.177953
0.116945
0.190703
0.219644
0.279725
0.244659
0.112176
0.337135
0.177176
0.166304
0.159652
0.325086
0.435688
0.527568
0.147391
0.179704
0.213492
0.283293
0.373504
0.145168
0.458794
0.166385
0.273183
0.170645
0.384467
0.175179
0.233794
0.129812
0.290088
0.305746
0.396794
0.107986
0.293007
0.263076
0.250556
0.139875
0.298325
0.576946
0.412026
0.338723
0.072003
0.120922
0.490345
0.057411
0.383653
0.326826
0.329327
0.222951
0.180656
0.278949
0.410848
0.316491
0.201476
0.203049
0.264479
0.243575
0.304687
0.253084
0.510515
0.322821
0.200512
0.197996
0.348942
0.201016
0.459122
0.142337
0.228828
0.260287
0.289929
0.201915
0.372789
0.198419
0.028023
0.117151
0.581829
0.640974
0.159238
0.365164
0.232360
0.338700
0.214939
0.361886
0.135265
0.286560
0.359625
0.364361
0.220408
0.119840
0.207033
0.273978
0.365444
0.131849
0.343966
0.306725
0.341453
0.167671
0.239736
0.128045
0.358049
0.211515
0.289527
0.496443
0.056950
0.221096
0.188560
0.090635
0.082771
0.273925
0.151655
0.247917
0.178678
0.258895
0.159637
0.177433
0.259326
0.169708
0.311874
0.234040
0.195803
0.285209
0.216845
0.180952
0.387469
0.090942
0.335663
0.119322
0.125264
0.185895
0.117299
0.174810
0.224405
0.121826
0.401986
0.157360
0.231354
0.178205
0.219567
0.221432
0.600617
0.256786
0.225491
0.256781
0.196499
0.182938
0.235336
0.124203
0.112922
0.178405
0.382059
0.097732
0.291745
0.132349
0.327860
0.289699
0.257849
0.293822
0.101839
0.220576
0.209322
0.184214
0.397277
0.385566
0.111878
0.308057
0.365752
0.257469
0.087210
0.088750
0.349256
0.294744
0.314620
0.466825
0.168441
0.198787
0.528942
0.178433
0.200578
0.193148
0.221608
0.187888
0.234097
0.551061
0.217502
0.263935
0.239803
0.073426
0.272499
0.272671
0.293202
0.082251
0.475599
0.270025
0.147985
0.452530
0.179734
0.199373
0.162502
0.125157
0.270996
0.238254
0.096002
0.140637
0.302872
0.119569
0.125690
0.407500
0.269000
0.280459
0.236365
0.190056
0.191997
0.099771
0.168142
0.254455
0.297063
0.206481
0.230061
0.370441
0.185583
0.231632
0.134034
0.174356
0.105781
0.499844
0.238974
0.347666
0.417568
0.471485
0.182689
0.302244
0.303108
0.225817
0.371839
0.389917
0.321453
0.427166
0.249701
0.297020
0.216579
0.282295
0.169755
0.102376
0.188123
0.234551
0.139096
0.201890
0.355076
0.267142
0.245359
0.319456
0.208921
0.257884
0.527868
0.274059
0.356912
0.374483
0.117451
0.361213
0.372910
0.256742
0.439834
0.299265
0.174232
0.123617
0.234389
0.219066
0.192524
0.291459
0.123757
0.203807
0.189803
0.076134
0.411569
0.288405
0.156101
0.193245
0.406798
0.292598
0.223907
0.152981
0.314250
0.264591
0.269436
0.268549
0.296756
0.177496
0.170600
0.210427
0.668069
0.328938
0.164869
0.300223
0.201042
0.326624
0.240188
0.315096
0.202341
0.195233
0.225150
0.056666
0.213767
0.201595
0.194770
0.378023
0.340505
0.194695
0.145876
0.139359
0.126967
0.226154
0.201660
0.212348
0.340428
0.066804
0.292017
0.305904
0.340133
0.354088
0.381754
0.158033
0.255586
0.120268
0.274823
0.133344
0.254456
0.176495
0.228977
0.160265
0.373845
0.223155
0.207841
0.283008
0.066043
0.566286
0.162310
0.186504
0.300233
0.332800
0.339010
0.298449
0.116511
0.088039
0.230210
0.281012
0.350078
0.173013
0.225690
0.204474
0.247835
0.367599
0.366889
0.210638
0.289400
0.269742
0.179208
0.345177
0.383298
0.171109
0.119057
0.246901
0.455127
0.103907
0.249328
0.136199
0.186944
0.242793
0.226111
0.600905
0.187020
0.066903
0.134611
0.251886
0.202121
0.215067
0.204113
0.465238
0.218816
0.179653
0.099568
0.365629
0.281617
0.225023
0.307025
0.272502
0.212104
0.309177
0.118467
0.305319
0.147403
0.269038
0.170240
0.262628
0.170638
0.428884
0.349717
0.298074
0.303192
0.148082
0.274514
0.238055
0.149521
0.206004
0.233338
0.123002
0.455674
0.236048
0.337475
0.173056
0.159593
0.368403
0.198725
0.187968
0.119691
0.099193
0.166657
0.231782
0.413918
0.242833
0.546515
0.456131
0.259700
0.153323
0.182986
0.270425
0.272166
0.436458
0.112176
0.205764
0.189791
0.113640
0.178098
0.363639
0.202911
0.286250
0.356906
0.230523
0.362052
0.253239
0.337670
0.153461
0.280865
0.350256
0.296417
0.129141
0.175501
0.313309
0.361594
0.412413
0.154797
0.183530
0.387174
0.083673
0.353121
0.243225
0.139503
0.096124
0.168686
0.305547
0.173256
0.225123
0.365684
0.308247
0.126882
0.232351
0.516098
0.225409
0.282625
0.236248
0.230775
0.294719
0.305204
0.236536
0.211276
0.219964
0.378414
0.224751
0.135248
0.260036
0.174418
0.161499
0.403791
0.173375
0.184691
0.096909
0.310737
0.231768
0.198005
0.089997
0.325871
0.185227
0.380298
0.097611
0.211087
0.180380
0.281742
0.196238
0.373423
0.284184
0.278775
0.221310
0.580058
0.070930
0.413899
0.288667
0.139314
0.130243
0.264080
0.390920
0.103233
0.203617
0.219861
0.311403
0.321474
0.190720
0.274479
0.218517
0.144594
0.130805
0.279895
0.298430
0.282527
0.348853
0.245331
0.110335
0.230017
0.188420
0.271756
0.200333
0.216845
0.136203
0.264130
0.293808
0.474742
0.087980
0.297471
0.252124
0.161323
0.191173
0.033301
0.155937
0.166883
0.314207
0.340123
0.123985
0.333920
0.541002
0.112940
0.213741
0.502650
0.334009
0.219451
0.079656
0.403370
0.248292
0.137955
0.419326
0.269484
0.169057
0.082538
0.085750
0.129800
0.189672
0.184560
0.234198
0.313011
0.328361
0.397559
0.659084
0.210916
0.199392
0.197097
0.142247
0.140861
0.312984
0.177837
0.124645
0.465603
0.189292
0.445195
0.139113
0.270794
0.187248
0.255289
0.289272
0.260006
0.573343
0.699546
0.255718
0.126495
0.357862
0.311088
0.192402
0.262670
0.287039
0.287404
0.239076
0.325901
0.247319
0.100592
0.406508
0.392613
0.249803
0.208129
0.350522
0.506369
0.400059
0.252459
0.262981
0.075513
0.714888
0.307267
0.156906
0.287766
0.253160
0.244685
0.342433
0.135347
0.132984
0.336747
0.198216
0.182049
0.426095
0.151219
0.271266
0.337138
0.118935
0.160986
0.517335
0.438609
0.338725
0.192326
0.359527
0.202341
0.308524
0.122026
0.330123
0.351523
0.121313
0.096482
0.122218
0.138800
0.195738
0.236993
0.247905
0.366537
0.230007
0.121886
0.385205
0.187162
0.050297
0.232284
0.181374
0.177132
0.113669
0.393635
0.296901
0.158338
0.417438
0.237021
0.226311
0.145107
0.161683
0.273119
0.156952
0.165016
0.450979
0.199362
0.354195
0.223096
0.086601
0.327292
0.334985
0.321838
0.363957
0.262123
0.305996
0.215502
0.233830
0.245967
0.464752
0.382601
0.243398
0.321235
0.136737
0.407697
0.204042
0.139239
0.119878
0.226084
0.276879
0.112330
0.306288
0.186521
0.174866
0.345533
0.299698
0.313523
0.167812
0.153786
0.568057
0.137487
0.149631
0.546341
0.354525
0.544191
0.214631
0.138655
0.309982
0.223776
0.522183
0.052649
0.219700
0.235916
0.123366
0.317480
0.506698
0.134729
0.285557
0.068911
0.439471
0.516606
0.161880
0.190426
0.245549
0.230081
0.196669
0.217638
0.138480
0.147746
0.227411
0.310645
0.235414
0.176404
0.160768
0.258802
0.189984
0.272691
0.212459
0.122695
0.163193
0.181812
0.547559
0.316948
0.376461
0.230018
0.187487
0.137709
0.116986
0.164287
0.197144
0.361971
0.362765
0.329374
0.261760
0.231368
0.243138
0.435424
0.203968
0.226240
0.288010
0.207288
0.322920
0.269618
0.198838
0.336701
0.114824
0.381922
0.359355
0.322906
0.297713
0.158554
0.241344
0.178061
0.115600
0.158290
0.217194
0.372471
0.207016
0.294059
0.169470
0.300212
0.217334
0.120064
0.253290
0.167731
0.423241
0.343716
0.235418
0.136421
0.347314
0.232261
0.317526
0.097256
0.224547
0.254604
0.219124
0.388912
0.174734
0.244859
0.288546
0.301924
0.216730
0.333301
0.297146
0.354618
0.450822
0.268359
0.261501
0.317863
0.222433
0.622288
0.610594
0.290710
0.134766
0.321015
0.200730
0.216537
0.171360
0.190624
0.182767
0.188017
0.087835
0.173443
0.546985
0.214497
0.293689
0.344359
0.318323
0.312391
0.241850
0.300274
0.258630
0.226823
0.200564
0.157651
0.247996
0.165759
0.209653
0.246486
0.222265
0.241919
0.216712
0.367896
0.384799
0.440826
0.155176
0.262971
0.402686
0.234134
0.196635
0.405882
0.118009
0.203738
0.451462
0.050552
0.218967
0.214753
0.410502
0.218168
0.111590
0.177088
0.317974
0.168654
0.209774
0.254336
0.369166
0.237988
0.196307
0.228735
0.305300
0.229267
0.190909
0.346031
0.252959
0.323611
0.309645
0.316529
0.129737
0.114852
0.296743
0.150256
0.217240
0.220328
0.250899
0.134850
0.164577
0.217841
0.286983
0.236557
0.230473
0.375024
0.251554
0.325317
0.188724
0.150421
0.352885
0.342123
0.265324
0.457445
0.383338
0.209307
0.427288
0.301302
0.293020
0.225660
0.363104
0.308577
0.366364
0.419082
0.260964
0.416194
0.300627
0.255890
0.209481
0.135012
0.201346
0.370222
0.243711
0.172984
0.365151
0.533045
0.307383
0.209525
0.447972
0.302046
0.315768
0.475874
0.350144
0.260171
0.226165
0.342110
0.322001
0.212674
0.293014
0.284385
0.124353
0.314021
0.218940
0.239330
0.399496
0.690806
0.311105
0.433916
0.162184
0.342045
0.177326
0.225194
0.296063
0.154294
0.287858
0.262705
0.239116
0.332360
0.384943
0.208230
0.226284
0.418939
0.335216
0.303276
0.158686
0.264388
0.440454
0.181197
0.165873
0.227055
0.120068
0.092852
0.329295
0.058502
0.413918
0.480641
0.179156
0.120799
0.334941
0.168128
0.107379
0.328317
0.413568
0.210865
0.098144
0.241621
0.195605
0.163022
0.148476
0.221217
0.284163
0.224505
0.116792
0.471667
0.153970
0.320492
0.587115
0.254697
0.261718
0.272993
0.185303
0.158077
0.427820
0.077086
0.159230
0.207924
0.244027
0.470258
0.258859
0.253718
0.292915
0.298323
0.201445
0.501012
0.149974
0.139769
0.128844
0.152811
0.211316
0.204799
0.108398
0.392150
0.232010
0.313422
0.337021
0.293885
0.346989
0.342549
0.099164
0.186410
0.255127
0.617214
0.336636
0.251296
0.215065
0.265741
0.198225
0.205934
0.365080
0.033085
0.268986
0.254461
0.325484
0.237757
0.468447
0.316480
0.354395
0.330737
0.181564
0.465443
0.211700
0.218262
0.374603
0.334761
0.274160
0.428989
0.373959
0.228048
0.434483
0.560035
0.247725
0.238905
0.483475
0.347684
0.246818
0.349717
0.199410
0.315702
0.237366
0.232248
0.246709
0.180045
0.527466
0.101311
0.335100
0.236944
0.424103
0.545511
0.394611
0.153964
0.348665
0.200278
0.189499
0.316127
0.290588
0.296728
0.418926
0.260118
0.278028
0.369402
0.404187
0.362274
0.372007
0.328092
0.208803
0.311701
0.346818
0.230737
0.296755
0.101596
0.298721
0.208512
0.192837
0.254606
0.367316
0.110839
0.157650
0.330539
0.145951
0.155127
0.207510
0.180663
0.145520
0.270284
0.392893
0.167972
0.042937
0.183268
0.217410
0.465841
0.126835
0.197714
0.151522
0.382449
0.371573
0.488990
0.277952
0.152825
0.324646
0.342517
0.232632
0.116335
0.386177
0.378295
0.191076
0.155284
0.277323
0.242182
0.287905
0.296053
0.230259
0.176961
0.223447
0.301480
0.226165
0.280956
0.359335
0.377426
0.262792
0.149870
0.418049
0.258326
0.142246
0.265528
0.192997
0.299584
0.239507
0.320212
0.472547
0.202827
0.423103
0.396374
0.359975
0.138758
0.482715
0.291125
0.302695
0.184374
0.178970
0.261275
0.261637
0.236625
0.268907
0.200386
0.312698
0.229885
0.362288
0.175628
0.428924
0.319055
0.368049
0.178022
0.313446
0.386576
0.238878
0.146820
0.582694
0.168895
0.208758
0.321804
0.227537
0.296956
0.271812
0.366398
0.189358
0.215049
0.435169
0.086954
0.068589
0.193802
0.161901
0.245898
0.326821
0.287548
0.352268
0.246495
0.143489
0.326812
0.296948
0.358346
0.270425
0.059376
0.269433
0.634075
0.170541
0.156526
0.354515
0.395919
0.299673
0.091826
0.196939
0.182085
0.252208
0.221967
0.298353
0.233391
0.181867
0.249289
0.206817
0.176732
0.363109
0.310486
0.312136
0.282792
0.102227
0.208195
0.467394
0.401284
0.181075
0.193127
0.133929
0.181470
0.395472
0.194087
0.274758
0.227590
0.124244
0.276682
0.216695
0.408229
0.330368
0.162096
0.424058
0.190613
0.125956
0.294179
0.376942
0.306446
0.229163
0.216998
0.317250
0.368439
0.172613
0.151789
0.283770
0.296398
0.126510
0.211749
0.376808
0.196320
0.247725
0.308629
0.327579
0.363260
0.306955
0.188149
0.195138
0.156110
0.226238
0.073419
0.288491
0.139450
0.357031
0.283332
0.561524
0.204285
0.210048
0.430202
0.311638
0.648501
0.053906
0.505009
0.214658
0.020279
0.249694
0.113232
0.168869
0.180388
0.297002
0.291594
0.260201
0.368927
0.284375
0.144359
0.276001
0.247375
0.256817
0.198462
0.161788
0.082334
0.159203
0.379657
0.030467
0.451814
0.267941
0.294870
0.279290
0.166092
0.368065
0.128693
0.204461
0.561291
0.254791
0.031551
0.194728
0.372002
0.319944
0.321995
0.364183
0.383751
0.182627
0.249362
0.312392
0.185615
