#Quasar bolometric luminosity function in different black hole mass bins from TRINITY PaperIII (Fig. 3, Zhang+2024, MNRAS, 529, 2777)
#z: 3.00
#log10(Lbol [erg/s])(0) log10(QLF_total [Mpc^-3 dex^-1])(1) log10(QLF(5<logMbh<6) [Mpc^-3 dex^-1])(2) log10(QLF(5<logMbh<6)_16th [Mpc^-3 dex^-1])(3) log10(QLF(5<logMbh<6)_84th [Mpc^-3 dex^-1])(4)
#log10(QLF(6<logMbh<7) [Mpc^-3 dex^-1])(5) log10(QLF(6<logMbh<7)_16th [Mpc^-3 dex^-1])(6) log10(QLF(6<logMbh<7)_84th [Mpc^-3 dex^-1])(7)
#log10(QLF(7<logMbh<8) [Mpc^-3 dex^-1])(8) log10(QLF(7<logMbh<8)_16th [Mpc^-3 dex^-1])(9) log10(QLF(7<logMbh<8)_84th [Mpc^-3 dex^-1])(10)
#log10(QLF(8<logMbh<9) [Mpc^-3 dex^-1])(11) log10(QLF(8<logMbh<9)_16th [Mpc^-3 dex^-1])(12) log10(QLF(8<logMbh<9)_84th [Mpc^-3 dex^-1])(13)
#log10(QLF(9<logMbh<10) [Mpc^-3 dex^-1])(14) log10(QLF(9<logMbh<10)_16th [Mpc^-3 dex^-1])(15) log10(QLF(9<logMbh<10)_84th [Mpc^-3 dex^-1])(16)
40.000000 -4.986957 -6.378060 -6.798997 -6.166227 -5.585956 -6.045203 -5.505909 -5.294949 -5.748536 -5.221626 -5.747309 -6.304298 -5.680745 -6.935957 -7.598420 -6.853767
40.040000 -4.975909 -6.367364 -6.783399 -6.150527 -5.575301 -6.029559 -5.493340 -5.284296 -5.732622 -5.211294 -5.736656 -6.287605 -5.671073 -6.925303 -7.582558 -6.844089
40.080000 -4.965135 -6.356925 -6.768344 -6.135384 -5.564902 -6.014462 -5.481125 -5.273898 -5.717270 -5.201203 -5.726259 -6.271529 -5.661611 -6.914903 -7.567193 -6.834622
40.120000 -4.954285 -6.346434 -6.753138 -6.122850 -5.554437 -5.999218 -5.468814 -5.263430 -5.701766 -5.191740 -5.715793 -6.255280 -5.652091 -6.904438 -7.551775 -6.825103
40.160000 -4.943370 -6.335902 -6.737817 -6.112072 -5.543915 -5.983860 -5.456422 -5.252904 -5.686146 -5.183131 -5.705268 -6.238898 -5.642524 -6.893918 -7.536052 -6.815538
40.200000 -4.932723 -6.325619 -6.723018 -6.101555 -5.533642 -5.969029 -5.444375 -5.242627 -5.671068 -5.174689 -5.694993 -6.223111 -5.633164 -6.883646 -7.520354 -6.806180
40.240000 -4.921653 -6.314967 -6.707428 -6.090645 -5.522986 -5.953389 -5.431810 -5.231977 -5.655156 -5.165995 -5.684336 -6.206426 -5.623488 -6.872988 -7.503770 -6.796505
40.280000 -4.910859 -6.304569 -6.694125 -6.080002 -5.512585 -5.938295 -5.419599 -5.221581 -5.639806 -5.157471 -5.673935 -6.190799 -5.614023 -6.862585 -7.487796 -6.787042
40.320000 -4.899928 -6.294086 -6.681311 -6.069287 -5.502119 -5.923049 -5.407500 -5.211116 -5.624302 -5.148903 -5.663468 -6.175277 -5.604504 -6.852116 -7.471655 -6.777521
40.360000 -4.888878 -6.283529 -6.668440 -6.058511 -5.491598 -5.907685 -5.395584 -5.200590 -5.608678 -5.140295 -5.652947 -6.159638 -5.594939 -6.841591 -7.455385 -6.767950
40.400000 -4.878102 -6.273222 -6.655941 -6.047995 -5.481326 -5.892846 -5.383992 -5.190313 -5.593596 -5.131855 -5.642674 -6.144541 -5.585687 -6.831315 -7.439703 -6.758588
40.440000 -4.866684 -6.262539 -6.642885 -6.037090 -5.470676 -5.877216 -5.371909 -5.179661 -5.577688 -5.123161 -5.632019 -6.128609 -5.576323 -6.820665 -7.423110 -6.748916
40.480000 -4.855560 -6.252112 -6.630133 -6.026499 -5.460281 -5.862130 -5.360158 -5.169264 -5.561936 -5.114347 -5.621620 -6.113241 -5.567159 -6.810270 -7.407127 -6.739457
40.520000 -4.844178 -6.241623 -6.617285 -6.017929 -5.449817 -5.846888 -5.348319 -5.158799 -5.545890 -5.105443 -5.611151 -6.097717 -5.557942 -6.799803 -7.393108 -6.729939
40.560000 -4.832566 -6.231081 -6.604360 -6.009321 -5.439295 -5.831523 -5.338748 -5.148278 -5.529713 -5.096498 -5.600626 -6.082074 -5.548680 -6.789274 -7.379477 -6.720370
40.600000 -4.821256 -6.220790 -6.591814 -6.000880 -5.429022 -5.816684 -5.330309 -5.138005 -5.514117 -5.087734 -5.590349 -6.066975 -5.539611 -6.778994 -7.366262 -6.711008
40.640000 -4.808886 -6.210128 -6.578703 -5.992186 -5.418377 -5.801052 -5.321620 -5.127352 -5.497637 -5.078696 -5.579699 -6.051049 -5.530250 -6.768342 -7.351774 -6.701332
40.680000 -4.796859 -6.199721 -6.565982 -5.983663 -5.407986 -5.785965 -5.313102 -5.116954 -5.482629 -5.069843 -5.569304 -6.035687 -5.521086 -6.757944 -7.336897 -6.691867
40.720000 -4.784184 -6.189249 -6.553158 -5.975094 -5.397527 -5.770728 -5.301969 -5.106489 -5.468370 -5.060941 -5.558838 -6.021660 -5.511870 -6.747479 -7.321872 -6.682349
40.760000 -4.770926 -6.178722 -6.540195 -5.966484 -5.387010 -5.755373 -5.287388 -5.095969 -5.454006 -5.051996 -5.548311 -6.007884 -5.502608 -6.736959 -7.306731 -6.672786
40.800000 -4.758061 -6.168444 -6.524938 -5.958042 -5.376741 -5.742614 -5.273281 -5.085698 -5.439856 -5.043233 -5.538033 -5.994533 -5.493539 -6.726687 -7.292101 -6.663429
40.840000 -4.742413 -6.157793 -6.508625 -5.949349 -5.366096 -5.730783 -5.258450 -5.075049 -5.424305 -5.034197 -5.527381 -5.980528 -5.484178 -6.716029 -7.276603 -6.653753
40.880000 -4.727310 -6.147396 -6.492546 -5.940720 -5.355706 -5.719268 -5.244109 -5.064655 -5.409192 -5.022840 -5.516983 -5.966963 -5.475015 -6.705626 -7.261437 -6.644289
40.920000 -4.709839 -6.136933 -6.476296 -5.932261 -5.345251 -5.707666 -5.229641 -5.054192 -5.393683 -5.011045 -5.506519 -5.953280 -5.465800 -6.695159 -7.246124 -6.634769
40.960000 -4.690294 -6.126412 -6.459916 -5.923656 -5.334743 -5.695996 -5.215076 -5.043670 -5.378058 -4.999273 -5.495999 -5.939502 -5.456540 -6.684637 -7.230697 -6.625201
41.000000 -4.671592 -6.116140 -6.444130 -5.915031 -5.324482 -5.684631 -5.202274 -5.033398 -5.362921 -4.988153 -5.485727 -5.926150 -5.447474 -6.674364 -7.215799 -6.615841
41.040000 -4.649367 -6.105494 -6.427942 -5.901040 -5.313842 -5.672802 -5.187360 -5.022754 -5.346399 -4.976582 -5.475072 -5.911465 -5.438112 -6.663714 -7.200085 -6.606172
41.080000 -4.628224 -6.095102 -6.414550 -5.887485 -5.303455 -5.661287 -5.176987 -5.012365 -5.330482 -4.965315 -5.464672 -5.895504 -5.428609 -6.653319 -7.184919 -6.596713
41.120000 -4.612217 -6.084643 -6.401043 -5.873817 -5.293006 -5.649509 -5.168029 -5.001907 -5.314399 -4.953970 -5.454207 -5.881913 -5.417864 -6.642852 -7.169602 -6.587195
41.160000 -4.600826 -6.074127 -6.387445 -5.860059 -5.282504 -5.637631 -5.159028 -4.991389 -5.298189 -4.941896 -5.443686 -5.868226 -5.407060 -6.632325 -7.154167 -6.577886
41.200000 -4.589725 -6.063860 -6.374253 -5.846724 -5.272250 -5.626072 -5.148186 -4.981120 -5.282563 -4.930145 -5.433415 -5.854957 -5.396520 -6.622046 -7.139262 -6.568816
41.240000 -4.582124 -6.053219 -6.358606 -5.826249 -5.261623 -5.614029 -5.132798 -4.970478 -5.268704 -4.918919 -5.422766 -5.841050 -5.385575 -6.611398 -7.123558 -6.559456
41.280000 -4.574654 -6.042833 -6.343504 -5.812374 -5.251249 -5.602314 -5.119664 -4.960090 -5.255247 -4.909758 -5.412372 -5.827574 -5.374902 -6.601005 -7.108402 -6.550293
41.320000 -4.567160 -6.032379 -6.328255 -5.799337 -5.240811 -5.590513 -5.110088 -4.949636 -5.240818 -4.900542 -5.401908 -5.813984 -5.364160 -6.590542 -7.093088 -6.541079
41.360000 -4.559646 -6.021869 -6.312529 -5.784149 -5.230318 -5.578640 -5.101088 -4.939128 -5.227271 -4.891280 -5.391384 -5.800303 -5.353359 -6.580021 -7.077651 -6.531822
41.400000 -4.552260 -6.011607 -6.296738 -5.770745 -5.220072 -5.567085 -5.092272 -4.928867 -5.214135 -4.880953 -5.381110 -5.787039 -5.342822 -6.569748 -7.062744 -6.522757
41.440000 -4.544220 -5.999287 -6.277313 -5.759902 -5.209462 -5.555055 -5.084249 -4.918231 -5.200378 -4.868731 -5.370465 -5.773136 -5.332172 -6.559095 -7.046903 -6.512702
41.480000 -4.536325 -5.987307 -6.255198 -5.749351 -5.199105 -5.543351 -5.076674 -4.907849 -5.187044 -4.856918 -5.360075 -5.759663 -5.323243 -6.548697 -7.031527 -6.501266
41.520000 -4.528202 -5.972807 -6.231488 -5.728759 -5.188685 -5.531325 -5.069067 -4.897402 -5.173595 -4.845162 -5.349616 -5.746074 -5.314266 -6.538235 -7.015996 -6.488898
41.560000 -4.519865 -5.956043 -6.206744 -5.697000 -5.178212 -5.516682 -5.061432 -4.886899 -5.160054 -4.833340 -5.339099 -5.732391 -5.305246 -6.527720 -7.000346 -6.476445
41.600000 -4.511686 -5.939902 -6.186758 -5.670641 -5.167985 -5.501283 -5.053929 -4.876645 -5.146924 -4.821831 -5.328830 -5.719126 -5.296412 -6.517454 -6.985240 -6.464346
41.640000 -4.502784 -5.919750 -6.161201 -5.644471 -5.157398 -5.485061 -5.046234 -4.866023 -5.133173 -4.809857 -5.318183 -5.703640 -5.287299 -6.506804 -6.969293 -6.451711
41.680000 -4.494061 -5.900492 -6.134526 -5.619838 -5.147062 -5.469424 -5.035431 -4.855655 -5.119846 -4.798205 -5.307791 -5.687879 -5.276230 -6.496409 -6.953912 -6.440444
41.720000 -4.485073 -5.879877 -6.104946 -5.593906 -5.136669 -5.453642 -5.024047 -4.845220 -5.106406 -4.786476 -5.297336 -5.671957 -5.264657 -6.485948 -6.938379 -6.431879
41.760000 -4.475840 -5.858127 -6.074005 -5.567428 -5.126229 -5.437749 -5.012614 -4.834729 -5.092876 -4.774684 -5.286827 -5.655912 -5.253017 -6.475429 -6.922729 -6.423277
41.800000 -4.466800 -5.837415 -6.045127 -5.541194 -5.116033 -5.422418 -5.001476 -4.824485 -5.079755 -4.763205 -5.276567 -5.640439 -5.241681 -6.465159 -6.907623 -6.414842
41.840000 -4.456988 -5.812951 -6.014496 -5.509901 -5.105483 -5.406285 -4.990706 -4.813882 -5.066017 -4.751274 -5.265926 -5.624093 -5.229895 -6.454522 -6.891687 -6.405959
41.880000 -4.447393 -5.789791 -5.988460 -5.480712 -5.095183 -5.390730 -4.981209 -4.803530 -5.052701 -4.740271 -5.255540 -5.608342 -5.218421 -6.444138 -6.876314 -6.397028
41.920000 -4.437423 -5.765384 -5.960157 -5.449823 -5.084831 -5.375053 -4.972114 -4.793116 -5.039274 -4.729479 -5.245089 -5.592425 -5.206865 -6.433684 -6.860783 -6.388048
41.960000 -4.427109 -5.739994 -5.930098 -5.417909 -5.074437 -5.359285 -4.963158 -4.782648 -5.025722 -4.718636 -5.234583 -5.576379 -5.195241 -6.423168 -6.845130 -6.379025
42.000000 -4.417034 -5.716007 -5.901923 -5.388786 -5.064286 -5.347628 -4.954383 -4.772427 -5.012469 -4.708474 -5.224326 -5.560909 -5.183919 -6.412902 -6.830021 -6.370035
42.040000 -4.406085 -5.688077 -5.864511 -5.355163 -5.053799 -5.335791 -4.945391 -4.761847 -4.998597 -4.698423 -5.213700 -5.545728 -5.172152 -6.402264 -6.814090 -6.358237
42.080000 -4.395406 -5.661835 -5.826840 -5.323960 -5.043559 -5.324271 -4.935867 -4.751519 -4.985155 -4.687379 -5.203328 -5.531751 -5.160696 -6.391881 -6.798722 -6.346752
42.120000 -4.384411 -5.633569 -5.792480 -5.291570 -5.033274 -5.312679 -4.923780 -4.741134 -4.971601 -4.676648 -5.192889 -5.517647 -5.149165 -6.381435 -6.782751 -6.335187
42.160000 -4.373131 -5.603745 -5.759128 -5.258390 -5.022952 -5.301029 -4.909096 -4.730702 -4.957955 -4.667047 -5.182391 -5.503439 -5.136601 -6.370936 -6.766422 -6.323556
42.200000 -4.362137 -5.575838 -5.728709 -5.227568 -5.012869 -5.289686 -4.894894 -4.720516 -4.944725 -4.659359 -5.172142 -5.489681 -5.124156 -6.360685 -6.750684 -6.312228
42.240000 -4.350327 -5.541242 -5.690036 -5.193222 -5.002477 -5.275827 -4.880387 -4.709979 -4.930889 -4.651471 -5.161529 -5.475247 -5.111161 -6.350054 -6.734049 -6.299582
42.280000 -4.338829 -5.509199 -5.652335 -5.161413 -4.992328 -5.262251 -4.867829 -4.699693 -4.917479 -4.643727 -5.151169 -5.461276 -5.098544 -6.339677 -6.718028 -6.287212
42.320000 -4.326992 -5.475305 -5.618051 -5.131071 -4.982147 -5.247435 -4.853728 -4.689355 -4.903964 -4.635955 -5.140747 -5.447185 -5.087765 -6.329237 -6.701840 -6.274855
42.360000 -4.314849 -5.440128 -5.582348 -5.110052 -4.971940 -5.231524 -4.832316 -4.678974 -4.890256 -4.627527 -5.130272 -5.432930 -5.079309 -6.318746 -6.685524 -6.264042
42.400000 -4.303037 -5.407588 -5.549655 -5.088298 -4.961968 -5.218417 -4.814636 -4.668836 -4.876829 -4.615653 -5.120045 -5.418885 -5.069528 -6.308503 -6.671926 -6.254754
42.440000 -4.290248 -5.374270 -5.517576 -5.058349 -4.949806 -5.198122 -4.793858 -4.658370 -4.862232 -4.603319 -5.109450 -5.404125 -5.057771 -6.297896 -6.658891 -6.240675
42.480000 -4.277824 -5.343326 -5.488069 -5.030337 -4.937975 -5.175432 -4.774051 -4.648150 -4.847253 -4.591328 -5.099108 -5.389850 -5.046324 -6.287542 -6.645361 -6.230146
42.520000 -4.264980 -5.316617 -5.461409 -5.004695 -4.923540 -5.150005 -4.753009 -4.637887 -4.831978 -4.579281 -5.088709 -5.375453 -5.034809 -6.277121 -6.630503 -6.220638
42.560000 -4.251762 -5.293520 -5.438194 -4.981115 -4.906762 -5.123043 -4.731937 -4.627588 -4.816580 -4.567192 -5.078263 -5.360959 -5.023240 -6.266643 -6.615534 -6.209095
42.600000 -4.238934 -5.271588 -5.416463 -4.958750 -4.890609 -5.100710 -4.712489 -4.617528 -4.801709 -4.555431 -5.068062 -5.346934 -5.011970 -6.256412 -6.601066 -6.198133
42.640000 -4.224770 -5.251263 -5.395248 -4.935247 -4.870195 -5.068502 -4.690058 -4.607169 -4.789832 -4.543252 -5.057507 -5.332215 -5.000296 -6.245827 -6.588574 -6.189370
42.680000 -4.211053 -5.231847 -5.375021 -4.914857 -4.850697 -5.037912 -4.668731 -4.597050 -4.777243 -4.531570 -5.047203 -5.317980 -4.988928 -6.235493 -6.577126 -6.180784
42.720000 -4.196924 -5.212466 -5.354843 -4.901306 -4.829839 -5.005751 -4.646436 -4.586904 -4.762444 -4.521078 -5.036842 -5.304232 -4.979486 -6.225101 -6.565605 -6.171560
42.760000 -4.182434 -5.193151 -5.333951 -4.888970 -4.807848 -4.977833 -4.623364 -4.576737 -4.746446 -4.510309 -5.026434 -5.292149 -4.970042 -6.214659 -6.554025 -6.161708
42.800000 -4.168413 -5.174659 -5.310638 -4.867932 -4.786917 -4.952361 -4.601457 -4.566803 -4.731019 -4.498058 -5.016270 -5.280397 -4.960799 -6.204463 -6.542747 -6.152076
42.840000 -4.153250 -5.155656 -5.285420 -4.839388 -4.762923 -4.919004 -4.575749 -4.556607 -4.718647 -4.487565 -5.005773 -5.268182 -4.951294 -6.193907 -6.531035 -6.142140
42.880000 -4.138600 -5.137450 -5.260958 -4.812626 -4.740186 -4.889577 -4.549578 -4.546646 -4.706235 -4.477343 -4.995524 -5.256308 -4.941992 -6.183601 -6.519393 -6.132426
42.920000 -4.123538 -5.119519 -5.236541 -4.785636 -4.716279 -4.862294 -4.523056 -4.536680 -4.692285 -4.467330 -4.985226 -5.243587 -4.932662 -6.173245 -6.507491 -6.122666
42.960000 -4.108124 -5.101860 -5.212231 -4.758654 -4.691448 -4.834471 -4.496334 -4.526715 -4.678862 -4.456066 -4.974887 -5.228704 -4.923312 -6.162847 -6.493183 -6.112389
43.000000 -4.093239 -5.084891 -5.191306 -4.733252 -4.667959 -4.809459 -4.471168 -4.516974 -4.665665 -4.444886 -4.964789 -5.214320 -4.914158 -6.152692 -6.479206 -6.100986
43.040000 -4.077260 -5.068125 -5.169135 -4.709733 -4.640202 -4.781763 -4.441486 -4.507036 -4.650619 -4.433469 -4.954374 -5.199597 -4.904765 -6.142196 -6.467043 -6.089122
43.080000 -4.061848 -5.051982 -5.146669 -4.699685 -4.614113 -4.755727 -4.408654 -4.497321 -4.636389 -4.422349 -4.944202 -5.187844 -4.895570 -6.131948 -6.455743 -6.076925
43.120000 -4.046205 -5.036460 -5.130176 -4.692493 -4.587009 -4.728317 -4.378203 -4.487634 -4.621573 -4.410627 -4.933997 -5.175735 -4.886042 -6.121649 -6.444354 -6.064273
43.160000 -4.030374 -5.021513 -5.114629 -4.686148 -4.559159 -4.699870 -4.349816 -4.477979 -4.608707 -4.399079 -4.923768 -5.163581 -4.876215 -6.111307 -6.432796 -6.051560
43.200000 -4.015100 -5.007064 -5.099624 -4.675751 -4.532987 -4.670654 -4.323171 -4.468534 -4.592580 -4.389719 -4.913773 -5.151762 -4.864895 -6.101206 -6.421537 -6.039209
43.240000 -3.999114 -4.993519 -5.083627 -4.664138 -4.504261 -4.636983 -4.302833 -4.458989 -4.570998 -4.381698 -4.903489 -5.139884 -4.851437 -6.090793 -6.409864 -6.026372
43.280000 -3.983696 -4.980385 -5.067876 -4.652828 -4.477318 -4.605744 -4.283197 -4.449649 -4.559158 -4.372580 -4.893443 -5.127611 -4.839559 -6.080624 -6.398496 -6.013903
43.320000 -3.968344 -4.967343 -5.050797 -4.641978 -4.450596 -4.577597 -4.265122 -4.440389 -4.545484 -4.358202 -4.883381 -5.113585 -4.824192 -6.070414 -6.387077 -6.001367
43.360000 -3.953071 -4.954399 -5.033011 -4.631561 -4.424150 -4.550986 -4.248858 -4.431207 -4.526294 -4.342354 -4.873308 -5.099508 -4.808712 -6.060172 -6.375455 -5.988779
43.400000 -3.938317 -4.941830 -5.015926 -4.627517 -4.399223 -4.525913 -4.231171 -4.422214 -4.506934 -4.326393 -4.863464 -5.086216 -4.794983 -6.050166 -6.364119 -5.976547
43.440000 -3.923351 -4.928019 -4.996446 -4.633736 -4.379840 -4.511750 -4.221557 -4.407073 -4.485338 -4.302609 -4.853388 -5.075043 -4.783650 -6.039862 -6.352717 -5.963867
43.480000 -3.908884 -4.914634 -4.977802 -4.640046 -4.361285 -4.489102 -4.212307 -4.392441 -4.470256 -4.284530 -4.843539 -5.064150 -4.773418 -6.029796 -6.341607 -5.951546
43.520000 -3.894787 -4.900823 -4.958974 -4.649653 -4.348032 -4.473578 -4.204576 -4.372235 -4.449400 -4.256599 -4.833699 -5.052818 -4.762831 -6.019710 -6.330009 -5.939213
43.560000 -3.881040 -4.886636 -4.941851 -4.650904 -4.339628 -4.458989 -4.198980 -4.347216 -4.425355 -4.229555 -4.823871 -5.041479 -4.752286 -6.009611 -6.318077 -5.926801
43.600000 -3.867715 -4.872899 -4.927722 -4.642113 -4.331383 -4.444838 -4.193034 -4.323561 -4.402572 -4.205995 -4.814261 -5.030431 -4.742253 -5.999741 -6.304709 -5.915680
43.640000 -3.855597 -4.859044 -4.911641 -4.642379 -4.326920 -4.434511 -4.190102 -4.297801 -4.378293 -4.183416 -4.804493 -5.017156 -4.732234 -5.989608 -6.288918 -5.904771
43.680000 -3.843808 -4.845618 -4.894441 -4.641908 -4.322502 -4.423828 -4.187189 -4.273484 -4.354295 -4.156877 -4.794939 -5.003857 -4.722441 -5.979707 -6.273682 -5.894129
43.720000 -3.833029 -4.833851 -4.881409 -4.646243 -4.319923 -4.416688 -4.186437 -4.249924 -4.331921 -4.132031 -4.785435 -4.990757 -4.712751 -5.969800 -6.261191 -5.883517
43.760000 -3.823193 -4.823621 -4.869644 -4.647098 -4.319150 -4.412923 -4.187836 -4.227071 -4.309191 -4.108898 -4.775981 -4.977672 -4.703162 -5.959892 -6.249995 -5.872940
43.800000 -3.813575 -4.813627 -4.860729 -4.643753 -4.318377 -4.409219 -4.189309 -4.205362 -4.286098 -4.086940 -4.766728 -4.964972 -4.693871 -5.950206 -6.239081 -5.862614
43.840000 -3.805230 -4.811530 -4.863062 -4.657344 -4.321340 -4.408750 -4.202521 -4.184222 -4.259945 -4.068402 -4.757425 -4.951969 -4.684873 -5.940323 -6.226370 -5.848765
43.880000 -3.797043 -4.809443 -4.865938 -4.677732 -4.324322 -4.408285 -4.217211 -4.164064 -4.235282 -4.050965 -4.748318 -4.939346 -4.676058 -5.930659 -6.212291 -5.834389
43.920000 -3.789996 -4.812600 -4.878792 -4.699054 -4.329176 -4.408683 -4.228945 -4.145306 -4.215361 -4.037185 -4.739316 -4.926615 -4.668270 -5.921014 -6.198173 -5.820102
43.960000 -3.784039 -4.821116 -4.896191 -4.717453 -4.335962 -4.410490 -4.245311 -4.127811 -4.197481 -4.024476 -4.730417 -4.913764 -4.660066 -5.911391 -6.183749 -5.807062
44.000000 -3.778162 -4.829803 -4.904683 -4.752351 -4.342857 -4.413065 -4.254279 -4.110994 -4.180310 -4.010670 -4.721698 -4.901282 -4.650011 -5.901976 -6.175514 -5.795689
44.040000 -3.774821 -4.847033 -4.933300 -4.785108 -4.353180 -4.418251 -4.272101 -4.097135 -4.165681 -4.002942 -4.713086 -4.888646 -4.641299 -5.892435 -6.166412 -5.784143
44.080000 -3.771505 -4.864975 -4.959065 -4.807386 -4.363754 -4.427691 -4.291074 -4.083706 -4.149585 -3.997880 -4.704641 -4.876367 -4.633217 -5.883099 -6.153603 -5.772896
44.120000 -3.769615 -4.886017 -4.988356 -4.836806 -4.375991 -4.439152 -4.314615 -4.072354 -4.134597 -3.995547 -4.696382 -4.864244 -4.625073 -5.873823 -6.140288 -5.761743
44.160000 -3.769131 -4.910595 -5.014731 -4.866780 -4.390028 -4.450782 -4.331606 -4.062931 -4.121655 -3.994010 -4.688303 -4.852273 -4.617527 -5.864606 -6.126974 -5.750684
44.200000 -3.768648 -4.936648 -5.062205 -4.898285 -4.404534 -4.463067 -4.349073 -4.053708 -4.108145 -3.991925 -4.680371 -4.840623 -4.610096 -5.855580 -6.114055 -5.739901
44.240000 -3.771057 -4.966931 -5.106609 -4.929718 -4.421661 -4.478356 -4.367682 -4.048732 -4.101897 -3.991493 -4.672756 -4.826400 -4.603105 -5.846524 -6.100775 -5.729090
44.280000 -3.773479 -4.999484 -5.155039 -4.970163 -4.439492 -4.502741 -4.388658 -4.043812 -4.090980 -3.989733 -4.665273 -4.809626 -4.596094 -5.837653 -6.087889 -5.718541
44.320000 -3.777355 -5.036494 -5.227270 -5.016683 -4.458349 -4.526078 -4.406314 -4.041084 -4.091219 -3.994345 -4.658084 -4.787468 -4.585633 -5.828892 -6.075041 -5.708160
44.360000 -3.782725 -5.078955 -5.295734 -5.069038 -4.478340 -4.538280 -4.432584 -4.040508 -4.095444 -4.000718 -4.651178 -4.749243 -4.570099 -5.820238 -6.062237 -5.697940
44.400000 -3.788162 -5.126023 -5.376039 -5.126842 -4.499296 -4.562480 -4.459118 -4.039932 -4.099783 -4.005695 -4.644379 -4.729619 -4.545133 -5.811752 -6.049800 -5.689321
44.440000 -3.796406 -5.181620 -5.457869 -5.193047 -4.520855 -4.583946 -4.483211 -4.046082 -4.112574 -4.017409 -4.628072 -4.699929 -4.516537 -5.803373 -6.037148 -5.682282
44.480000 -3.804809 -5.245395 -5.565757 -5.267341 -4.543540 -4.609828 -4.509268 -4.052320 -4.122827 -4.029602 -4.612354 -4.676950 -4.488925 -5.795152 -6.024855 -5.675442
44.520000 -3.814629 -5.316638 -5.685967 -5.348005 -4.567303 -4.638609 -4.533544 -4.063639 -4.140840 -4.043494 -4.588237 -4.648416 -4.462473 -5.787103 -6.012670 -5.669399
44.560000 -3.825961 -5.397642 -5.816825 -5.432479 -4.592260 -4.669506 -4.564212 -4.080447 -4.159966 -4.063819 -4.557067 -4.618596 -4.439227 -5.779220 -6.000593 -5.663624
44.600000 -3.837596 -5.497300 -6.004601 -5.542113 -4.618739 -4.702771 -4.594214 -4.097931 -4.180684 -4.082473 -4.527984 -4.591463 -4.414370 -5.771478 -5.988843 -5.657926
44.640000 -3.851821 -5.593829 -6.139499 -5.641760 -4.646988 -4.734498 -4.625998 -4.119955 -4.207213 -4.106762 -4.503867 -4.573960 -4.398907 -5.764021 -5.977070 -5.652800
44.680000 -3.866526 -5.718135 -6.337365 -5.771302 -4.677204 -4.773463 -4.660293 -4.143155 -4.236283 -4.135079 -4.481019 -4.553731 -4.383043 -5.756689 -5.965608 -5.647734
44.720000 -3.882377 -5.852701 -6.551600 -5.911056 -4.709642 -4.814041 -4.694382 -4.168535 -4.266605 -4.164371 -4.461388 -4.534113 -4.368582 -5.749609 -5.954344 -5.643033
44.760000 -3.899482 -5.992172 -6.736228 -6.052973 -4.744659 -4.856115 -4.731518 -4.196419 -4.298910 -4.192697 -4.444603 -4.524633 -4.357989 -5.742771 -5.943271 -5.636299
44.800000 -3.917289 -6.198874 -7.061894 -6.258534 -4.782748 -4.900218 -4.771130 -4.226216 -4.333812 -4.223459 -4.428443 -4.506130 -4.349914 -5.736038 -5.932473 -5.628723
44.840000 -3.936353 -6.341595 -7.233349 -6.400145 -4.822342 -4.943532 -4.810212 -4.257995 -4.368036 -4.253838 -4.418363 -4.500536 -4.344261 -5.729806 -5.921906 -5.624074
44.880000 -3.956293 -6.555596 -7.524232 -6.606824 -4.865911 -4.991649 -4.853395 -4.292284 -4.400275 -4.287443 -4.408513 -4.493572 -4.340800 -5.723662 -5.911590 -5.619480
44.920000 -3.977246 -6.795828 -7.886740 -6.849376 -4.911357 -5.040957 -4.898124 -4.328127 -4.434994 -4.322513 -4.402174 -4.485176 -4.340297 -5.717872 -5.901584 -5.615258
44.960000 -3.999319 -6.996622 -8.127356 -7.050243 -4.958787 -5.091182 -4.947070 -4.365684 -4.474027 -4.358406 -4.399197 -4.479873 -4.344465 -5.712423 -5.891873 -5.609893
45.000000 -4.022574 -7.381509 -8.712549 -7.445528 -5.012041 -5.147984 -5.000448 -4.406799 -4.515288 -4.398462 -4.396241 -4.477686 -4.348628 -5.707042 -5.883111 -5.603795
45.040000 -4.046536 -7.561777 -8.913031 -7.631406 -5.061343 -5.199327 -5.049163 -4.446460 -4.554250 -4.437035 -4.400058 -4.483119 -4.357483 -5.702402 -5.876525 -5.598763
45.080000 -4.071898 -7.875583 -9.295316 -7.948334 -5.116967 -5.257089 -5.103155 -4.490109 -4.597693 -4.480831 -4.403910 -4.488623 -4.365290 -5.697811 -5.870040 -5.593789
45.120000 -4.098041 -8.290164 -9.919598 -8.341645 -5.173387 -5.316246 -5.157445 -4.534501 -4.642440 -4.526012 -4.410832 -4.497861 -4.377060 -5.693691 -5.864014 -5.589452
45.160000 -4.125014 -8.543949 -10.200362 -8.595921 -5.229821 -5.383527 -5.213965 -4.579360 -4.684294 -4.571001 -4.420974 -4.510058 -4.391568 -5.690029 -5.858430 -5.585733
45.200000 -4.153775 -9.229765 -11.202409 -9.257231 -5.294700 -5.461685 -5.277441 -4.629391 -4.729026 -4.621663 -4.431359 -4.522208 -4.406336 -5.686397 -5.852917 -5.582123
45.240000 -4.182221 -9.435367 -11.419691 -9.462151 -5.352093 -5.527026 -5.338500 -4.674314 -4.771972 -4.664888 -4.447139 -4.539429 -4.426083 -5.683786 -5.848373 -5.580206
45.280000 -4.212661 -9.839289 -11.874690 -9.863344 -5.418242 -5.606176 -5.406948 -4.724425 -4.820358 -4.710191 -4.463515 -4.557112 -4.446864 -5.681190 -5.832751 -5.570352
45.320000 -4.243808 -10.566860 -12.993365 -10.579203 -5.487260 -5.697237 -5.481329 -4.774154 -4.867429 -4.754683 -4.482244 -4.582675 -4.470179 -5.679022 -5.824034 -5.562375
45.360000 -4.275653 -10.855085 -13.291574 -10.870941 -5.558669 -5.791176 -5.557206 -4.822571 -4.912923 -4.802647 -4.503617 -4.611620 -4.496473 -5.677276 -5.786529 -5.540166
45.400000 -4.310018 -12.090850 -15.087514 -12.080637 -5.644177 -5.911736 -5.646991 -4.877070 -4.963060 -4.853140 -4.526097 -4.642632 -4.523619 -5.675537 -5.766094 -5.526449
45.440000 -4.342867 -12.308915 -15.308743 -12.297994 -5.723047 -6.008267 -5.727645 -4.923341 -5.008367 -4.895646 -4.552718 -4.676015 -4.553452 -5.660238 -5.743417 -5.495070
45.480000 -4.378404 -12.767594 -15.782776 -12.753340 -5.819490 -6.129608 -5.827922 -4.975136 -5.059206 -4.942768 -4.581078 -4.710819 -4.588385 -5.645459 -5.720451 -5.470191
45.520000 -4.414498 -14.069333 -17.793350 -14.055858 -5.921386 -6.271534 -5.928464 -5.026480 -5.109516 -4.991234 -4.612750 -4.742814 -4.624025 -5.618364 -5.698906 -5.446324
45.560000 -4.451023 -14.369070 -18.094263 -14.356131 -6.026218 -6.408806 -6.032019 -5.076325 -5.156349 -5.038034 -4.648359 -4.776181 -4.662353 -5.581125 -5.675922 -5.421956
45.600000 -4.490903 -16.594894 -21.262267 -16.602297 -6.164690 -6.613874 -6.168420 -5.132642 -5.208708 -5.088109 -4.687149 -4.811228 -4.703221 -5.546828 -5.648849 -5.403876
45.640000 -4.528104 -16.816391 -21.484091 -16.823496 -6.274643 -6.751486 -6.277653 -5.181394 -5.256640 -5.133696 -4.725484 -4.845937 -4.741999 -5.529242 -5.628859 -5.402938
45.680000 -4.568793 -17.291758 -21.961086 -17.297377 -6.422229 -6.951702 -6.423941 -5.236319 -5.309305 -5.184636 -4.767533 -4.883663 -4.779399 -5.512341 -5.623250 -5.402543
45.720000 -4.609837 -19.607011 -25.409990 -19.576846 -6.579593 -7.170188 -6.577869 -5.291435 -5.365906 -5.236182 -4.810558 -4.922272 -4.820509 -5.502619 -5.622273 -5.407040
45.760000 -4.650929 -19.908035 -25.711020 -19.877848 -6.729521 -7.358862 -6.722434 -5.345753 -5.420055 -5.289290 -4.854405 -4.961683 -4.865595 -5.499611 -5.625381 -5.415427
45.800000 -4.696320 -24.408138 -31.086797 -23.318777 -6.960369 -7.697530 -6.941263 -5.407850 -5.483138 -5.354572 -4.903181 -5.005993 -4.911244 -5.496624 -5.621733 -5.420250
45.840000 -4.737587 -24.629951 -31.308646 -23.540625 -7.106811 -7.870136 -7.084711 -5.461653 -5.537045 -5.406328 -4.947790 -5.048111 -4.952324 -5.504422 -5.627646 -5.435008
45.880000 -4.783192 -25.106896 -31.785767 -24.017745 -7.329394 -8.160482 -7.307191 -5.523077 -5.596957 -5.461811 -4.997512 -5.092904 -4.997702 -5.512363 -5.639337 -5.452346
45.920000 -4.828994 -28.418172 -37.683488 -28.161363 -7.580125 -8.503941 -7.558677 -5.584535 -5.656671 -5.518798 -5.047526 -5.139691 -5.044020 -5.524791 -5.652180 -5.470006
45.960000 -4.874472 -28.719202 -37.984518 -28.462393 -7.780793 -8.743612 -7.762689 -5.644521 -5.716593 -5.574653 -5.097166 -5.184766 -5.092461 -5.542101 -5.668877 -5.494016
46.000000 -4.925275 -36.377718 -46.334343 -34.168074 -8.165193 -9.322859 -8.152093 -5.714142 -5.786127 -5.639705 -5.153220 -5.236876 -5.147902 -5.560129 -5.688684 -5.519491
46.040000 -4.970277 -36.599566 -46.556192 -34.389923 -8.348411 -9.519350 -8.333548 -5.772175 -5.843829 -5.695806 -5.201920 -5.283145 -5.196084 -5.584599 -5.718222 -5.549049
46.080000 -5.020487 -37.076685 -47.033313 -34.867044 -8.671549 -9.895595 -8.651572 -5.839178 -5.909946 -5.758067 -5.256779 -5.334000 -5.249056 -5.610531 -5.746809 -5.582852
46.120000 -5.070692 -42.323296 nan -41.841635 -9.107258 -10.526735 -9.069063 -5.905854 -5.975981 -5.822258 -5.311328 -5.385567 -5.299120 -5.639194 -5.774921 -5.618852
46.160000 -5.120092 -42.624326 nan -42.142665 -9.360866 -10.805947 -9.324870 -5.970034 -6.040414 -5.885343 -5.364389 -5.434923 -5.350267 -5.671048 -5.805423 -5.654711
46.200000 -5.175841 -54.158147 nan -50.923544 -10.045137 -11.815182 -10.003024 -6.045372 -6.115238 -5.959229 -5.424845 -5.490546 -5.405683 -5.705425 -5.837476 -5.688679
46.240000 -5.224168 -54.379995 nan -51.145393 -10.250078 -12.032145 -10.210875 -6.107618 -6.178631 -6.020176 -5.475579 -5.539068 -5.452890 -5.740955 -5.870773 -5.727091
46.280000 -5.278554 -54.857117 nan -51.622514 -10.651318 -12.485637 -10.620067 -6.180301 -6.260882 -6.095315 -5.533033 -5.589675 -5.506725 -5.779653 -5.906839 -5.769377
46.320000 -5.332676 -inf nan nan -11.365427 -13.658436 -11.362275 -6.255096 -6.354974 -6.167631 -5.589311 -5.641009 -5.553599 -5.819736 -5.944297 -5.812551
46.360000 -5.385399 -inf nan nan -11.657808 -13.956684 -11.650935 -6.330538 -6.454059 -6.246629 -5.642714 -5.690227 -5.600564 -5.861253 -5.987380 -5.855493
46.400000 -5.445419 -inf nan nan -13.061929 -15.822244 -12.901460 -6.421899 -6.577669 -6.339847 -5.703617 -5.745960 -5.650585 -5.907162 -6.035217 -5.901047
46.440000 -5.496418 -inf nan nan -13.279169 -16.042700 -13.119751 -6.502914 -6.683718 -6.416129 -5.753106 -5.792131 -5.697222 -5.950230 -6.078468 -5.943061
46.480000 -5.554212 -inf nan nan -13.733953 -16.512929 -13.579506 -6.602590 -6.804712 -6.513332 -5.808969 -5.844206 -5.745618 -5.998044 -6.126511 -5.990226
46.520000 -5.611583 -inf nan nan -14.954204 -18.667175 -14.915636 -6.707440 -6.939161 -6.631919 -5.863861 -5.896308 -5.798766 -6.046522 -6.174300 -6.036555
46.560000 -5.667104 -inf nan nan -15.253042 -18.968000 -15.215626 -6.814064 -7.074948 -6.736218 -5.916277 -5.947685 -5.851503 -6.095213 -6.220538 -6.083247
46.600000 -5.730779 -inf nan nan -17.250178 -21.996916 -17.364730 -6.955692 -7.271760 -6.874529 -5.975898 -6.008156 -5.908410 -6.150062 -6.268138 -6.135288
46.640000 -5.784064 -inf nan nan -17.471917 -22.218743 -17.586317 -7.066397 -7.408013 -6.983610 -6.026393 -6.056922 -5.955905 -6.198080 -6.307678 -6.180597
46.680000 -5.844812 -inf nan nan -17.948489 -22.695753 -18.062132 -7.215347 -7.608419 -7.136411 -6.083541 -6.112300 -6.009138 -6.252074 -6.351182 -6.231813
46.720000 -5.905027 -inf nan nan -20.767410 -26.210019 -20.435925 -7.373835 -7.829658 -7.293613 -6.140799 -6.171961 -6.062777 -6.305802 -6.399906 -6.283182
46.760000 -5.963009 -inf nan nan -21.068313 -26.511049 -20.736940 -7.523506 -8.026113 -7.442288 -6.197008 -6.227750 -6.115381 -6.358154 -6.450361 -6.335785
46.800000 -6.029942 -inf nan nan -24.303476 -31.545540 -24.293411 -7.753735 -8.354964 -7.671153 -6.261588 -6.291777 -6.175248 -6.417692 -6.507519 -6.393320
46.840000 -6.085344 -inf nan nan -24.525323 -31.767389 -24.515226 -7.899167 -8.521403 -7.818437 -6.317088 -6.346874 -6.227990 -6.468104 -6.554939 -6.441743
46.880000 -6.148860 -inf nan nan -25.002439 -32.244510 -24.992174 -8.119396 -8.794730 -8.042995 -6.380735 -6.409990 -6.287834 -6.525146 -6.609977 -6.496495
46.920000 -6.211817 -inf nan nan -29.800931 -38.450124 -29.363266 -8.369051 -9.132287 -8.296651 -6.444574 -6.473729 -6.348048 -6.581603 -6.661292 -6.550410
46.960000 -6.272267 -inf nan nan -30.101961 -38.751154 -29.664290 -8.576784 -9.370781 -8.498659 -6.506989 -6.539219 -6.407395 -6.636038 -6.712073 -6.602427
47.000000 -6.342513 -inf nan nan -36.178194 -47.052393 -35.112374 -8.989488 -9.942755 -8.890664 -6.579906 -6.614694 -6.476156 -6.698288 -6.773821 -6.661835
47.040000 -6.400183 -inf nan nan -36.400042 -47.274242 -35.334223 -9.170117 -10.143612 -9.070196 -6.640883 -6.675340 -6.534107 -6.749975 -6.820529 -6.711375
47.080000 -6.466700 -inf nan nan -36.877163 -47.751363 -35.811344 -9.485051 -10.528761 -9.385138 -6.711841 -6.746515 -6.599761 -6.808655 -6.873654 -6.762590
47.120000 -6.532720 -inf nan nan -42.761121 nan -43.200007 -9.901388 -11.194880 -9.815611 -6.782913 -6.820021 -6.669589 -6.866500 -6.927482 -6.817614
47.160000 -6.596042 -inf nan nan -43.062151 nan -43.501037 -10.152019 -11.471523 -10.072727 -6.851733 -6.895590 -6.734275 -6.921852 -6.974316 -6.868520
47.200000 -6.670199 -inf nan nan -61.623299 nan -56.399612 -10.811307 -12.540872 -10.764671 -6.933551 -6.982803 -6.814206 -6.985304 -7.035498 -6.918853
47.240000 -6.730675 -inf nan nan -61.845148 nan -56.621460 -11.021834 -12.758801 -10.972829 -7.001084 -7.065172 -6.890067 -7.036979 -7.080759 -6.955817
47.280000 -6.800956 -inf nan nan -62.322269 nan -57.098582 -11.446391 -13.216838 -11.387309 -7.081088 -7.163099 -6.973407 -7.095645 -7.135397 -6.994478
47.320000 -6.870871 -inf nan nan -inf nan nan -12.307562 -14.427684 -12.174900 -7.163312 -7.263657 -7.056570 -7.151963 -7.178860 -7.042166
47.360000 -6.937887 -inf nan nan -inf nan nan -12.595043 -14.723637 -12.458823 -7.245512 -7.354427 -7.146649 -7.203682 -7.225452 -7.082670
47.400000 -7.017164 -inf nan nan -inf nan nan -13.806657 -16.519456 -13.646107 -7.346991 -7.483718 -7.260579 -7.262402 -7.277651 -7.129802
47.440000 -7.081252 -inf nan nan -inf nan nan -14.024288 -16.740747 -13.866075 -7.433193 -7.584033 -7.346886 -7.308518 -7.320010 -7.174455
47.480000 -7.156462 -inf nan nan -inf nan nan -14.480913 -17.215091 -14.333909 -7.540851 -7.711921 -7.467012 -7.360119 -7.370442 -7.216425
47.520000 -7.231455 -inf nan nan -inf nan nan -15.737949 -19.321555 -15.774155 -7.653458 -7.850539 -7.582486 -7.411308 -7.418021 -7.263118
47.560000 -7.303188 -inf nan nan -inf nan nan -16.038447 -19.622293 -16.074581 -7.765513 -7.978436 -7.696984 -7.461063 -7.472391 -7.313918
47.600000 -7.389160 -inf nan nan -inf nan nan -18.649813 -23.023066 -18.285775 -7.916929 -8.175134 -7.845861 -7.517265 -7.531261 -7.371472
47.640000 -7.457862 -inf nan nan -inf nan nan -18.871371 -23.244871 -18.507538 -8.031348 -8.315742 -7.956980 -7.568849 -7.589951 -7.423139
47.680000 -7.539514 -inf nan nan -inf nan nan -19.347045 -23.721774 -18.984232 -8.187134 -8.519302 -8.107787 -7.627396 -7.660420 -7.481623
47.720000 -7.621122 -inf nan nan -inf nan nan -21.745745 -27.289190 -21.400674 -8.353116 -8.745855 -8.265181 -7.688273 -7.729419 -7.539623
47.760000 -7.698835 -inf nan nan -inf nan nan -22.046588 -27.590219 -21.701656 -8.507174 -8.937817 -8.417714 -7.751217 -7.800075 -7.610162
47.800000 -7.793551 -inf nan nan -inf nan nan -25.111114 -32.653116 -25.292497 -8.748110 -9.290267 -8.660259 -7.824854 -7.885192 -7.681670
47.840000 -7.867744 -inf nan nan -inf nan nan -25.332963 -32.874965 -25.514346 -8.896423 -9.465021 -8.809827 -7.891274 -7.956729 -7.746987
47.880000 -7.957278 -inf nan nan -inf nan nan -25.810084 -33.352086 -25.991464 -9.123411 -9.762065 -9.039810 -7.969717 -8.050291 -7.824975
47.920000 -8.046949 -inf nan nan -inf nan nan -31.520933 -39.809390 -30.347651 -9.381820 -10.126853 -9.300825 -8.050208 -8.137922 -7.906378
47.960000 -8.131666 -inf nan nan -inf nan nan -31.821961 -40.110420 -30.648681 -9.590421 -10.370061 -9.504574 -8.130594 -8.219852 -7.991063
48.000000 -8.237014 -inf nan nan -inf nan nan -37.073412 -48.038213 -36.267175 -10.006764 -10.973317 -9.901033 -8.229317 -8.329995 -8.097139
48.040000 -8.317384 -inf nan nan -inf nan nan -37.295261 -48.260061 -36.489024 -10.190209 -11.174094 -10.084812 -8.309148 -8.415060 -8.180978
48.080000 -8.416083 -inf nan nan -inf nan nan -37.772382 -48.737183 -36.966145 -10.514080 -11.558945 -10.412163 -8.407035 -8.520620 -8.284970
48.120000 -8.515144 -inf nan nan -inf nan nan -43.990765 nan -44.375622 -10.951635 -12.208254 -10.857967 -8.506095 -8.627694 -8.385844
48.160000 -8.607666 -inf nan nan -inf nan nan -44.291795 nan -44.676652 -11.205765 -12.487967 -11.111699 -8.600200 -8.728812 -8.478321
48.200000 -8.725389 -inf nan nan -inf nan nan -69.768859 nan -70.376769 -11.894587 -13.595881 -11.866432 -8.720505 -8.860816 -8.604922
48.240000 -8.812489 -inf nan nan -inf nan nan -69.990708 nan -70.598618 -12.104583 -13.813848 -12.074061 -8.810267 -8.957348 -8.697938
48.280000 -8.921553 -inf nan nan -inf nan nan -70.467829 nan -71.075739 -12.526860 -14.272066 -12.485008 -8.923549 -9.081657 -8.818400
48.320000 -9.031385 -inf nan nan -inf nan nan -inf nan nan -13.371254 -15.541719 -13.231649 -9.038982 -9.208249 -8.931808
48.360000 -9.132592 -inf nan nan -inf nan nan -inf nan nan -13.661419 -15.840082 -13.525456 -9.146987 -9.324951 -9.046501
48.400000 -9.264788 -inf nan nan -inf nan nan -inf nan nan -14.967567 -17.650275 -14.756642 -9.291071 -9.492122 -9.195927
48.440000 -9.359063 -inf nan nan -inf nan nan -inf nan nan -15.186018 -17.871688 -14.976788 -9.394999 -9.603764 -9.300894
48.480000 -9.479646 -inf nan nan -inf nan nan -inf nan nan -15.646536 -18.346638 -15.445497 -9.531893 -9.752347 -9.441182
48.520000 -9.601580 -inf nan nan -inf nan nan -inf nan nan -16.993012 -20.534871 -16.951562 -9.674007 -9.916738 -9.586601
48.560000 -9.712006 -inf nan nan -inf nan nan -inf nan nan -17.292929 -20.835781 -17.251458 -9.804922 -10.062365 -9.719101
48.600000 -9.860452 -inf nan nan -inf nan nan -inf nan nan -19.583956 -24.092331 -19.363600 -9.993218 -10.283830 -9.907563
48.640000 -9.961985 -inf nan nan -inf nan nan -inf nan nan -19.805713 -24.314166 -19.585365 -10.118606 -10.428664 -10.034427
48.680000 -10.094740 -inf nan nan -inf nan nan -inf nan nan -20.282379 -24.791222 -20.062065 -10.295597 -10.648518 -10.213332
48.720000 -10.229674 -inf nan nan -inf nan nan -inf nan nan -23.182367 -28.555375 -22.575215 -10.485312 -10.883487 -10.407257
48.760000 -10.349387 -inf nan nan -inf nan nan -inf nan nan -23.483282 -28.856404 -22.876212 -10.650821 -11.075559 -10.575589
48.800000 -10.515213 -inf nan nan -inf nan nan -inf nan nan -26.760236 -34.062118 -26.625500 -10.921568 -11.448052 -10.850388
48.840000 -10.624022 -inf nan nan -inf nan nan -inf nan nan -26.982082 -34.283967 -26.847348 -11.075852 -11.626437 -11.004343
48.880000 -10.769548 -inf nan nan -inf nan nan -inf nan nan -27.459193 -34.761088 -27.324467 -11.317347 -11.934426 -11.244016
48.920000 -10.918568 -inf nan nan -inf nan nan -inf nan nan -31.975197 -41.204232 -31.797406 -11.597130 -12.327725 -11.519328
48.960000 -11.047985 -inf nan nan -inf nan nan -inf nan nan -32.276227 -41.505262 -32.098436 -11.813553 -12.572168 -11.728132
49.000000 -11.233174 -inf nan nan -inf nan nan -inf nan nan -38.761484 -49.822790 -37.782907 -12.264516 -13.184292 -12.171012
49.040000 -11.349506 -inf nan nan -inf nan nan -inf nan nan -38.983333 -50.044639 -38.004756 -12.450436 -13.389635 -12.357136
49.080000 -11.508877 -inf nan nan -inf nan nan -inf nan nan -39.460454 -50.521760 -38.481877 -12.782362 -13.792527 -12.689735
49.120000 -11.673648 -inf nan nan -inf nan nan -inf nan nan -46.255345 nan -45.993014 -13.239851 -14.490967 -13.149364
49.160000 -11.813248 -inf nan nan -inf nan nan -inf nan nan -46.556375 nan -46.294044 -13.495224 -14.777075 -13.406677
49.200000 -12.020235 -inf nan nan -inf nan nan -inf nan nan -80.999315 nan -106.946339 -14.195100 -15.942501 -14.161316
49.240000 -12.143981 -inf nan nan -inf nan nan -inf nan nan -81.221164 nan -107.168188 -14.406005 -16.161570 -14.369869
49.280000 -12.317697 -inf nan nan -inf nan nan -inf nan nan -81.698285 nan -107.645309 -14.832198 -16.618980 -14.785746
49.320000 -12.499468 -inf nan nan -inf nan nan -inf nan nan -inf nan nan -15.707340 -17.812374 -15.578720
49.360000 -12.649464 -inf nan nan -inf nan nan -inf nan nan -inf nan nan -15.999875 -18.110616 -15.867957
49.400000 -12.880474 -inf nan nan -inf nan nan -inf nan nan -inf nan nan -17.411709 -20.048024 -17.178516
49.440000 -13.012508 -inf nan nan -inf nan nan -inf nan nan -inf nan nan -17.629903 -20.269583 -17.398361
49.480000 -13.203147 -inf nan nan -inf nan nan -inf nan nan -inf nan nan -18.089198 -20.745255 -17.865600
49.520000 -13.406434 -inf nan nan -inf nan nan -inf nan nan -inf nan nan -19.405390 -23.128233 -19.414352
49.560000 -13.569983 -inf nan nan -inf nan nan -inf nan nan -inf nan nan -19.705288 -23.429117 -19.714141
49.600000 -13.835422 -inf nan nan -inf nan nan -inf nan nan -inf nan nan -21.988747 -26.643581 -21.863410
