#Quasar bolometric luminosity function in different black hole mass bins from TRINITY PaperIII (Fig. 3, Zhang+2024, MNRAS, 529, 2777)
#z: 10.00
#log10(Lbol [erg/s])(0) log10(QLF_total [Mpc^-3 dex^-1])(1) log10(QLF(5<logMbh<6) [Mpc^-3 dex^-1])(2) log10(QLF(5<logMbh<6)_16th [Mpc^-3 dex^-1])(3) log10(QLF(5<logMbh<6)_84th [Mpc^-3 dex^-1])(4)
#log10(QLF(6<logMbh<7) [Mpc^-3 dex^-1])(5) log10(QLF(6<logMbh<7)_16th [Mpc^-3 dex^-1])(6) log10(QLF(6<logMbh<7)_84th [Mpc^-3 dex^-1])(7)
#log10(QLF(7<logMbh<8) [Mpc^-3 dex^-1])(8) log10(QLF(7<logMbh<8)_16th [Mpc^-3 dex^-1])(9) log10(QLF(7<logMbh<8)_84th [Mpc^-3 dex^-1])(10)
#log10(QLF(8<logMbh<9) [Mpc^-3 dex^-1])(11) log10(QLF(8<logMbh<9)_16th [Mpc^-3 dex^-1])(12) log10(QLF(8<logMbh<9)_84th [Mpc^-3 dex^-1])(13)
#log10(QLF(9<logMbh<10) [Mpc^-3 dex^-1])(14) log10(QLF(9<logMbh<10)_16th [Mpc^-3 dex^-1])(15) log10(QLF(9<logMbh<10)_84th [Mpc^-3 dex^-1])(16)
40.000000 -10.388153 -11.290895 -13.804665 -10.985059 -10.802951 -12.367621 -10.783419 -10.748816 -12.277010 -11.065749 -11.758753 -19.150377 -12.164766 -17.337307 nan -19.270475
40.040000 -10.369312 -11.276933 -13.789385 -10.957388 -10.780638 -12.335609 -10.768925 -10.734849 -12.246042 -11.043927 -11.717637 -14.630169 -12.092720 -17.321675 nan -18.838179
40.080000 -10.351254 -11.263405 -13.774630 -10.933293 -10.759415 -12.303053 -10.754904 -10.721317 -12.211994 -11.030486 -11.680078 -14.395304 -11.991268 -17.306586 nan -18.792908
40.120000 -10.333249 -11.249757 -13.757870 -10.909045 -10.738515 -12.285359 -10.740752 -10.707670 -12.180051 -11.017672 -11.646395 -13.741671 -11.937904 -17.263398 nan -18.749571
40.160000 -10.315319 -11.236013 -13.700922 -10.884748 -10.717940 -12.267842 -10.726496 -10.693932 -12.148153 -11.005443 -11.615962 -13.579709 -11.879530 -17.199539 nan -18.708041
40.200000 -10.298100 -11.222690 -13.624031 -10.861755 -10.698295 -12.251101 -10.712698 -10.680615 -12.116415 -10.987237 -11.587523 -13.480750 -11.813644 -17.143877 nan -18.646892
40.240000 -10.278455 -11.208724 -13.501078 -10.837728 -10.678445 -12.233311 -10.697411 -10.666644 -12.073686 -10.967828 -11.561832 -13.368102 -11.762719 -16.938033 nan -18.593603
40.280000 -10.259662 -11.195194 -13.416144 -10.814977 -10.659462 -12.216225 -10.682651 -10.653108 -12.055836 -10.949262 -11.537577 -13.259297 -11.717274 -16.798948 nan -18.560395
40.320000 -10.240715 -11.181545 -13.339573 -10.792377 -10.640929 -12.198950 -10.665483 -10.639460 -12.036797 -10.930967 -11.514929 -13.143668 -11.683206 -16.682894 nan -18.514331
40.360000 -10.221670 -11.167801 -13.322076 -10.769963 -10.622822 -12.181534 -10.646017 -10.625722 -12.002203 -10.912942 -11.493712 -13.093738 -11.660748 -16.582791 nan -18.440653
40.400000 -10.203424 -11.154479 -13.305261 -10.749389 -10.605440 -12.162053 -10.632131 -10.612405 -11.947143 -10.895644 -11.473484 -13.059912 -11.634551 -16.501494 nan -18.377686
40.440000 -10.183813 -11.140514 -13.287397 -10.720025 -10.588199 -12.142662 -10.613127 -10.598436 -11.927144 -10.878040 -11.453943 -13.029739 -11.607501 -16.415457 nan -17.776949
40.480000 -10.165050 -11.126984 -13.264348 -10.688566 -10.571617 -12.125049 -10.594924 -10.584903 -11.907131 -10.861128 -11.435243 -12.998081 -11.582030 -16.343678 nan -17.742921
40.520000 -10.145579 -11.113336 -13.240272 -10.663022 -10.555200 -12.105913 -10.576135 -10.571253 -11.879301 -10.844244 -11.417202 -12.962973 -11.557631 -15.906555 nan -15.690507
40.560000 -10.125524 -11.099594 -13.216206 -10.645786 -10.538952 -12.085477 -10.556868 -10.557511 -11.852597 -10.827405 -11.399773 -12.937344 -11.534207 -15.561507 nan -15.448064
40.600000 -10.106355 -11.086273 -13.177272 -10.631323 -10.523291 -12.053689 -10.538422 -10.544190 -11.827464 -10.811196 -11.383015 -12.885831 -11.511982 -15.371681 nan -15.286225
40.640000 -10.083635 -11.072308 -13.138079 -10.617651 -10.508217 -11.966891 -10.518444 -10.529091 -11.806152 -10.793345 -11.366987 -12.857295 -11.490754 -14.216240 nan -14.234200
40.680000 -10.062045 -11.058779 -13.103260 -10.604397 -10.493649 -11.945683 -10.499348 -10.514499 -11.786053 -10.776204 -11.351529 -12.833018 -11.470782 -13.930663 nan -14.011701
40.720000 -10.037844 -11.043151 -13.076804 -10.591025 -10.479505 -11.924196 -10.480204 -10.499468 -11.764770 -10.758981 -11.336837 -12.808680 -11.451686 -13.618548 -23.050882 -13.739999
40.760000 -10.011500 -11.025660 -13.057332 -10.577560 -10.465762 -11.902517 -10.461054 -10.484057 -11.734313 -10.742631 -11.322853 -12.753423 -11.433393 -13.365616 -22.573761 -13.480605
40.800000 -9.986664 -11.008846 -13.038693 -10.564500 -10.452441 -11.881869 -10.442715 -10.469175 -11.705853 -10.726879 -11.309305 -12.732941 -11.415839 -13.206818 -22.351912 -13.401071
40.840000 -9.949682 -10.988492 -13.012806 -10.550827 -10.438474 -11.859698 -10.423420 -10.454009 -11.676174 -10.710221 -11.295338 -12.711257 -11.398059 -13.088680 -19.088471 -13.320579
40.880000 -9.915604 -10.969050 -12.962174 -10.534805 -10.424943 -11.838605 -10.404947 -10.439355 -11.659726 -10.694182 -11.281807 -12.690607 -11.376365 -12.995902 -18.990685 -13.161909
40.920000 -9.869217 -10.949455 -12.913174 -10.521134 -10.411295 -11.817378 -10.386343 -10.424755 -11.643661 -10.677969 -11.268158 -12.669797 -11.331193 -12.923912 -17.756096 -13.042926
40.960000 -9.814305 -10.929763 -12.858263 -10.507816 -10.397554 -11.796084 -10.367710 -10.410221 -11.627973 -10.661623 -11.254415 -12.648890 -11.301161 -12.866042 -17.537466 -12.967361
41.000000 -9.765563 -10.910926 -12.807416 -10.494904 -10.384234 -11.775785 -10.350548 -10.396158 -11.612926 -10.645873 -11.241092 -12.628946 -11.284653 -12.814985 -17.419365 -12.901369
41.040000 -9.659601 -10.891405 -12.754890 -10.480575 -10.370268 -11.750052 -10.332426 -10.381658 -11.597051 -10.622896 -11.227130 -12.607738 -11.270300 -12.774143 -15.068458 -12.865472
41.080000 -9.574488 -10.872723 -12.690305 -10.466455 -10.356737 -11.719461 -10.315032 -10.367627 -11.581735 -10.605462 -11.213603 -12.587518 -11.256409 -12.736814 -14.853716 -12.841459
41.120000 -9.428266 -10.854169 -12.624163 -10.452203 -10.343088 -11.689678 -10.297479 -10.353569 -11.566266 -10.590192 -11.199955 -12.567129 -11.242406 -12.703900 -14.664989 -12.798963
41.160000 -9.268506 -10.835758 -12.596281 -10.437848 -10.329344 -11.659540 -10.279813 -10.339500 -11.550677 -10.574362 -11.186209 -12.546632 -11.228315 -12.674669 -14.526679 -12.735783
41.200000 -9.151968 -10.818096 -12.578990 -10.423957 -10.316023 -11.631405 -10.262839 -10.325873 -11.535629 -10.556695 -11.172885 -12.527060 -11.214670 -12.647282 -14.453208 -12.701371
41.240000 -8.874921 -10.800034 -12.559762 -10.408883 -10.302059 -11.602354 -10.244861 -10.311709 -11.519755 -10.538289 -11.158921 -12.506164 -11.200343 -12.623053 -14.416792 -12.676076
41.280000 -8.707127 -10.782694 -12.541357 -10.390760 -10.288530 -11.575146 -10.227601 -10.297992 -11.504441 -10.521284 -11.145392 -12.486228 -11.186476 -12.600106 -14.374191 -12.650493
41.320000 -8.643449 -10.765529 -12.520474 -10.370056 -10.274881 -11.549667 -10.210158 -10.284200 -11.488972 -10.504772 -11.131745 -12.466015 -11.172487 -12.578640 -14.330720 -12.628241
41.360000 -8.645192 -10.748547 -12.493760 -10.347167 -10.261137 -11.529083 -10.192581 -10.270352 -11.470617 -10.488170 -11.118003 -12.445600 -11.158401 -12.558499 -14.288238 -12.607665
41.400000 -8.646942 -10.732203 -12.468892 -10.325433 -10.247814 -11.509431 -10.175689 -10.256933 -11.452798 -10.472181 -11.104683 -12.426104 -11.144761 -12.539252 -14.230850 -12.588022
41.440000 -8.647260 -10.713407 -12.439853 -10.298093 -10.233850 -11.489524 -10.157769 -10.242903 -11.433388 -10.455333 -11.090714 -12.405212 -11.129958 -12.521072 -14.197222 -12.569175
41.480000 -8.647579 -10.695392 -12.412923 -10.272377 -10.220322 -11.470490 -10.140562 -10.229312 -11.417069 -10.439116 -11.077180 -12.385280 -11.112503 -12.503623 -14.166012 -12.551115
41.520000 -8.659332 -10.673907 -12.381981 -10.244376 -10.206674 -11.451704 -10.123161 -10.215611 -11.397313 -10.422739 -11.063530 -12.365067 -11.094860 -12.486809 -14.135789 -12.533411
41.560000 -8.683493 -10.649479 -12.333755 -10.214594 -10.192931 -11.433165 -10.105865 -10.201823 -11.377712 -10.406242 -11.049787 -12.344653 -11.077077 -12.470583 -14.102773 -12.516052
41.600000 -8.709077 -10.626352 -12.296144 -10.186725 -10.179610 -11.415388 -10.090861 -10.188459 -11.360103 -10.390353 -11.036466 -12.325156 -11.059996 -12.454942 -14.065964 -12.499361
41.640000 -8.734441 -10.598509 -12.270083 -10.151372 -10.165642 -11.397205 -10.075029 -10.174487 -11.341439 -10.373577 -11.022418 -12.304262 -11.041870 -12.439312 -13.971904 -12.482344
41.680000 -8.761377 -10.572344 -12.245552 -10.118681 -10.152110 -11.379754 -10.059755 -10.160950 -11.323546 -10.357430 -11.008811 -12.284327 -11.024471 -12.424225 -13.948283 -12.465968
41.720000 -8.785489 -10.545074 -12.219330 -10.083461 -10.138341 -11.362406 -10.044336 -10.147295 -11.305446 -10.341132 -10.995084 -12.264115 -11.006877 -12.409450 -13.925745 -12.449657
41.760000 -8.806186 -10.516986 -12.191291 -10.046461 -10.124372 -11.345271 -10.028805 -10.133546 -11.287192 -10.324722 -10.981259 -12.243701 -10.989137 -12.394971 -13.904181 -12.433424
41.800000 -8.827919 -10.490605 -12.164953 -10.012367 -10.110837 -11.328793 -10.013811 -10.120218 -11.269677 -10.308914 -10.967861 -12.224204 -10.972094 -12.380960 -13.883647 -12.417775
41.840000 -8.841041 -10.459076 -12.125442 -9.970041 -10.096571 -11.312061 -9.998002 -10.106258 -11.251031 -10.292199 -10.953848 -12.203304 -10.953987 -12.366991 -13.863306 -12.401442
41.880000 -8.854573 -10.429682 -12.089228 -9.931477 -10.082759 -11.295958 -9.982806 -10.092733 -11.233156 -10.276107 -10.940272 -12.183364 -10.936605 -12.353457 -13.843878 -12.385700
41.920000 -8.863356 -10.398309 -12.046726 -9.890609 -10.068875 -11.279724 -9.968093 -10.079085 -11.215103 -10.259850 -10.926591 -12.163151 -10.919432 -12.339811 -13.824767 -12.369814
41.960000 -8.867093 -10.365488 -11.999875 -9.849029 -10.054939 -11.263395 -9.953278 -10.065339 -11.196925 -10.243466 -10.912827 -12.142742 -10.902327 -12.326075 -13.805964 -12.353820
42.000000 -8.870863 -10.334973 -11.957590 -9.817525 -10.041436 -11.247662 -9.938952 -10.052015 -11.179478 -10.228251 -10.899486 -12.123248 -10.885879 -12.312761 -13.787944 -12.338395
42.040000 -8.866184 -10.299196 -11.897806 -9.781637 -10.027334 -11.231084 -9.923873 -10.038050 -11.160938 -10.214339 -10.885513 -12.102351 -10.867617 -12.298788 -13.769689 -12.322117
42.080000 -8.861555 -10.266144 -11.845265 -9.749510 -10.013674 -11.215120 -9.909300 -10.024521 -11.143160 -10.201459 -10.871977 -12.083495 -10.850018 -12.285250 -13.752171 -12.306428
42.120000 -8.859655 -10.231254 -11.785453 -9.716469 -9.999920 -11.199007 -9.894595 -10.010874 -11.124988 -10.187621 -10.858321 -12.067322 -10.832201 -12.271601 -13.734643 -12.290567
42.160000 -8.860449 -10.195121 -11.721732 -9.682874 -9.986094 -11.182785 -9.879785 -9.997132 -11.106258 -10.173749 -10.844570 -12.051020 -10.814219 -12.257863 -13.717134 -12.274573
42.200000 -8.861244 -10.161764 -11.666176 -9.651694 -9.972693 -11.165616 -9.865464 -9.983812 -11.088302 -10.160063 -10.831240 -12.035311 -10.796952 -12.244546 -13.700304 -12.259148
42.240000 -8.859242 -10.122396 -11.600615 -9.615810 -9.958677 -11.144889 -9.850389 -9.969845 -11.069154 -10.145693 -10.817276 -12.018694 -10.778608 -12.230577 -13.682657 -12.242867
42.280000 -8.857249 -10.086301 -11.543665 -9.582668 -9.945099 -11.125107 -9.835821 -9.956313 -11.050815 -10.131790 -10.803748 -12.002693 -10.761007 -12.217044 -13.665698 -12.227175
42.320000 -8.854222 -10.048621 -11.487183 -9.549550 -9.931411 -11.104882 -9.821013 -9.942664 -11.032256 -10.117756 -10.790099 -11.986521 -10.744016 -12.203395 -13.648547 -12.211315
42.360000 -8.850185 -10.009966 -11.432270 -9.517012 -9.917638 -11.083926 -9.806007 -9.928923 -11.013536 -10.103745 -10.776353 -11.970217 -10.727523 -12.189652 -13.631251 -12.195326
42.400000 -8.846184 -9.974473 -11.383602 -9.486571 -9.904288 -11.058996 -9.791503 -9.915603 -10.995589 -10.090274 -10.763029 -11.954507 -10.711634 -12.176330 -13.614617 -12.179906
42.440000 -8.840116 -9.939095 -11.331912 -9.453562 -9.885469 -11.026514 -9.772262 -9.901638 -10.976448 -10.076147 -10.749064 -11.935937 -10.694806 -12.162368 -13.596985 -12.163626
42.480000 -8.834131 -9.906384 -11.285763 -9.422564 -9.867431 -10.996064 -9.756996 -9.888107 -10.958115 -10.062468 -10.735534 -11.917536 -10.678606 -12.148841 -13.580042 -12.147935
42.520000 -8.824576 -9.875998 -11.244944 -9.390252 -9.845781 -10.962615 -9.737000 -9.874458 -10.939558 -10.048663 -10.721886 -11.898897 -10.662241 -12.135192 -13.562902 -12.132077
42.560000 -8.811684 -9.847631 -11.208436 -9.356977 -9.821069 -10.926349 -9.705501 -9.860714 -10.920837 -10.034758 -10.708145 -11.880084 -10.645750 -12.121445 -13.545613 -12.116091
42.600000 -8.799163 -9.821004 -11.174763 -9.326071 -9.797687 -10.892882 -9.678491 -9.847391 -10.902889 -10.021288 -10.694825 -11.862056 -10.633275 -12.108119 -13.528987 -12.100673
42.640000 -8.775703 -9.792387 -11.138098 -9.291439 -9.769283 -10.851498 -9.643016 -9.833428 -10.883749 -10.006297 -10.680858 -11.842802 -10.623339 -12.094157 -13.511357 -12.084392
42.680000 -8.753446 -9.765540 -11.104292 -9.259366 -9.742622 -10.813718 -9.607291 -9.819901 -10.868270 -9.988668 -10.667327 -11.823670 -10.613644 -12.080629 -13.494414 -12.068701
42.720000 -8.729488 -9.738186 -11.069529 -9.226533 -9.714006 -10.773359 -9.570330 -9.806251 -10.852753 -9.970824 -10.653677 -11.807957 -10.602902 -12.066980 -13.477278 -12.052843
42.760000 -8.704155 -9.710511 -11.034210 -9.193263 -9.683897 -10.731348 -9.532533 -9.792504 -10.837167 -9.952824 -10.639934 -11.792901 -10.586017 -12.053234 -13.459993 -12.036855
42.800000 -8.680218 -9.684495 -11.001551 -9.162361 -9.655741 -10.693045 -9.493514 -9.779179 -10.822127 -9.935575 -10.626612 -11.778361 -10.569764 -12.039910 -13.443370 -12.021435
42.840000 -8.652763 -9.655902 -10.964494 -9.130715 -9.622977 -10.646680 -9.447411 -9.765213 -10.806334 -9.917620 -10.612650 -11.759733 -10.552540 -12.025945 -13.425162 -12.005691
42.880000 -8.626940 -9.629076 -10.930355 -9.103258 -9.592511 -10.605181 -9.405760 -9.751682 -10.791104 -9.907396 -10.599123 -11.741368 -10.535975 -12.012415 -13.407674 -11.990575
42.920000 -8.606156 -9.601739 -10.895280 -9.075239 -9.560761 -10.564494 -9.363395 -9.738034 -10.776066 -9.897103 -10.585473 -11.725657 -10.519584 -11.998768 -13.389981 -11.975304
42.960000 -8.589778 -9.574078 -10.859675 -9.046864 -9.528129 -10.522832 -9.325087 -9.724292 -10.761435 -9.886757 -10.571725 -11.709016 -10.503267 -11.985027 -13.372133 -11.959911
43.000000 -8.573996 -9.548073 -10.826771 -9.020238 -9.497778 -10.484819 -9.289899 -9.710971 -10.747280 -9.876688 -10.558398 -11.692959 -10.487546 -11.971707 -13.354993 -11.945046
43.040000 -8.561875 -9.519546 -10.781189 -8.990872 -9.462031 -10.439258 -9.250271 -9.697001 -10.732473 -9.866204 -10.544441 -11.675947 -10.470917 -11.957740 -13.336771 -11.929383
43.080000 -8.550083 -9.492777 -10.739853 -8.963378 -9.429004 -10.398026 -9.215371 -9.683467 -10.718154 -9.856007 -10.530918 -11.659578 -10.454906 -11.944208 -13.319286 -11.914266
43.120000 -8.537595 -9.465516 -10.696271 -8.935127 -9.394320 -10.354503 -9.179770 -9.669819 -10.703708 -9.844700 -10.517269 -11.641139 -10.438943 -11.930559 -13.301592 -11.898995
43.160000 -8.524476 -9.437944 -10.652165 -8.906373 -9.358529 -10.308707 -9.143833 -9.656081 -10.689161 -9.830335 -10.503518 -11.622336 -10.428155 -11.916817 -13.283743 -11.883604
43.200000 -8.511742 -9.412018 -10.612129 -8.879424 -9.325464 -10.266704 -9.109311 -9.642764 -10.675086 -9.816442 -10.490190 -11.604317 -10.418387 -11.903496 -13.266599 -11.868740
43.240000 -8.497266 -9.383334 -10.568465 -8.822856 -9.287621 -10.215459 -9.072548 -9.628794 -10.660297 -9.799154 -10.476230 -11.585081 -10.408307 -11.889533 -13.247856 -11.853075
43.280000 -8.483257 -9.356429 -10.528798 -8.769197 -9.252813 -10.171530 -9.037719 -9.615259 -10.645995 -9.782531 -10.462705 -11.566664 -10.398455 -11.876004 -13.228585 -11.837804
43.320000 -8.468139 -9.327651 -10.490210 -8.702899 -9.216985 -10.131721 -9.002007 -9.601610 -10.628328 -9.759928 -10.449058 -11.547660 -10.388550 -11.862354 -13.209060 -11.820721
43.360000 -8.452040 -9.297453 -10.457381 -8.654673 -9.180576 -10.090603 -8.966032 -9.587870 -10.607708 -9.736006 -10.435311 -11.528189 -10.378601 -11.848607 -13.189348 -11.803490
43.400000 -8.436516 -9.269219 -10.424176 -8.611270 -9.146985 -10.053047 -8.932814 -9.574551 -10.587205 -9.713442 -10.421986 -11.509553 -10.368875 -11.835282 -13.170494 -11.786923
43.440000 -8.417861 -9.232451 -10.358915 -8.583573 -9.111915 -10.009992 -8.897816 -9.552997 -10.539867 -9.682664 -10.408022 -11.489625 -10.358815 -11.821325 -13.150328 -11.769349
43.480000 -8.399974 -9.198555 -10.307657 -8.560045 -9.079466 -9.972953 -8.865433 -9.532463 -10.498335 -9.653962 -10.394493 -11.470572 -10.348983 -11.807803 -13.131061 -11.752465
43.520000 -8.379611 -9.159397 -10.240879 -8.505522 -9.048936 -9.936986 -8.833663 -9.503533 -10.470629 -9.618025 -10.380846 -11.451276 -10.338588 -11.794154 -13.111535 -11.735381
43.560000 -8.357136 -9.116494 -10.165015 -8.439959 -9.020095 -9.900510 -8.802540 -9.467831 -10.437861 -9.575213 -10.367105 -11.431805 -10.327717 -11.780401 -13.091822 -11.718147
43.600000 -8.335767 -9.077451 -10.103250 -8.383021 -8.993051 -9.866862 -8.774721 -9.434842 -10.396965 -9.536276 -10.353785 -11.413168 -10.312259 -11.767072 -13.072966 -11.701576
43.640000 -8.312828 -9.021886 -10.013564 -8.318359 -8.964476 -9.828780 -8.744410 -9.394102 -10.353629 -9.493426 -10.339817 -11.393241 -10.295080 -11.753114 -13.052803 -11.685892
43.680000 -8.291040 -8.972631 -9.950990 -8.262104 -8.937666 -9.798776 -8.716089 -9.356858 -10.312585 -9.454447 -10.326285 -11.374190 -10.278555 -11.739591 -13.033537 -11.672051
43.720000 -8.268434 -8.917783 -9.876848 -8.219807 -8.910361 -9.772080 -8.687186 -9.319714 -10.266627 -9.415709 -10.312636 -11.354894 -10.261855 -11.725943 -13.014012 -11.658088
43.760000 -8.245186 -8.859818 -9.789828 -8.134081 -8.882743 -9.745188 -8.657926 -9.282888 -10.219887 -9.376677 -10.298895 -11.335419 -10.245024 -11.712194 -12.994297 -11.645540
43.800000 -8.223118 -8.808687 -9.694041 -8.128544 -8.856777 -9.711798 -8.630523 -9.248942 -10.177575 -9.342875 -10.285575 -11.316781 -10.228820 -11.698867 -12.975441 -11.633351
43.840000 -8.203754 -8.733861 -9.508972 -8.082961 -8.828367 -9.673989 -8.605555 -9.211844 -10.140924 -9.309811 -10.271609 -11.296858 -10.211648 -11.684904 -12.955277 -11.620220
43.880000 -8.185217 -8.670052 -9.379613 -7.977984 -8.801702 -9.648738 -8.582154 -9.177667 -10.102703 -9.276339 -10.258079 -11.277809 -10.195260 -11.671377 -12.936010 -11.607094
43.920000 -8.168003 -8.594186 -9.216059 -7.898999 -8.774809 -9.624548 -8.558503 -9.142692 -10.061387 -9.241585 -10.244430 -11.258512 -10.180088 -11.657730 -12.916485 -11.593748
43.960000 -8.151989 -8.512903 -9.056380 -7.838306 -8.747819 -9.600122 -8.534340 -9.107289 -10.019735 -9.206796 -10.230686 -11.238822 -10.166713 -11.643987 -12.896774 -11.577972
44.000000 -8.136545 -8.444461 -8.959084 -7.792442 -8.722410 -9.576999 -8.510575 -9.074556 -9.989000 -9.174589 -10.217364 -11.219540 -10.153740 -11.630666 -12.877920 -11.562749
44.040000 -8.123906 -8.411205 -8.887103 -7.803385 -8.695892 -9.551759 -8.469985 -9.038443 -9.957599 -9.138116 -10.203401 -11.198883 -10.140156 -11.616699 -12.857754 -11.546667
44.080000 -8.111625 -8.380316 -8.817439 -7.830663 -8.670902 -9.527906 -8.429010 -9.005103 -9.928318 -9.100191 -10.189873 -11.179163 -10.126986 -11.603167 -12.838484 -11.531160
44.120000 -8.099521 -8.360972 -8.745576 -7.867149 -8.646626 -9.502907 -8.400439 -8.971720 -9.899209 -9.061488 -10.176225 -11.159175 -10.113702 -11.589519 -12.818959 -11.515500
44.160000 -8.087589 -8.351750 -8.733840 -7.915221 -8.623025 -9.477015 -8.372678 -8.938477 -9.870360 -9.022461 -10.162480 -11.138995 -10.100325 -11.575779 -12.799248 -11.499724
44.200000 -8.075976 -8.342720 -8.720821 -7.919902 -8.600640 -9.452583 -8.346777 -8.907599 -9.843309 -8.988094 -10.149157 -11.119711 -10.087351 -11.562460 -12.780242 -11.484500
44.240000 -8.064823 -8.342705 -8.696336 -7.922936 -8.578568 -9.419628 -8.320255 -8.874327 -9.814104 -8.953158 -10.135192 -11.099056 -10.071919 -11.548492 -12.759752 -11.468420
44.280000 -8.053950 -8.342690 -8.716897 -7.934952 -8.557563 -9.388914 -8.296662 -8.843423 -9.786483 -8.920739 -10.121661 -11.079339 -10.058556 -11.534960 -12.740185 -11.452913
44.320000 -8.043414 -8.345139 -8.721280 -7.966256 -8.536106 -9.353719 -8.274980 -8.812348 -9.758148 -8.886926 -10.107947 -11.049244 -10.035065 -11.521311 -12.720356 -11.437255
44.360000 -8.033198 -8.350095 -8.719053 -7.959873 -8.514307 -9.315209 -8.237949 -8.781279 -9.726339 -8.852947 -10.094077 -11.017631 -10.003980 -11.507569 -12.700337 -11.421479
44.400000 -8.023217 -8.355108 -8.717478 -7.959904 -8.493551 -9.279838 -8.203829 -8.752284 -9.693473 -8.817128 -10.080637 -10.984890 -9.974973 -11.494248 -12.681201 -11.406256
44.440000 -8.014407 -8.368565 -8.720594 -7.991154 -8.468122 -9.229055 -8.157783 -8.721652 -9.656189 -8.776149 -10.050239 -10.932268 -9.929749 -11.480284 -12.660714 -11.390888
44.480000 -8.005773 -8.382452 -8.732030 -8.037949 -8.444100 -9.183686 -8.116200 -8.693038 -9.627552 -8.738705 -10.021831 -10.889324 -9.903474 -11.466755 -12.641150 -11.374455
44.520000 -7.998031 -8.404636 -8.777944 -8.049475 -8.416316 -9.132030 -8.078809 -8.664761 -9.595960 -8.700334 -9.979345 -10.843365 -9.858950 -11.453106 -12.621321 -11.359013
44.560000 -7.991138 -8.436443 -8.828130 -8.047001 -8.385526 -9.074006 -8.050333 -8.636871 -9.555994 -8.661516 -9.926662 -10.796721 -9.813867 -11.439362 -12.601300 -11.343236
44.600000 -7.984353 -8.470764 -8.884881 -8.081597 -8.356776 -9.021039 -8.026766 -8.610663 -9.518860 -8.627282 -9.879685 -10.752684 -9.762196 -11.426039 -12.582161 -11.328012
44.640000 -7.977976 -8.527958 -8.971473 -8.135413 -8.319941 -8.945451 -8.024572 -8.582170 -9.480688 -8.586204 -9.832574 -10.700751 -9.708075 -11.412075 -12.561677 -11.311931
44.680000 -7.971692 -8.593843 -9.107400 -8.181303 -8.285988 -8.891198 -7.993857 -8.555432 -9.446629 -8.548678 -9.790077 -10.649909 -9.659976 -11.398545 -12.542117 -11.296425
44.720000 -7.966978 -8.665629 -9.194928 -8.275781 -8.260810 -8.822431 -7.974342 -8.528256 -9.411734 -8.510086 -9.749592 -10.609491 -9.612916 -11.384898 -12.522288 -11.280765
44.760000 -7.963784 -8.744577 -9.365368 -8.349286 -8.243073 -8.757772 -7.964296 -8.500816 -9.376380 -8.471997 -9.710936 -10.567019 -9.567080 -11.371156 -12.502265 -11.264986
44.800000 -7.960613 -8.841138 -9.666568 -8.483291 -8.226033 -8.722656 -7.947790 -8.475007 -9.343689 -8.437914 -9.675441 -10.528345 -9.525633 -11.357835 -12.483124 -11.249760
44.840000 -7.960747 -8.913609 -9.854377 -8.616069 -8.227487 -8.672551 -7.915813 -8.447496 -9.306855 -8.399846 -9.638305 -10.486138 -9.481495 -11.343867 -12.462644 -11.233682
44.880000 -7.960882 -9.000644 -10.192788 -8.794385 -8.228946 -8.615353 -7.885328 -8.421624 -9.272903 -8.364851 -9.604097 -10.448971 -9.450543 -11.330335 -12.443087 -11.218177
44.920000 -7.962532 -9.120554 -10.651859 -9.015425 -8.232183 -8.600807 -7.859449 -8.396779 -9.238327 -8.329607 -9.570367 -10.416857 -9.420536 -11.316689 -12.423257 -11.202517
44.960000 -7.965716 -9.303323 -10.891525 -9.180820 -8.237240 -8.595476 -7.843586 -8.372876 -9.203458 -8.294915 -9.537197 -10.381303 -9.390556 -11.302951 -12.403228 -11.186739
45.000000 -7.968923 -9.625024 -11.829807 -9.404883 -8.242356 -8.633502 -7.814733 -8.350219 -9.171185 -8.264549 -9.506382 -10.345540 -9.362512 -11.289635 -12.384083 -11.171513
45.040000 -7.974451 -9.839904 -12.044321 -9.568472 -8.261930 -8.649771 -7.821268 -8.332617 -9.136100 -8.240182 -9.474062 -10.304999 -9.331511 -11.275663 -12.363604 -11.155436
45.080000 -7.980050 -10.283763 -12.486539 -9.815113 -8.282428 -8.647727 -7.834393 -8.315701 -9.103665 -8.220097 -9.443982 -10.267171 -9.295119 -11.262126 -12.344049 -11.139933
45.120000 -7.987489 -11.331417 -13.954767 -10.474362 -8.307191 -8.674966 -7.847989 -8.303928 -9.072226 -8.190005 -9.413914 -10.226966 -9.252802 -11.248478 -12.323843 -11.124274
45.160000 -7.996863 -11.605817 -14.255585 -10.768455 -8.336931 -8.738305 -7.889823 -8.296902 -9.038919 -8.160552 -9.383987 -10.190139 -9.210116 -11.234740 -12.303114 -11.108493
45.200000 -8.006444 -12.530434 -18.848073 -12.348508 -8.368858 -8.778919 -7.916060 -8.289989 -9.007943 -8.132971 -9.355990 -10.160343 -9.170704 -11.221424 -12.283335 -11.093266
45.240000 -8.018969 -12.752223 -19.069920 -12.570049 -8.398262 -8.787474 -7.931796 -8.292703 -8.976583 -8.106180 -9.325757 -10.124661 -9.132669 -11.207454 -12.256987 -11.077191
45.280000 -8.031866 -13.229044 -19.547035 -13.045635 -8.429804 -8.826493 -7.937431 -8.295433 -8.947665 -8.080950 -9.297492 -10.091732 -9.095256 -11.193919 -12.232466 -11.059694
45.320000 -8.046372 -16.310464 -25.111248 -16.405715 -8.463091 -8.886447 -8.009711 -8.301084 -8.924001 -8.056237 -9.268895 -10.062091 -9.057090 -11.179224 -12.177698 -11.037658
45.360000 -8.062639 -16.611494 -25.412278 -16.706741 -8.498357 -8.984581 -8.011725 -8.309769 -8.904959 -8.033639 -9.240138 -10.035497 -9.018604 -11.163498 -12.114204 -11.012787
45.400000 -8.079539 -22.695657 -33.320066 -21.320181 -8.536741 -9.119267 -8.105267 -8.318632 -8.886850 -8.017035 -9.213167 -10.010483 -8.984272 -11.148321 -12.071726 -10.967952
45.440000 -8.099826 -22.917505 -33.541915 -21.542030 -8.583762 -9.240449 -8.197425 -8.330084 -8.879349 -8.024899 -9.184058 -9.978618 -8.946079 -11.108564 -12.035969 -10.911934
45.480000 -8.121107 -23.394625 -34.019036 -22.019151 -8.636498 -9.333850 -8.265970 -8.341845 -8.869091 -7.997203 -9.156779 -9.944911 -8.910985 -11.072143 -11.986739 -10.856852
45.520000 -8.143360 -28.672505 -44.378948 -28.064872 -8.698228 -9.401163 -8.315518 -8.353310 -8.866075 -7.979219 -9.129244 -9.910662 -8.875192 -11.023532 -11.934632 -10.806989
45.560000 -8.166685 -28.973535 -44.679978 -28.365902 -8.772214 -9.504375 -8.427452 -8.364445 -8.860416 -7.973357 -9.101599 -9.881918 -8.841941 -10.966679 -11.884731 -10.760050
45.600000 -8.191333 -37.630930 -56.559374 -36.274351 -8.861446 -9.689230 -8.501406 -8.375873 -8.835266 -7.968046 -9.075608 -9.851356 -8.811674 -10.916414 -11.837514 -10.717792
45.640000 -8.217122 -37.852779 -56.781223 -36.496200 -8.980847 -9.835329 -8.596892 -8.386176 -8.830787 -7.982574 -9.047146 -9.821446 -8.778181 -10.869711 -11.785388 -10.669963
45.680000 -8.244539 -38.329900 -57.258344 -36.973321 -9.146071 -10.153263 -8.735387 -8.396730 -8.833622 -7.960981 -9.020436 -9.793467 -8.747094 -10.827547 -11.738864 -10.621863
45.720000 -8.272667 -49.421420 nan -47.323267 -9.340127 -10.436673 -8.902708 -8.414683 -8.879827 -7.972816 -8.993389 -9.764986 -8.715698 -10.787787 -11.699405 -10.577234
45.760000 -8.301528 -49.722450 nan -47.624297 -9.564136 -10.695938 -9.097100 -8.440990 -8.911052 -8.009484 -8.966159 -9.736205 -8.684201 -10.750146 -11.661025 -10.536182
45.800000 -8.332444 -98.834922 nan -62.736888 -10.052218 -11.228640 -9.293402 -8.468993 -8.897885 -8.020799 -8.940536 -9.709216 -8.654839 -10.715509 -11.630801 -10.499772
45.840000 -8.361986 -99.056771 nan -62.958737 -10.209814 -11.443238 -9.446531 -8.516649 -8.945040 -8.056362 -8.913928 -9.681368 -8.624940 -10.680439 -11.590861 -10.462502
45.880000 -8.393686 -99.533892 nan -63.435858 -10.459660 -11.885814 -9.694216 -8.570185 -8.998099 -8.068138 -8.888856 -9.655784 -8.596968 -10.647992 -11.557109 -10.428180
45.920000 -8.426166 -inf nan nan -10.748350 -12.926139 -9.982126 -8.629904 -9.051881 -8.118780 -8.866031 -9.622069 -8.571884 -10.616155 -11.522635 -10.394049
45.960000 -8.459419 -inf nan nan -10.953312 -13.217097 -10.194619 -8.697577 -9.094494 -8.173638 -8.845182 -9.594330 -8.547898 -10.584962 -11.487293 -10.360257
46.000000 -8.495430 -inf nan nan -11.354640 -14.562891 -10.944336 -8.777778 -9.145038 -8.224877 -8.825288 -9.568010 -8.517571 -10.555860 -11.454618 -10.328905
46.040000 -8.530419 -inf nan nan -11.576034 -14.781497 -11.137041 -8.857570 -9.213785 -8.279862 -8.816001 -9.540634 -8.480844 -10.525019 -11.418562 -10.294866
46.080000 -8.568476 -inf nan nan -12.050891 -15.242755 -11.507842 -8.955399 -9.327732 -8.338123 -8.806908 -9.514901 -8.446983 -10.496224 -11.385278 -10.263303
46.120000 -8.607005 -inf nan nan -14.254942 -17.836032 -12.872010 -9.056582 -9.426168 -8.411147 -8.806995 -9.492757 -8.432408 -10.467265 -11.351412 -10.231255
46.160000 -8.645804 -inf nan nan -14.552490 -18.137058 -13.171121 -9.156646 -9.530309 -8.504120 -8.816267 -9.473282 -8.432762 -10.438286 -11.316882 -10.198974
46.200000 -8.688412 -inf nan nan -16.349241 -22.748537 -15.710841 -9.286893 -9.685577 -8.545033 -8.825741 -9.460411 -8.434196 -10.411121 -11.292358 -10.168927
46.240000 -8.727059 -inf nan nan -16.571014 -22.970351 -15.932631 -9.374696 -9.772447 -8.590497 -8.850465 -9.459011 -8.442184 -10.381632 -11.266375 -10.135701
46.280000 -8.769484 -inf nan nan -17.047757 -23.447298 -16.409458 -9.484869 -9.935878 -8.660487 -8.876682 -9.462685 -8.455747 -10.354018 -11.241860 -10.104836
46.320000 -8.812045 -inf nan nan -20.028328 -29.575118 -20.613331 -9.594038 -10.082169 -8.740052 -8.906766 -9.476407 -8.470298 -10.325990 -11.217061 -10.073316
46.360000 -8.854316 -inf nan nan -20.329358 -29.876147 -20.914361 -9.691105 -10.253050 -8.832992 -8.941453 -9.501157 -8.485925 -10.297728 -11.177254 -10.041952
46.400000 -8.901149 -inf nan nan -26.239729 -37.654672 -25.310970 -9.816304 -10.536790 -8.935303 -8.979153 -9.527403 -8.501631 -10.271194 -11.139721 -10.012878
46.440000 -8.941624 -inf nan nan -26.461578 -37.876520 -25.532819 -9.903444 -10.685265 -9.036321 -9.017052 -9.559446 -8.523120 -10.242383 -11.096669 -9.979818
46.480000 -8.986264 -inf nan nan -26.938699 -38.353642 -26.009940 -10.012572 -10.922623 -9.187736 -9.058578 -9.592270 -8.544676 -10.215366 -11.060483 -9.944112
46.520000 -9.030467 -inf nan nan -34.669636 -47.801590 -32.152592 -10.126723 -11.273571 -9.362159 -9.101064 -9.616011 -8.570396 -10.187932 -11.025943 -9.910178
46.560000 -9.073545 -inf nan nan -34.970666 -48.102620 -32.453622 -10.240066 -11.487091 -9.558087 -9.144365 -9.643079 -8.620636 -10.160254 -10.995347 -9.874252
46.600000 -9.121372 -inf nan nan -45.597836 -63.073356 -40.465962 -10.393854 -11.920705 -9.749618 -9.192466 -9.672022 -8.677793 -10.134235 -10.966356 -9.840065
46.640000 -9.162324 -inf nan nan -45.819684 -63.295205 -40.687811 -10.532931 -12.113255 -9.899460 -9.236572 -9.710271 -8.730236 -10.105790 -10.934080 -9.802451
46.680000 -9.207545 -inf nan nan -46.296806 -63.772326 -41.164932 -10.738758 -12.471208 -10.088021 -9.285670 -9.750805 -8.778932 -10.079095 -10.904063 -9.768421
46.720000 -9.252128 -inf nan nan -59.946821 nan -50.958694 -10.982477 -13.045230 -10.246515 -9.337303 -9.796559 -8.818983 -10.052038 -10.873385 -9.734204
46.760000 -9.295296 -inf nan nan -60.247851 nan -51.259724 -11.236464 -13.316074 -10.503666 -9.391684 -9.852256 -8.876032 -10.024778 -10.842318 -9.702971
46.800000 -9.343232 -inf nan nan -inf nan -70.783390 -11.924037 -14.221304 -11.053564 -9.453862 -9.911937 -8.940661 -9.999129 -10.813348 -9.673857
46.840000 -9.384816 -inf nan nan -inf nan -71.005238 -12.136630 -14.434975 -11.228560 -9.516706 -9.969161 -9.001717 -9.972403 -10.781167 -9.644847
46.880000 -9.430807 -inf nan nan -inf nan -71.482360 -12.570219 -14.873620 -11.610951 -9.590207 -10.033904 -9.071789 -9.947226 -10.751234 -9.617656
46.920000 -9.476407 -inf nan nan -inf nan nan -13.502890 -16.137210 -12.402774 -9.669609 -10.112140 -9.145131 -9.924201 -10.720798 -9.594409
46.960000 -9.520881 -inf nan nan -inf nan nan -13.762848 -16.430968 -12.662446 -9.755699 -10.179061 -9.228706 -9.903070 -10.690096 -9.574578
47.000000 -9.570435 -inf nan nan -inf nan nan -14.506427 -18.962125 -13.465184 -9.863182 -10.257620 -9.342065 -9.882919 -10.661448 -9.555614
47.040000 -9.613629 -inf nan nan -inf nan nan -14.727874 -19.183970 -13.685415 -9.963801 -10.356146 -9.445334 -9.873667 -10.630722 -9.543223
47.080000 -9.661598 -inf nan nan -inf nan nan -15.202994 -19.661071 -14.154534 -10.094994 -10.451044 -9.562701 -9.864609 -10.606114 -9.534130
47.120000 -9.709191 -inf nan nan -inf nan nan -17.461216 -22.516111 -16.386807 -10.236976 -10.560829 -9.695600 -9.865521 -10.592749 -9.536898
47.160000 -9.755590 -inf nan nan -inf nan nan -17.761855 -22.817116 -16.687083 -10.382273 -10.688740 -9.796483 -9.876467 -10.582994 -9.543896
47.200000 -9.807546 -inf nan nan -inf nan nan -20.507082 -27.914758 -19.653976 -10.602189 -10.848092 -9.906312 -9.887697 -10.579922 -9.551008
47.240000 -9.852844 -inf nan nan -inf nan nan -20.728929 -28.136606 -19.875755 -10.742918 -10.963769 -10.021879 -9.917526 -10.598569 -9.568593
47.280000 -9.903423 -inf nan nan -inf nan nan -21.206041 -28.613728 -20.352528 -10.952424 -11.193053 -10.185879 -9.949557 -10.598594 -9.601129
47.320000 -9.953675 -inf nan nan -inf nan nan -25.815317 -34.319666 -25.078818 -11.183774 -11.445871 -10.368217 -9.986394 -10.608028 -9.632476
47.360000 -10.002665 -inf nan nan -inf nan nan -26.116345 -34.620696 -25.379818 -11.371481 -11.646878 -10.552160 -10.029133 -10.632145 -9.676362
47.400000 -10.057892 -inf nan nan -inf nan nan -31.161334 -42.651715 -30.040981 -11.709348 -12.019418 -10.869344 -10.076542 -10.657380 -9.724062
47.440000 -10.105575 -inf nan nan -inf nan nan -31.383182 -42.873564 -30.262829 -11.880464 -12.210476 -11.010359 -10.123440 -10.699429 -9.772566
47.480000 -10.159145 -inf nan nan -inf nan nan -31.860304 -43.350685 -30.739951 -12.166903 -12.528692 -11.213397 -10.176021 -10.768727 -9.827469
47.520000 -10.212274 -inf nan nan -inf nan nan -38.889581 -54.561719 -36.911920 -12.515038 -12.978987 -11.456223 -10.229564 -10.818474 -9.884554
47.560000 -10.263811 -inf nan nan -inf nan nan -39.190611 -54.862749 -37.212950 -12.720149 -13.215667 -11.669534 -10.283516 -10.864105 -9.943654
47.600000 -10.322298 -inf nan nan -inf nan nan -49.638000 -72.634442 -45.245692 -13.122074 -14.069369 -12.009252 -10.345134 -10.935735 -10.012092
47.640000 -10.372337 -inf nan nan -inf nan nan -49.859849 -72.856291 -45.467540 -13.289064 -14.282523 -12.183905 -10.399522 -10.987960 -10.072437
47.680000 -10.428901 -inf nan nan -inf nan nan -50.336970 -73.333412 -45.944662 -13.563882 -14.718654 -12.480647 -10.461709 -11.047339 -10.142549
47.720000 -10.485149 -inf nan nan -inf nan nan -64.751947 nan -56.438849 -13.905895 -15.637509 -12.869812 -10.524982 -11.108136 -10.212838
47.760000 -10.539785 -inf nan nan -inf nan nan -65.052977 nan -56.739879 -14.169810 -15.934807 -13.155999 -10.588258 -11.169401 -10.273680
47.800000 -10.602297 -inf nan nan -inf nan nan -inf nan -88.319458 -14.955444 -17.497142 -14.268729 -10.662351 -11.235797 -10.351933
47.840000 -10.655401 -inf nan nan -inf nan nan -inf nan -88.541307 -15.174435 -17.715954 -14.489943 -10.728679 -11.289875 -10.429012
47.880000 -10.715915 -inf nan nan -inf nan nan -inf nan -89.018428 -15.637546 -18.177995 -14.955975 -10.806996 -11.359605 -10.523872
47.920000 -10.776336 -inf nan nan -inf nan nan -inf nan nan -17.055524 -19.947355 -16.068344 -10.889639 -11.435982 -10.630347
47.960000 -10.835174 -inf nan nan -inf nan nan -inf nan nan -17.350849 -20.246958 -16.347884 -10.975917 -11.508666 -10.737035
48.000000 -10.903251 -inf nan nan -inf nan nan -inf nan nan -18.934225 -23.321340 -17.795548 -11.083695 -11.624033 -10.868267
48.040000 -10.960523 -inf nan nan -inf nan nan -inf nan nan -19.155760 -23.543173 -18.015533 -11.181502 -11.710969 -10.972336
48.080000 -11.026512 -inf nan nan -inf nan nan -inf nan nan -19.631311 -24.020213 -18.483476 -11.307941 -11.826603 -11.109476
48.120000 -11.092464 -inf nan nan -inf nan nan -inf nan nan -21.994925 -27.617988 -21.147285 -11.444958 -11.966698 -11.257578
48.160000 -11.156447 -inf nan nan -inf nan nan -inf nan nan -22.295928 -27.919017 -21.448115 -11.586765 -12.109504 -11.406646
48.200000 -11.231512 -inf nan nan -inf nan nan -inf nan nan -26.210549 -32.747609 -24.184975 -11.798696 -12.283289 -11.634530
48.240000 -11.293480 -inf nan nan -inf nan nan -inf nan nan -26.432379 -32.969458 -24.406810 -11.939500 -12.425140 -11.783960
48.280000 -11.365785 -inf nan nan -inf nan nan -inf nan nan -26.909409 -33.446579 -24.883865 -12.149174 -12.636184 -12.015391
48.320000 -11.438107 -inf nan nan -inf nan nan -inf nan nan -30.505423 -39.913323 -28.715570 -12.383631 -12.883046 -12.306190
48.360000 -11.507879 -inf nan nan -inf nan nan -inf nan nan -30.806453 -40.214353 -29.016598 -12.582043 -13.074836 -12.491983
48.400000 -11.591048 -inf nan nan -inf nan nan -inf nan nan -37.220416 -47.353917 -34.056324 -12.957872 -13.545197 -12.828740
48.440000 -11.658146 -inf nan nan -inf nan nan -inf nan nan -37.442265 -47.575765 -34.278173 -13.141118 -13.747167 -13.008074
48.480000 -11.737539 -inf nan nan -inf nan nan -inf nan nan -37.919386 -48.052887 -34.755294 -13.464349 -14.051608 -13.319109
48.520000 -11.817011 -inf nan nan -inf nan nan -inf nan nan -45.776785 -59.938426 -41.492672 -13.899148 -14.614688 -13.697970
48.560000 -11.893114 -inf nan nan -inf nan nan -inf nan nan -46.077815 -60.239456 -41.793702 -14.147841 -14.903244 -13.916238
48.600000 -11.985447 -inf nan nan -inf nan nan -inf nan nan -54.193165 -112.454733 -49.740766 -14.791694 -15.836409 -14.540814
48.640000 -12.059061 -inf nan nan -inf nan nan -inf nan nan -54.415014 -112.676581 -49.962615 -15.003139 -16.052498 -14.743039
48.680000 -12.147753 -inf nan nan -inf nan nan -inf nan nan -54.892135 -113.153703 -50.439736 -15.431683 -16.491774 -15.125925
48.720000 -12.237128 -inf nan nan -inf nan nan -inf nan nan -70.887050 nan -63.463216 -16.324016 -17.624739 -15.810145
48.760000 -12.322608 -inf nan nan -inf nan nan -inf nan nan -71.188080 nan -63.764246 -16.606061 -17.923126 -16.088036
48.800000 -12.429140 -inf nan nan -inf nan nan -inf nan nan -inf nan -146.012957 -17.673884 -19.625002 -17.094331
48.840000 -12.513053 -inf nan nan -inf nan nan -inf nan nan -inf nan -146.234806 -17.893755 -19.846196 -17.312566
48.880000 -12.617158 -inf nan nan -inf nan nan -inf nan nan -inf nan -146.711927 -18.361116 -20.320060 -17.771393
48.920000 -12.724356 -inf nan nan -inf nan nan -inf nan nan -inf nan nan -19.934796 -22.457854 -18.997477
48.960000 -12.828494 -inf nan nan -inf nan nan -inf nan nan -inf nan nan -20.233968 -22.758875 -19.296117
49.000000 -12.965753 -inf nan nan -inf nan nan -inf nan nan -inf nan nan -22.302648 -25.939286 -21.137997
49.040000 -13.073808 -inf nan nan -inf nan nan -inf nan nan -inf nan nan -22.524177 -26.161070 -21.358433
49.080000 -13.217981 -inf nan nan -inf nan nan -inf nan nan -inf nan nan -22.999705 -26.637862 -21.828907
49.120000 -13.372370 -inf nan nan -inf nan nan -inf nan nan -inf nan nan -25.356652 -30.425661 -23.958171
49.160000 -13.522329 -inf nan nan -inf nan nan -inf nan nan -inf nan nan -25.657663 -30.726659 -24.259178
49.200000 -13.753248 -inf nan nan -inf nan nan -inf nan nan -inf nan nan -29.716842 -35.569183 -27.495127
49.240000 -13.898936 -inf nan nan -inf nan nan -inf nan nan -inf nan nan -29.938677 -35.791032 -27.716972
49.280000 -14.119758 -inf nan nan -inf nan nan -inf nan nan -inf nan nan -30.415730 -36.268152 -28.194079
49.320000 -14.369403 -inf nan nan -inf nan nan -inf nan nan -inf nan nan -34.137502 -42.655448 -31.781452
49.360000 -14.574283 -inf nan nan -inf nan nan -inf nan nan -inf nan nan -34.438532 -42.956478 -32.082480
49.400000 -14.975278 -inf nan nan -inf nan nan -inf nan nan -inf nan nan -41.388964 -51.174751 -37.275019
49.440000 -15.157899 -inf nan nan -inf nan nan -inf nan nan -inf nan nan -41.610813 -51.396599 -37.496868
49.480000 -15.479129 -inf nan nan -inf nan nan -inf nan nan -inf nan nan -42.087934 -51.873721 -37.973989
49.520000 -15.911290 -inf nan nan -inf nan nan -inf nan nan -inf nan nan -48.439598 -67.681516 -44.582763
49.560000 -16.168869 -inf nan nan -inf nan nan -inf nan nan -inf nan nan -48.740628 -67.982546 -44.883793
49.600000 -16.889169 -inf nan nan -inf nan nan -inf nan nan -inf nan nan -60.862576 -inf -53.054054
