#Quasar bolometric luminosity function in different black hole mass bins from TRINITY PaperIII (Fig. 3, Zhang+2024, MNRAS, 529, 2777)
#z: 1.00
#log10(Lbol [erg/s])(0) log10(QLF_total [Mpc^-3 dex^-1])(1) log10(QLF(5<logMbh<6) [Mpc^-3 dex^-1])(2) log10(QLF(5<logMbh<6)_16th [Mpc^-3 dex^-1])(3) log10(QLF(5<logMbh<6)_84th [Mpc^-3 dex^-1])(4)
#log10(QLF(6<logMbh<7) [Mpc^-3 dex^-1])(5) log10(QLF(6<logMbh<7)_16th [Mpc^-3 dex^-1])(6) log10(QLF(6<logMbh<7)_84th [Mpc^-3 dex^-1])(7)
#log10(QLF(7<logMbh<8) [Mpc^-3 dex^-1])(8) log10(QLF(7<logMbh<8)_16th [Mpc^-3 dex^-1])(9) log10(QLF(7<logMbh<8)_84th [Mpc^-3 dex^-1])(10)
#log10(QLF(8<logMbh<9) [Mpc^-3 dex^-1])(11) log10(QLF(8<logMbh<9)_16th [Mpc^-3 dex^-1])(12) log10(QLF(8<logMbh<9)_84th [Mpc^-3 dex^-1])(13)
#log10(QLF(9<logMbh<10) [Mpc^-3 dex^-1])(14) log10(QLF(9<logMbh<10)_16th [Mpc^-3 dex^-1])(15) log10(QLF(9<logMbh<10)_84th [Mpc^-3 dex^-1])(16)
40.000000 -3.847886 -5.401264 -5.543799 -5.196803 -5.108980 -5.285328 -4.918354 -4.369379 -4.593777 -4.343826 -4.132757 -4.372401 -4.155217 -5.260772 -5.532674 -5.199585
40.040000 -3.841991 -5.395798 -5.533020 -5.192477 -5.103536 -5.276418 -4.913649 -4.364272 -4.586689 -4.340708 -4.127723 -4.363206 -4.149559 -5.255569 -5.525856 -5.193318
40.080000 -3.836175 -5.390400 -5.521285 -5.188193 -5.098159 -5.267687 -4.908995 -4.359224 -4.580331 -4.337272 -4.122746 -4.354203 -4.143976 -5.250427 -5.519143 -5.187177
40.120000 -3.830348 -5.384985 -5.509463 -5.183899 -5.092768 -5.258918 -4.904442 -4.354191 -4.572989 -4.333716 -4.117791 -4.345206 -4.138397 -5.245293 -5.512418 -5.181238
40.160000 -3.824512 -5.379555 -5.498124 -5.179596 -5.087362 -5.250117 -4.901229 -4.349171 -4.565123 -4.328705 -4.112860 -4.336221 -4.132825 -5.240168 -5.505684 -5.175291
40.200000 -3.818754 -5.374192 -5.490528 -5.173776 -5.082023 -5.241491 -4.898039 -4.344208 -4.557551 -4.321592 -4.107983 -4.327419 -4.127550 -5.235103 -5.499053 -5.169487
40.240000 -3.812911 -5.368728 -5.483240 -5.167052 -5.076589 -5.232622 -4.894816 -4.339225 -4.550742 -4.314352 -4.103110 -4.318466 -4.122593 -5.230003 -5.492302 -5.163661
40.280000 -3.807146 -5.363332 -5.476072 -5.160432 -5.071222 -5.223931 -4.891616 -4.334299 -4.544039 -4.307231 -4.098290 -4.310103 -4.117693 -5.224962 -5.485654 -5.158287
40.320000 -3.801326 -5.357919 -5.468873 -5.153787 -5.065840 -5.215299 -4.888412 -4.329397 -4.537331 -4.300110 -4.093506 -4.302286 -4.113407 -5.219940 -5.479000 -5.152914
40.360000 -3.795453 -5.352490 -5.461648 -5.147002 -5.060444 -5.208194 -4.885202 -4.324518 -4.530621 -4.293864 -4.088757 -4.294473 -4.110069 -5.214936 -5.472342 -5.147544
40.400000 -3.789658 -5.347129 -5.454541 -5.139996 -5.055115 -5.201206 -4.882016 -4.319694 -4.524012 -4.289048 -4.084059 -4.284949 -4.106758 -5.209989 -5.465647 -5.142238
40.440000 -3.783588 -5.341668 -5.447257 -5.132821 -5.049693 -5.194050 -4.878797 -4.314873 -4.517306 -4.284198 -4.079397 -4.275525 -4.101722 -5.205033 -5.457307 -5.136879
40.480000 -3.777602 -5.336275 -5.440092 -5.126303 -5.044338 -5.187011 -4.875602 -4.310105 -4.510702 -4.279404 -4.074785 -4.267687 -4.096126 -5.200134 -5.449126 -5.131584
40.520000 -3.771494 -5.330864 -5.432899 -5.123118 -5.038969 -5.179579 -4.872402 -4.305372 -4.504103 -4.274901 -4.070225 -4.260605 -4.090566 -5.195266 -5.440972 -5.126299
40.560000 -3.765273 -5.325438 -5.425677 -5.119927 -5.033587 -5.170735 -4.869198 -4.300672 -4.497508 -4.270503 -4.065717 -4.253483 -4.085041 -5.190427 -5.432846 -5.121024
40.600000 -3.759138 -5.320079 -5.418575 -5.116765 -5.028271 -5.162069 -4.865444 -4.296022 -4.491013 -4.266149 -4.061256 -4.246228 -4.079586 -5.185642 -5.424871 -5.115812
40.640000 -3.752619 -5.314622 -5.411297 -5.113997 -5.022864 -5.153161 -4.861561 -4.291404 -4.484438 -4.261789 -4.056872 -4.238720 -4.074191 -5.180882 -5.417160 -5.110566
40.680000 -3.746196 -5.309233 -5.404139 -5.110853 -5.017524 -5.146414 -4.856520 -4.286834 -4.477961 -4.258107 -4.052532 -4.231342 -4.069084 -5.176174 -5.411329 -5.105383
40.720000 -3.739632 -5.303826 -5.396952 -5.106747 -5.012172 -5.139880 -4.850120 -4.282313 -4.471727 -4.254527 -4.048264 -4.223162 -4.063795 -5.171513 -5.405511 -5.100220
40.760000 -3.732933 -5.298405 -5.389738 -5.102632 -5.006808 -5.133332 -4.843739 -4.277839 -4.466259 -4.249253 -4.044066 -4.214487 -4.058457 -5.166900 -5.399709 -5.095077
40.800000 -3.726337 -5.293050 -5.382642 -5.098556 -5.001510 -5.126880 -4.837573 -4.273410 -4.460860 -4.243431 -4.039909 -4.205984 -4.053185 -5.162335 -5.393983 -5.089995
40.840000 -3.719691 -5.287597 -5.375373 -5.093707 -4.996123 -5.120212 -4.833660 -4.269045 -4.455398 -4.237453 -4.035878 -4.198259 -4.048977 -5.157840 -5.388219 -5.084908
40.880000 -3.713145 -5.282212 -5.368223 -5.088062 -4.990802 -5.113325 -4.829787 -4.264724 -4.450003 -4.231557 -4.031884 -4.191069 -4.044070 -5.153390 -5.382531 -5.079879
40.920000 -3.706945 -5.276811 -5.361045 -5.082399 -4.985470 -5.106419 -4.825906 -4.260464 -4.444615 -4.226647 -4.027986 -4.183862 -4.038800 -5.149012 -5.377826 -5.074885
40.960000 -3.701079 -5.271396 -5.353842 -5.076723 -4.980128 -5.098950 -4.822022 -4.256266 -4.439232 -4.223183 -4.024181 -4.177910 -4.033739 -5.144703 -5.375328 -5.069926
41.000000 -3.695291 -5.266047 -5.346755 -5.070781 -4.974852 -5.090258 -4.818925 -4.252107 -4.433743 -4.219630 -4.020410 -4.170734 -4.029081 -5.140436 -5.369781 -5.065503
41.040000 -3.690368 -5.260601 -5.339498 -5.063826 -4.969490 -5.080872 -4.815721 -4.248048 -4.426884 -4.215786 -4.016822 -4.166184 -4.023997 -5.136293 -5.363663 -5.060099
41.080000 -3.685501 -5.255223 -5.332360 -5.056988 -4.964193 -5.071685 -4.808895 -4.244026 -4.418533 -4.211980 -4.013263 -4.161694 -4.019541 -5.132190 -5.357631 -5.055119
41.120000 -3.680905 -5.249830 -5.325195 -5.050125 -4.958887 -5.062468 -4.802070 -4.240082 -4.410268 -4.208222 -4.009825 -4.157167 -4.015583 -5.128185 -5.351651 -5.048338
41.160000 -3.676571 -5.244423 -5.318005 -5.043249 -4.953574 -5.055192 -4.794542 -4.236216 -4.402341 -4.202754 -4.006506 -4.151242 -4.011934 -5.124276 -5.345724 -5.042237
41.200000 -3.672280 -5.239082 -5.309627 -5.037248 -4.948325 -5.049872 -4.786961 -4.232383 -4.395745 -4.197289 -4.003212 -4.145399 -4.008441 -5.120402 -5.338087 -5.036282
41.240000 -3.668189 -5.233646 -5.303206 -5.029966 -4.942994 -5.044460 -4.779529 -4.228691 -4.389985 -4.191863 -4.000160 -4.139559 -4.005102 -5.116719 -5.332873 -5.030493
41.280000 -3.664136 -5.228277 -5.296677 -5.023747 -4.937728 -5.039115 -4.774986 -4.225031 -4.384302 -4.186503 -3.997130 -4.133503 -4.001789 -5.113066 -5.327722 -5.024781
41.320000 -3.660189 -5.222894 -5.289525 -5.010782 -4.932455 -5.033756 -4.771007 -4.221465 -4.378235 -4.181250 -3.994247 -4.127547 -3.998579 -5.109548 -5.321728 -5.019252
41.360000 -3.656346 -5.217499 -5.278549 -4.990792 -4.927175 -5.028387 -4.767050 -4.217994 -4.372198 -4.176126 -3.991511 -4.123452 -3.995471 -5.106160 -5.315018 -5.014142
41.400000 -3.652536 -5.212169 -5.267809 -4.977163 -4.921959 -5.023083 -4.763128 -4.214549 -4.366292 -4.171062 -3.988791 -4.121585 -3.992385 -5.102799 -5.308398 -5.009091
41.440000 -3.648918 -5.202764 -5.244789 -4.954516 -4.916668 -5.017689 -4.759181 -4.211281 -4.360720 -4.166092 -3.986380 -4.117427 -3.989507 -5.099712 -5.301923 -5.004259
41.480000 -3.645329 -5.193558 -5.221195 -4.937119 -4.911441 -5.012362 -4.755270 -4.208037 -4.355260 -4.161250 -3.983982 -4.112694 -3.985127 -5.096646 -5.295542 -4.999180
41.520000 -3.641875 -5.179703 -5.196497 -4.918926 -4.906209 -5.006550 -4.751366 -4.204905 -4.349897 -4.156754 -3.981761 -4.108090 -3.980437 -5.093751 -5.289311 -4.993449
41.560000 -3.638552 -5.161633 -5.171237 -4.900061 -4.900972 -4.998775 -4.747470 -4.201884 -4.344606 -4.152353 -3.979712 -4.103615 -3.975683 -5.091022 -5.283223 -4.988183
41.600000 -3.635255 -5.144286 -5.149444 -4.881983 -4.895798 -4.991139 -4.743609 -4.198883 -4.339379 -4.147996 -3.977674 -4.099190 -3.971033 -5.088310 -5.277220 -4.983222
41.640000 -3.632229 -5.123339 -5.121989 -4.860307 -4.890555 -4.982506 -4.739733 -4.196106 -4.335494 -4.143686 -3.976001 -4.094607 -3.967043 -5.085957 -5.271483 -4.979941
41.680000 -3.629224 -5.103356 -5.099491 -4.834209 -4.885375 -4.974004 -4.735891 -4.193347 -4.330233 -4.139065 -3.974335 -4.089927 -3.963711 -5.083616 -5.265822 -4.978175
41.720000 -3.626357 -5.083018 -5.078944 -4.813845 -4.880193 -4.965146 -4.732061 -4.190714 -4.324217 -4.134220 -3.972872 -4.085424 -3.960366 -5.081487 -5.260357 -4.973272
41.760000 -3.623625 -5.062415 -5.057835 -4.791745 -4.875010 -4.954690 -4.727935 -4.188206 -4.319334 -4.129486 -3.971610 -4.081091 -3.956029 -5.079566 -5.255083 -4.968210
41.800000 -3.620910 -5.042744 -5.034422 -4.770624 -4.869888 -4.944480 -4.722527 -4.185713 -4.314506 -4.125307 -3.970352 -4.079053 -3.951829 -5.077655 -5.249872 -4.963206
41.840000 -3.618442 -5.021803 -5.014269 -4.749503 -4.864707 -4.933978 -4.717066 -4.183469 -4.309817 -4.122146 -3.969523 -4.077950 -3.948613 -5.076201 -5.245035 -4.958622
41.880000 -3.615987 -5.001824 -4.995256 -4.726745 -4.859586 -4.924219 -4.711209 -4.181237 -4.305178 -4.118034 -3.968697 -4.076853 -3.946744 -5.074752 -5.240252 -4.954087
41.920000 -3.613691 -4.981965 -4.976199 -4.702777 -4.854468 -4.914091 -4.704829 -4.179146 -4.300862 -4.114055 -3.968098 -4.076034 -3.944351 -5.073553 -5.235716 -4.949825
41.960000 -3.611550 -4.962249 -4.956991 -4.681472 -4.849352 -4.906073 -4.698468 -4.177194 -4.297788 -4.110386 -3.967726 -4.075491 -3.940859 -5.072603 -5.231421 -4.945829
42.000000 -3.609421 -4.943389 -4.936621 -4.661531 -4.844296 -4.894993 -4.692199 -4.175250 -4.293571 -4.107972 -3.967355 -4.074952 -3.939642 -5.071655 -5.227169 -4.942428
42.040000 -3.607643 -4.922864 -4.913764 -4.635044 -4.839191 -4.884016 -4.685888 -4.173592 -4.288784 -4.104712 -3.967460 -4.074982 -3.937041 -5.071239 -5.223436 -4.941099
42.080000 -3.605873 -4.903266 -4.891962 -4.610080 -4.834146 -4.875370 -4.679666 -4.171941 -4.285684 -4.101023 -3.967566 -4.075015 -3.937081 -5.070823 -5.219735 -4.936882
42.120000 -3.604277 -4.882963 -4.870921 -4.586084 -4.829108 -4.868099 -4.673001 -4.170436 -4.282700 -4.097536 -3.967923 -4.075342 -3.936775 -5.070692 -5.216336 -4.933542
42.160000 -3.602854 -4.862089 -4.849774 -4.567555 -4.824078 -4.860815 -4.668329 -4.169075 -4.279830 -4.094245 -3.968534 -4.074590 -3.935572 -5.070846 -5.213231 -4.932543
42.200000 -3.601435 -4.842173 -4.829608 -4.551304 -4.819105 -4.854554 -4.664560 -4.167719 -4.276341 -4.090980 -3.969145 -4.073185 -3.934372 -5.071000 -5.210737 -4.931754
42.240000 -3.600345 -4.821044 -4.808177 -4.534871 -4.814099 -4.848584 -4.650638 -4.166656 -4.272952 -4.088110 -3.970280 -4.072316 -3.933863 -5.071764 -5.210481 -4.931589
42.280000 -3.599258 -4.800896 -4.787813 -4.519048 -4.809149 -4.842697 -4.646446 -4.165595 -4.269588 -4.085260 -3.971418 -4.070986 -3.932912 -5.072530 -5.210226 -4.931425
42.320000 -3.598345 -4.780675 -4.769285 -4.505766 -4.804214 -4.836066 -4.639214 -4.164687 -4.266340 -4.084266 -3.972825 -4.069599 -3.932031 -5.073612 -5.210214 -4.931582
42.360000 -3.597605 -4.760434 -4.748313 -4.491112 -4.799294 -4.826377 -4.629196 -4.163931 -4.263147 -4.081670 -3.974504 -4.068497 -3.931433 -5.075012 -5.210447 -4.932060
42.400000 -3.596867 -4.741094 -4.731318 -4.474495 -4.794428 -4.810115 -4.619487 -4.163176 -4.259586 -4.079088 -3.976189 -4.067399 -3.930837 -5.076417 -5.210682 -4.932538
42.440000 -3.596483 -4.726115 -4.716781 -4.462110 -4.784078 -4.786839 -4.603716 -4.162723 -4.256232 -4.077000 -3.978423 -4.066894 -3.930836 -5.078463 -5.212148 -4.933843
42.480000 -3.596099 -4.711635 -4.704656 -4.450070 -4.773968 -4.766130 -4.586615 -4.162270 -4.251793 -4.074922 -3.980669 -4.065841 -3.930726 -5.080519 -5.213642 -4.935299
42.520000 -3.595886 -4.699769 -4.695117 -4.439206 -4.760698 -4.753690 -4.567484 -4.161965 -4.247331 -4.073099 -3.983200 -4.064304 -3.930861 -5.082903 -5.214699 -4.935954
42.560000 -3.595845 -4.690319 -4.686025 -4.429439 -4.744557 -4.738426 -4.548800 -4.161805 -4.243005 -4.071530 -3.986022 -4.063133 -3.931301 -5.085620 -5.214272 -4.936347
42.600000 -3.595803 -4.681070 -4.674092 -4.419886 -4.728993 -4.722432 -4.533385 -4.161646 -4.240532 -4.069965 -3.988862 -4.062069 -3.931811 -5.088355 -5.214097 -4.936741
42.640000 -3.596093 -4.672438 -4.669791 -4.412040 -4.711076 -4.701997 -4.516986 -4.161780 -4.238877 -4.069464 -3.992262 -4.062200 -3.933642 -5.091757 -5.214131 -4.937908
42.680000 -3.596384 -4.663974 -4.662336 -4.404334 -4.693869 -4.682483 -4.501189 -4.161914 -4.237230 -4.070385 -3.995688 -4.062335 -3.935480 -5.095186 -5.214790 -4.939665
42.720000 -3.596839 -4.655891 -4.653872 -4.397843 -4.676048 -4.662714 -4.481545 -4.162196 -4.235701 -4.071499 -3.999402 -4.062569 -3.937647 -5.098962 -5.217305 -4.943241
42.760000 -3.597458 -4.648173 -4.643270 -4.391709 -4.657713 -4.644197 -4.459535 -4.162625 -4.234290 -4.072850 -4.003411 -4.064952 -3.940147 -5.103095 -5.220231 -4.947453
42.800000 -3.598078 -4.640589 -4.634860 -4.385551 -4.640122 -4.630164 -4.437466 -4.163055 -4.232840 -4.074452 -4.007457 -4.067743 -3.942661 -5.107268 -5.220606 -4.952266
42.840000 -3.599099 -4.633903 -4.628268 -4.381733 -4.621148 -4.614373 -4.412092 -4.163767 -4.230872 -4.076392 -4.012049 -4.070958 -3.945822 -5.112085 -5.223964 -4.957860
42.880000 -3.600123 -4.627318 -4.621774 -4.378164 -4.602969 -4.591887 -4.392679 -4.164480 -4.227408 -4.078342 -4.016690 -4.074048 -3.949006 -5.116956 -5.225424 -4.963527
42.920000 -3.601335 -4.621405 -4.616008 -4.376305 -4.584462 -4.570482 -4.372721 -4.165333 -4.224008 -4.080446 -4.021619 -4.075722 -3.952517 -5.122164 -5.227462 -4.969561
42.960000 -3.602736 -4.616138 -4.609889 -4.377642 -4.565696 -4.551150 -4.352742 -4.166327 -4.222851 -4.082709 -4.026846 -4.077734 -3.956364 -5.127719 -5.230619 -4.975237
43.000000 -3.604142 -4.610935 -4.604802 -4.379195 -4.547708 -4.532645 -4.333645 -4.167322 -4.222759 -4.083819 -4.032136 -4.080709 -3.960246 -5.133346 -5.235413 -4.978046
43.040000 -3.605711 -4.607366 -4.601041 -4.383282 -4.528449 -4.510633 -4.313595 -4.168601 -4.222356 -4.084513 -4.037923 -4.084684 -3.964744 -5.139594 -5.240659 -4.981451
43.080000 -3.607285 -4.603825 -4.596893 -4.384508 -4.510008 -4.488680 -4.294334 -4.169883 -4.221153 -4.085210 -4.043788 -4.088696 -3.969291 -5.145933 -5.245971 -4.984882
43.120000 -3.608975 -4.601323 -4.595882 -4.389122 -4.491418 -4.468517 -4.275434 -4.171307 -4.220110 -4.086382 -4.049926 -4.093010 -3.974156 -5.152617 -5.251533 -4.988756
43.160000 -3.610783 -4.599839 -4.595896 -4.393321 -4.472727 -4.450303 -4.256901 -4.172874 -4.219224 -4.088918 -4.056345 -4.098484 -3.979349 -5.159661 -5.257062 -4.993083
43.200000 -3.612598 -4.598361 -4.595912 -4.397635 -4.454807 -4.433420 -4.239791 -4.174447 -4.218340 -4.091471 -4.062860 -4.101967 -3.984607 -5.166820 -5.261379 -4.997455
43.240000 -3.614656 -4.598979 -4.599011 -4.408086 -4.436968 -4.416073 -4.228866 -4.176296 -4.217744 -4.093109 -4.069811 -4.107126 -3.990422 -5.174530 -5.264573 -5.002747
43.280000 -3.616723 -4.599597 -4.597746 -4.416460 -4.419832 -4.399994 -4.217952 -4.178153 -4.217149 -4.091975 -4.076875 -4.111746 -3.996315 -5.182378 -5.269798 -5.008456
43.320000 -3.618910 -4.600645 -4.598998 -4.424368 -4.402899 -4.383955 -4.210678 -4.180115 -4.216328 -4.090415 -4.084191 -4.116519 -4.002507 -5.190550 -5.277113 -5.014319
43.360000 -3.621218 -4.602124 -4.600527 -4.434207 -4.386172 -4.371143 -4.200305 -4.182182 -4.216437 -4.090620 -4.091767 -4.121659 -4.009009 -5.199059 -5.284752 -5.020820
43.400000 -3.623538 -4.603609 -4.600402 -4.445929 -4.370065 -4.363583 -4.187951 -4.184260 -4.212922 -4.086958 -4.099479 -4.126753 -4.014742 -5.207739 -5.292528 -5.026841
43.440000 -3.626091 -4.605882 -4.605191 -4.452082 -4.359445 -4.355707 -4.182531 -4.182202 -4.205234 -4.077703 -4.107531 -4.132445 -4.020918 -5.216900 -5.300792 -5.033647
43.480000 -3.628659 -4.608166 -4.610034 -4.467136 -4.349078 -4.345572 -4.179758 -4.180154 -4.197225 -4.068642 -4.115735 -4.138213 -4.027184 -5.226258 -5.309218 -5.040561
43.520000 -3.631360 -4.611531 -4.618077 -4.479395 -4.342676 -4.339642 -4.182429 -4.175393 -4.191344 -4.059183 -4.124165 -4.144306 -4.033774 -5.235932 -5.317758 -5.047950
43.560000 -3.634198 -4.616001 -4.629561 -4.502291 -4.340068 -4.335559 -4.185771 -4.168008 -4.182235 -4.049357 -4.132830 -4.150736 -4.040705 -5.245939 -5.325568 -5.056012
43.600000 -3.637054 -4.620518 -4.641357 -4.514318 -4.337475 -4.331472 -4.185500 -4.160746 -4.170264 -4.039748 -4.141672 -4.157267 -4.047748 -5.256181 -5.332974 -5.064228
43.640000 -3.640228 -4.629145 -4.659149 -4.535585 -4.336892 -4.332740 -4.188530 -4.152601 -4.156184 -4.031505 -4.150761 -4.165479 -4.055311 -5.266785 -5.340973 -5.073119
43.680000 -3.643426 -4.637946 -4.680761 -4.556266 -4.336310 -4.334486 -4.192051 -4.144607 -4.142958 -4.023992 -4.160045 -4.173538 -4.063008 -5.277654 -5.349123 -5.082198
43.720000 -3.646932 -4.649579 -4.700013 -4.576309 -4.336896 -4.333665 -4.196800 -4.136435 -4.133864 -4.016680 -4.169523 -4.180926 -4.071002 -5.288813 -5.357613 -5.091682
43.760000 -3.650756 -4.664271 -4.723515 -4.600818 -4.338656 -4.336446 -4.202541 -4.128097 -4.127165 -4.009377 -4.179205 -4.188547 -4.079309 -5.300278 -5.366459 -5.101596
43.800000 -3.654613 -4.679478 -4.750781 -4.624188 -4.340422 -4.339296 -4.209150 -4.119917 -4.118848 -3.997767 -4.189108 -4.196305 -4.087657 -5.312054 -5.375491 -5.111742
43.840000 -3.658869 -4.700128 -4.776720 -4.651461 -4.344835 -4.345408 -4.220512 -4.111676 -4.111184 -3.988347 -4.199162 -4.206376 -4.095560 -5.324068 -5.384991 -5.122432
43.880000 -3.663167 -4.721809 -4.806580 -4.680586 -4.349293 -4.353893 -4.233987 -4.103589 -4.102205 -3.980867 -4.209453 -4.216692 -4.103611 -5.336424 -5.394704 -5.133391
43.920000 -3.667765 -4.746046 -4.838024 -4.711210 -4.355199 -4.360254 -4.251827 -4.095851 -4.092313 -3.973037 -4.219918 -4.227206 -4.111971 -5.349033 -5.404737 -5.144708
43.960000 -3.672672 -4.773222 -4.871370 -4.741850 -4.362611 -4.367952 -4.268336 -4.088445 -4.085209 -3.965511 -4.230562 -4.238196 -4.120654 -5.361906 -5.415105 -5.156421
44.000000 -3.677635 -4.802213 -4.908659 -4.774708 -4.370151 -4.379284 -4.278507 -4.081164 -4.075575 -3.958112 -4.241474 -4.249462 -4.129515 -5.375173 -5.425496 -5.168533
44.040000 -3.683332 -4.833183 -4.946990 -4.809510 -4.380640 -4.392361 -4.294383 -4.075159 -4.067635 -3.953655 -4.252435 -4.260707 -4.139278 -5.388514 -5.435390 -5.181271
44.080000 -3.689104 -4.866533 -4.987970 -4.850294 -4.391389 -4.404197 -4.314741 -4.069236 -4.062281 -3.952437 -4.263680 -4.271775 -4.150408 -5.402279 -5.444262 -5.194938
44.120000 -3.695452 -4.901190 -5.028848 -4.889256 -4.403720 -4.420851 -4.331339 -4.064422 -4.059826 -3.954550 -4.275075 -4.280653 -4.161989 -5.416268 -5.453435 -5.209043
44.160000 -3.702401 -4.937257 -5.075708 -4.929239 -4.417764 -4.439917 -4.348736 -4.060683 -4.056579 -3.956099 -4.286627 -4.289701 -4.173794 -5.430490 -5.463533 -5.223413
44.200000 -3.709463 -4.976594 -5.129598 -4.974055 -4.432278 -4.458735 -4.366127 -4.056976 -4.053426 -3.956971 -4.298493 -4.299842 -4.184341 -5.445193 -5.477486 -5.236429
44.240000 -3.717638 -5.015059 -5.183466 -5.015777 -4.449254 -4.483843 -4.386211 -4.056463 -4.054252 -3.965966 -4.310327 -4.310424 -4.191539 -5.459782 -5.491476 -5.250184
44.280000 -3.725971 -5.057265 -5.244394 -5.060238 -4.466922 -4.507910 -4.408762 -4.055952 -4.055078 -3.975582 -4.322491 -4.322785 -4.203602 -5.474877 -5.505933 -5.265056
44.320000 -3.735132 -5.102745 -5.309018 -5.107089 -4.485522 -4.530058 -4.433241 -4.057008 -4.059832 -3.985406 -4.334625 -4.331977 -4.207184 -5.490134 -5.521246 -5.280301
44.360000 -3.745174 -5.152124 -5.379533 -5.156194 -4.505146 -4.552044 -4.458118 -4.059643 -4.065709 -3.995551 -4.346716 -4.334618 -4.202753 -5.505551 -5.535132 -5.295849
44.400000 -3.755452 -5.207846 -5.465866 -5.221147 -4.525699 -4.574218 -4.483105 -4.062295 -4.070795 -4.009011 -4.359152 -4.337867 -4.209563 -5.521534 -5.549179 -5.312098
44.440000 -3.767396 -5.267143 -5.552346 -5.283990 -4.546713 -4.601225 -4.505010 -4.072454 -4.085637 -4.025092 -4.361821 -4.329439 -4.215053 -5.537236 -5.562295 -5.328184
44.480000 -3.779678 -5.335836 -5.658303 -5.357367 -4.568797 -4.626809 -4.528076 -4.082857 -4.098798 -4.037466 -4.364506 -4.329174 -4.212277 -5.553527 -5.574025 -5.344888
44.520000 -3.793008 -5.410178 -5.768379 -5.442945 -4.591864 -4.654618 -4.564264 -4.098095 -4.118513 -4.060055 -4.361992 -4.329423 -4.207758 -5.569947 -5.587868 -5.361760
44.560000 -3.807474 -5.491123 -5.888373 -5.527765 -4.616017 -4.685625 -4.593152 -4.118689 -4.141701 -4.079031 -4.354368 -4.324843 -4.204407 -5.586485 -5.602145 -5.378791
44.600000 -3.822439 -5.590692 -6.052769 -5.637909 -4.641592 -4.720374 -4.622389 -4.140309 -4.167232 -4.102843 -4.346876 -4.322643 -4.201068 -5.603677 -5.616885 -5.395305
44.640000 -3.839282 -5.681350 -6.174152 -5.729403 -4.668339 -4.752496 -4.648763 -4.163008 -4.195073 -4.126109 -4.345680 -4.324300 -4.203519 -5.620368 -5.633305 -5.411171
44.680000 -3.856805 -5.796065 -6.343218 -5.845703 -4.696843 -4.785578 -4.676623 -4.186959 -4.223719 -4.151113 -4.344488 -4.329999 -4.207744 -5.637726 -5.650373 -5.427742
44.720000 -3.875512 -5.918331 -6.525522 -5.971671 -4.726850 -4.821547 -4.707988 -4.211846 -4.253718 -4.177548 -4.346069 -4.335187 -4.212897 -5.655153 -5.666915 -5.445691
44.760000 -3.895528 -6.043092 -6.692403 -6.094194 -4.758548 -4.859672 -4.743398 -4.237755 -4.285271 -4.205152 -4.350455 -4.340379 -4.225050 -5.672629 -5.682104 -5.463768
44.800000 -3.916513 -6.218830 -6.966918 -6.270047 -4.792743 -4.901368 -4.778252 -4.265308 -4.318110 -4.233668 -4.354886 -4.347202 -4.232322 -5.690838 -5.697843 -5.482630
44.840000 -3.938846 -6.346476 -7.125201 -6.403185 -4.827356 -4.941057 -4.812310 -4.292911 -4.348796 -4.262489 -4.364581 -4.365354 -4.247935 -5.708404 -5.713259 -5.500729
44.880000 -3.962390 -6.528032 -7.376810 -6.596165 -4.864968 -4.984632 -4.849267 -4.322388 -4.381416 -4.293522 -4.374497 -4.378715 -4.265455 -5.726710 -5.729242 -5.517272
44.920000 -3.987022 -6.725510 -7.672815 -6.801285 -4.903797 -5.027968 -4.887313 -4.352621 -4.414908 -4.325690 -4.386802 -4.395428 -4.284862 -5.745052 -5.745340 -5.534518
44.960000 -4.012857 -6.901806 -7.896317 -6.980581 -4.943862 -5.072832 -4.928428 -4.383623 -4.448468 -4.358674 -4.401697 -4.414768 -4.306355 -5.763399 -5.761543 -5.553553
45.000000 -4.040328 -7.203449 -8.381801 -7.291370 -4.988002 -5.123654 -4.974662 -4.417010 -4.484704 -4.396044 -4.417122 -4.437618 -4.324464 -5.782556 -5.778374 -5.573499
45.040000 -4.068172 -7.369930 -8.571749 -7.459412 -5.029195 -5.168847 -5.017725 -4.449143 -4.520269 -4.428834 -4.436315 -4.460460 -4.346572 -5.800885 -5.794768 -5.591965
45.080000 -4.097924 -7.643343 -8.917218 -7.737150 -5.074709 -5.219295 -5.066969 -4.483846 -4.559279 -4.464412 -4.456396 -4.479356 -4.369213 -5.820022 -5.811804 -5.610838
45.120000 -4.128462 -7.974715 -9.414046 -8.078949 -5.120686 -5.268763 -5.116402 -4.519059 -4.596172 -4.501000 -4.478522 -4.503466 -4.392065 -5.839157 -5.828918 -5.623405
45.160000 -4.159802 -8.203131 -9.683905 -8.314110 -5.166694 -5.322168 -5.165339 -4.554662 -4.632109 -4.537951 -4.502969 -4.532368 -4.416070 -5.858251 -5.846089 -5.639186
45.200000 -4.193580 -8.714665 -10.531606 -8.866228 -5.218160 -5.381062 -5.218469 -4.593447 -4.671291 -4.575867 -4.528874 -4.560958 -4.441519 -5.878223 -5.863967 -5.655033
45.240000 -4.226306 -8.913000 -10.740831 -9.065766 -5.264914 -5.438653 -5.269036 -4.629225 -4.705776 -4.610347 -4.556164 -4.591385 -4.467795 -5.897234 -5.876072 -5.673996
45.280000 -4.261701 -9.288542 -11.165532 -9.446583 -5.317316 -5.507574 -5.322490 -4.668217 -4.743805 -4.648157 -4.585285 -4.623762 -4.497237 -5.917116 -5.894822 -5.691595
45.320000 -4.297641 -9.884535 -12.120779 -10.066136 -5.372169 -5.585730 -5.378711 -4.706912 -4.781700 -4.685786 -4.615583 -4.655762 -4.527172 -5.936163 -5.906101 -5.696474
45.360000 -4.334001 -10.158570 -12.413233 -10.346110 -5.429539 -5.668036 -5.436260 -4.744866 -4.820422 -4.722861 -4.647171 -4.690167 -4.559294 -5.954219 -5.907871 -5.687147
45.400000 -4.373686 -11.077483 -13.842269 -11.376946 -5.495659 -5.758700 -5.503965 -4.786458 -4.864761 -4.763399 -4.681237 -4.731068 -4.596016 -5.973059 -5.920408 -5.675268
45.440000 -4.410592 -11.291671 -14.063275 -11.591536 -5.560709 -5.841014 -5.576547 -4.822811 -4.903188 -4.799285 -4.715611 -4.768193 -4.634166 -5.972278 -5.911339 -5.678136
45.480000 -4.450929 -11.732392 -14.536205 -12.034089 -5.637249 -5.940946 -5.655691 -4.862487 -4.944435 -4.837926 -4.752942 -4.808435 -4.677871 -5.971498 -5.896921 -5.673025
45.520000 -4.491542 -12.747288 -16.282515 -13.072930 -5.718690 -6.046774 -5.737008 -4.901733 -4.984744 -4.877053 -4.791643 -4.848716 -4.721370 -5.964327 -5.893789 -5.680699
45.560000 -4.532110 -13.044924 -16.582963 -13.371678 -5.804898 -6.158008 -5.824625 -4.940046 -5.024159 -4.915151 -4.831782 -4.888272 -4.764022 -5.951074 -5.906934 -5.687814
45.600000 -4.576862 -14.852664 -19.094471 -15.226768 -5.912565 -6.316498 -5.941686 -4.982069 -5.066382 -4.957023 -4.876012 -4.931630 -4.811109 -5.938213 -5.910207 -5.697206
45.640000 -4.617227 -15.072939 -19.316286 -15.448198 -6.006140 -6.439068 -6.031444 -5.020027 -5.105093 -4.995246 -4.915440 -4.969481 -4.851445 -5.947995 -5.920459 -5.720213
45.680000 -4.661731 -15.542275 -19.793240 -15.923241 -6.125576 -6.612710 -6.152335 -5.061623 -5.147591 -5.036807 -4.958808 -5.010947 -4.893856 -5.958003 -5.937293 -5.741872
45.720000 -4.706161 -17.213443 -22.880020 -17.833243 -6.252006 -6.800135 -6.282970 -5.103610 -5.196347 -5.077447 -5.001933 -5.052200 -4.938347 -5.974079 -5.971235 -5.769354
45.760000 -4.749948 -17.514288 -23.181034 -18.134120 -6.378292 -6.969163 -6.413489 -5.145667 -5.239175 -5.118486 -5.044236 -5.092738 -4.981966 -5.996919 -5.990375 -5.800891
45.800000 -4.798650 -20.583172 -27.487125 -21.037970 -6.557090 -7.247857 -6.600964 -5.192237 -5.285744 -5.163809 -5.091109 -5.138865 -5.030713 -6.021028 -6.013119 -5.832962
45.840000 -4.841565 -20.804953 -27.708973 -21.259811 -6.685815 -7.408031 -6.731919 -5.234982 -5.329323 -5.205685 -5.132254 -5.177342 -5.073018 -6.050731 -6.041143 -5.867103
45.880000 -4.889192 -21.281737 -28.186090 -21.736898 -6.869579 -7.664537 -6.923753 -5.282398 -5.379869 -5.252288 -5.177710 -5.220337 -5.119022 -6.082615 -6.071105 -5.904158
45.920000 -4.936567 -24.312960 -32.957355 -25.397969 -7.070027 -7.968073 -7.134892 -5.330284 -5.430510 -5.299453 -5.222751 -5.264863 -5.164767 -6.116371 -6.104940 -5.941578
45.960000 -4.982931 -24.613981 -33.258384 -25.698989 -7.248758 -8.192510 -7.320850 -5.378134 -5.480447 -5.346772 -5.266658 -5.305421 -5.211534 -6.152262 -6.142081 -5.979152
46.000000 -5.034841 -29.001089 -40.027267 -30.291990 -7.557804 -8.664037 -7.649773 -5.431918 -5.538369 -5.400336 -5.315509 -5.352963 -5.259538 -6.191389 -6.183033 -6.021380
46.040000 -5.079875 -29.222938 -40.249116 -30.513839 -7.721895 -8.855069 -7.817539 -5.479842 -5.587788 -5.447867 -5.357845 -5.392681 -5.299964 -6.229147 -6.222772 -6.060342
46.080000 -5.130124 -29.700059 -40.726237 -30.990960 -7.988793 -9.204276 -8.106372 -5.533717 -5.642821 -5.501073 -5.404757 -5.437265 -5.344417 -6.270504 -6.266932 -6.103771
46.120000 -5.180027 -35.547692 -49.974516 -37.274085 -8.310895 -9.717748 -8.460152 -5.587755 -5.701665 -5.554542 -5.451123 -5.481420 -5.387864 -6.312204 -6.311541 -6.148055
46.160000 -5.228662 -35.848722 -50.275546 -37.575115 -8.545074 -9.986336 -8.694571 -5.641019 -5.758496 -5.607995 -5.496117 -5.524263 -5.431156 -6.353916 -6.351507 -6.192070
46.200000 -5.283438 -43.150840 nan -45.129967 -9.089717 -10.865514 -9.240659 -5.701741 -5.822261 -5.668963 -5.546317 -5.572696 -5.476555 -6.400064 -6.400256 -6.239510
46.240000 -5.330535 -43.372689 nan -45.351816 -9.287827 -11.074889 -9.444030 -5.755197 -5.882649 -5.726175 -5.588913 -5.612815 -5.516661 -6.441327 -6.443228 -6.281296
46.280000 -5.383368 -43.849810 nan -45.828937 -9.662529 -11.494512 -9.835534 -5.816168 -5.958159 -5.791334 -5.636145 -5.658117 -5.558318 -6.486927 -6.490051 -6.327118
46.320000 -5.435839 -83.892096 nan nan -10.254601 -12.391996 -10.472706 -5.879268 -6.032972 -5.861102 -5.681659 -5.700190 -5.597499 -6.532216 -6.536482 -6.376003
46.360000 -5.486871 -84.193126 nan nan -10.525184 -12.687638 -10.754975 -5.943994 -6.113982 -5.932432 -5.724239 -5.741703 -5.638836 -6.576507 -6.579365 -6.423277
46.400000 -5.544709 -inf nan nan -11.393539 -14.301867 -11.750616 -6.020085 -6.210631 -6.015510 -5.771451 -5.785058 -5.682222 -6.625834 -6.626821 -6.474083
46.440000 -5.594096 -inf nan nan -11.611640 -14.522053 -11.966337 -6.090639 -6.299501 -6.091328 -5.809560 -5.819959 -5.718593 -6.668721 -6.667664 -6.517805
46.480000 -5.649829 -inf nan nan -12.070491 -14.990961 -12.414075 -6.174922 -6.406982 -6.183934 -5.851337 -5.863780 -5.758290 -6.716313 -6.713920 -6.566181
46.520000 -5.705241 -inf nan nan -13.374998 -16.604151 -13.539553 -6.263504 -6.518201 -6.275920 -5.892229 -5.908643 -5.797891 -6.763417 -6.760941 -6.612870
46.560000 -5.759091 -inf nan nan -13.668812 -16.904638 -13.838231 -6.354953 -6.638416 -6.377909 -5.931530 -5.948861 -5.837480 -6.809194 -6.808130 -6.656245
46.600000 -5.820577 -inf nan nan -15.150895 -19.378297 -15.726813 -6.470940 -6.817780 -6.493349 -5.974744 -5.990298 -5.881019 -6.860371 -6.855692 -6.704439
46.640000 -5.872779 -inf nan nan -15.371472 -19.600020 -15.948388 -6.567736 -6.946052 -6.589082 -6.014325 -6.030106 -5.922181 -6.904012 -6.894160 -6.745694
46.680000 -5.932123 -inf nan nan -15.842287 -20.076513 -16.424142 -6.692484 -7.128888 -6.717536 -6.057879 -6.075275 -5.967185 -6.952533 -6.936372 -6.791284
46.720000 -5.991291 -inf nan nan -17.604270 -23.523899 -18.307706 -6.824462 -7.327564 -6.862281 -6.102699 -6.120431 -6.014504 -7.000282 -6.982124 -6.836191
46.760000 -6.048846 -inf nan nan -17.905225 -23.824896 -18.608652 -6.954836 -7.498468 -7.005408 -6.148686 -6.172163 -6.065600 -7.046278 -7.027657 -6.879607
46.800000 -6.115211 -inf nan nan -21.370123 -27.671972 -21.785826 -7.142007 -7.775317 -7.206414 -6.200125 -6.229332 -6.127380 -7.097730 -7.079155 -6.924530
46.840000 -6.171149 -inf nan nan -21.591851 -27.893820 -22.007672 -7.273506 -7.933457 -7.338447 -6.249364 -6.283768 -6.183107 -7.141580 -7.122786 -6.963340
46.880000 -6.235373 -inf nan nan -22.068367 -28.370938 -22.484780 -7.463023 -8.184700 -7.530206 -6.304908 -6.345419 -6.238949 -7.190359 -7.171881 -7.005911
46.920000 -6.299536 -inf nan nan -24.845259 -33.834359 -26.009190 -7.669450 -8.479966 -7.742230 -6.362412 -6.406472 -6.298111 -7.238408 -7.219523 -7.052991
46.960000 -6.361858 -inf nan nan -25.146289 -34.135389 -26.310217 -7.847958 -8.702670 -7.926216 -6.421594 -6.469068 -6.358764 -7.284745 -7.264104 -7.098322
47.000000 -6.434646 -inf nan nan -31.588945 -41.147018 -31.399255 -8.156319 -9.184232 -8.259061 -6.490134 -6.546918 -6.431840 -7.336622 -7.309656 -7.148943
47.040000 -6.495120 -inf nan nan -31.810792 -41.368867 -31.621103 -8.322255 -9.375977 -8.430904 -6.550892 -6.612592 -6.492464 -7.380541 -7.349180 -7.192090
47.080000 -6.565398 -inf nan nan -32.287903 -41.845988 -32.098223 -8.594172 -9.727734 -8.719441 -6.621554 -6.689289 -6.566055 -7.429406 -7.397578 -7.239582
47.120000 -6.635707 -inf nan nan -36.863811 -49.619103 -38.362531 -8.925681 -10.244289 -9.080328 -6.693247 -6.766799 -6.640988 -7.477487 -7.445506 -7.284196
47.160000 -6.703715 -inf nan nan -37.164841 -49.920133 -38.663561 -9.164967 -10.512073 -9.321121 -6.764118 -6.843097 -6.709071 -7.523782 -7.489634 -7.318388
47.200000 -6.784387 -inf nan nan -43.749811 nan -46.028377 -9.741634 -11.343601 -9.907855 -6.848853 -6.935015 -6.796882 -7.575608 -7.541978 -7.362766
47.240000 -6.850211 -inf nan nan -43.971659 nan -46.250226 -9.938546 -11.558711 -10.109946 -6.919003 -7.012800 -6.868967 -7.618424 -7.583738 -7.395867
47.280000 -6.927825 -inf nan nan -44.448781 nan -46.727347 -10.308792 -11.992605 -10.499909 -7.002709 -7.102708 -6.955803 -7.665929 -7.630704 -7.431701
47.320000 -7.005538 -inf nan nan -99.386229 nan nan -10.885237 -13.080939 -11.166855 -7.088023 -7.194223 -7.046224 -7.709919 -7.672135 -7.466573
47.360000 -7.080165 -inf nan nan -99.687259 nan nan -11.159180 -13.372359 -11.446325 -7.171793 -7.283819 -7.135896 -7.748633 -7.712334 -7.498965
47.400000 -7.170332 -inf nan nan -inf nan nan -12.076655 -14.845451 -12.430101 -7.275678 -7.403178 -7.244074 -7.791140 -7.757260 -7.533878
47.440000 -7.242054 -inf nan nan -inf nan nan -12.293210 -15.065942 -12.647102 -7.360292 -7.495003 -7.330160 -7.823782 -7.792307 -7.572802
47.480000 -7.328010 -inf nan nan -inf nan nan -12.744789 -15.536340 -13.100800 -7.465481 -7.625283 -7.437643 -7.859078 -7.830345 -7.613380
47.520000 -7.414138 -inf nan nan -inf nan nan -13.908000 -17.253851 -14.261211 -7.574232 -7.768738 -7.549578 -7.894822 -7.869549 -7.656890
47.560000 -7.496015 -inf nan nan -inf nan nan -14.204851 -17.554488 -14.559643 -7.680505 -7.904908 -7.660360 -7.930865 -7.907160 -7.704786
47.600000 -7.597002 -inf nan nan -inf nan nan -15.922689 -20.347110 -16.535212 -7.821510 -8.098293 -7.811650 -7.970172 -7.949983 -7.749072
47.640000 -7.674877 -inf nan nan -inf nan nan -16.143785 -20.568930 -16.756383 -7.928131 -8.228916 -7.920047 -8.011849 -7.994580 -7.797986
47.680000 -7.769836 -inf nan nan -inf nan nan -16.617163 -21.045908 -17.230132 -8.069753 -8.413783 -8.066074 -8.057954 -8.049804 -7.863157
47.720000 -7.865125 -inf nan nan -inf nan nan -18.604324 -24.006535 -19.171463 -8.219010 -8.600911 -8.219916 -8.108174 -8.106451 -7.933668
47.760000 -7.954675 -inf nan nan -inf nan nan -18.905022 -24.307552 -19.472418 -8.359614 -8.765668 -8.365779 -8.163416 -8.169248 -7.996972
47.800000 -8.067620 -inf nan nan -inf nan nan -21.721386 -28.488314 -22.417708 -8.568842 -9.047749 -8.585163 -8.226723 -8.241910 -8.072328
47.840000 -8.152109 -inf nan nan -inf nan nan -21.943215 -28.710162 -22.639550 -8.705527 -9.199910 -8.724765 -8.290487 -8.306842 -8.142406
47.880000 -8.257106 -inf nan nan -inf nan nan -22.420237 -29.187283 -23.116637 -8.906109 -9.464939 -8.927928 -8.365253 -8.386823 -8.224578
47.920000 -8.362642 -inf nan nan -inf nan nan -25.982351 -34.324781 -27.280371 -9.126556 -9.785397 -9.144920 -8.444181 -8.485318 -8.312418
47.960000 -8.460328 -inf nan nan -inf nan nan -26.283378 -34.625811 -27.581397 -9.311896 -10.010039 -9.343629 -8.526834 -8.580074 -8.399366
48.000000 -8.586563 -inf nan nan -inf nan nan -31.202011 -41.812995 -32.088245 -9.641917 -10.514152 -9.711274 -8.629004 -8.697131 -8.503843
48.040000 -8.677473 -inf nan nan -inf nan nan -31.423859 -42.034844 -32.310094 -9.810931 -10.707170 -9.887113 -8.714077 -8.792214 -8.588304
48.080000 -8.792591 -inf nan nan -inf nan nan -31.900980 -42.511965 -32.787214 -10.091395 -11.063338 -10.187385 -8.819979 -8.915567 -8.694284
48.120000 -8.908450 -inf nan nan -inf nan nan -37.652287 -51.421409 -38.991858 -10.437593 -11.591840 -10.568426 -8.928250 -9.042036 -8.804818
48.160000 -9.013673 -inf nan nan -inf nan nan -37.953317 -51.722439 -39.292888 -10.677540 -11.861429 -10.810194 -9.031684 -9.153577 -8.907440
48.200000 -9.152831 -inf nan nan -inf nan nan -44.987568 nan -47.947508 -11.258555 -12.716318 -11.404934 -9.167719 -9.300106 -9.038200
48.240000 -9.249348 -inf nan nan -inf nan nan -45.209417 nan -48.169356 -11.457203 -12.931581 -11.610186 -9.265654 -9.400438 -9.135794
48.280000 -9.373632 -inf nan nan -inf nan nan -45.686538 nan -48.646478 -11.833921 -13.377195 -12.012964 -9.392306 -9.536283 -9.263168
48.320000 -9.499146 -inf nan nan -inf nan nan -inf nan nan -12.435422 -14.443121 -12.663801 -9.521152 -9.685473 -9.394661
48.360000 -9.611441 -inf nan nan -inf nan nan -inf nan nan -12.714219 -14.739852 -12.943122 -9.637611 -9.811796 -9.511350
48.400000 -9.763300 -inf nan nan -inf nan nan -inf nan nan -13.715050 -16.328991 -13.954210 -9.797224 -9.986763 -9.674682
48.440000 -9.865695 -inf nan nan -inf nan nan -inf nan nan -13.931135 -16.549352 -14.172668 -9.904947 -10.099760 -9.787938
48.480000 -9.999932 -inf nan nan -inf nan nan -inf nan nan -14.380531 -17.019108 -14.633230 -10.048530 -10.255545 -9.937502
48.520000 -10.136213 -inf nan nan -inf nan nan -inf nan nan -15.509165 -18.735649 -15.802504 -10.196467 -10.412497 -10.085258
48.560000 -10.256277 -inf nan nan -inf nan nan -inf nan nan -15.805742 -19.036146 -16.101993 -10.327735 -10.550751 -10.213162
48.600000 -10.422781 -inf nan nan -inf nan nan -inf nan nan -17.496064 -21.636623 -18.019967 -10.516769 -10.758379 -10.412977
48.640000 -10.531116 -inf nan nan -inf nan nan -inf nan nan -17.717119 -21.858347 -18.241603 -10.638649 -10.895224 -10.541994
48.680000 -10.675792 -inf nan nan -inf nan nan -inf nan nan -18.190292 -22.334843 -18.717667 -10.808686 -11.097834 -10.713734
48.720000 -10.823378 -inf nan nan -inf nan nan -inf nan nan -20.154448 -25.813229 -20.900218 -10.988608 -11.337050 -10.891450
48.760000 -10.950695 -inf nan nan -inf nan nan -inf nan nan -20.455292 -26.114257 -21.201091 -11.144351 -11.524156 -11.045064
48.800000 -11.131582 -inf nan nan -inf nan nan -inf nan nan -23.522123 -30.307542 -24.173318 -11.389500 -11.876124 -11.294391
48.840000 -11.244961 -inf nan nan -inf nan nan -inf nan nan -23.743957 -30.529390 -24.395155 -11.533847 -12.048414 -11.441369
48.880000 -11.398817 -inf nan nan -inf nan nan -inf nan nan -24.221008 -31.006509 -24.872213 -11.751568 -12.332155 -11.651041
48.920000 -11.556713 -inf nan nan -inf nan nan -inf nan nan -27.933341 -36.465857 -28.635057 -11.994683 -12.666274 -11.914228
48.960000 -11.690642 -inf nan nan -inf nan nan -inf nan nan -28.234362 -36.766887 -28.936086 -12.189416 -12.884016 -12.121128
49.000000 -11.885293 -inf nan nan -inf nan nan -inf nan nan -32.603507 -43.851061 -34.226880 -12.551713 -13.405233 -12.551667
49.040000 -12.004152 -inf nan nan -inf nan nan -inf nan nan -32.825356 -44.072909 -34.448729 -12.725668 -13.597910 -12.740886
49.080000 -12.168333 -inf nan nan -inf nan nan -inf nan nan -33.302477 -44.550031 -34.925850 -13.020350 -13.953098 -13.053770
49.120000 -12.338463 -inf nan nan -inf nan nan -inf nan nan -39.645734 -79.245651 -41.012384 -13.392659 -14.481157 -13.445685
49.160000 -12.480747 -inf nan nan -inf nan nan -inf nan nan -39.946764 -79.546681 -41.313414 -13.633079 -14.754423 -13.695298
49.200000 -12.693757 -inf nan nan -inf nan nan -inf nan nan -48.894295 nan -49.708530 -14.217246 -15.696449 -14.343224
49.240000 -12.819241 -inf nan nan -inf nan nan -inf nan nan -49.116144 nan -49.930379 -14.417886 -15.911521 -14.545394
49.280000 -12.996425 -inf nan nan -inf nan nan -inf nan nan -49.593265 nan -50.407500 -14.802179 -16.356260 -14.935632
49.320000 -13.182088 -inf nan nan -inf nan nan -inf nan nan -inf nan nan -15.434231 -17.411966 -15.594617
49.360000 -13.333491 -inf nan nan -inf nan nan -inf nan nan -inf nan nan -15.713630 -17.706522 -15.873535
49.400000 -13.567904 -inf nan nan -inf nan nan -inf nan nan -inf nan nan -16.726072 -19.233276 -16.950687
49.440000 -13.700025 -inf nan nan -inf nan nan -inf nan nan -inf nan nan -16.942688 -19.453930 -17.167391
49.480000 -13.890847 -inf nan nan -inf nan nan -inf nan nan -inf nan nan -17.394554 -19.925120 -17.619666
49.520000 -14.093691 -inf nan nan -inf nan nan -inf nan nan -inf nan nan -18.562592 -21.707968 -18.898118
49.560000 -14.255093 -inf nan nan -inf nan nan -inf nan nan -inf nan nan -18.859745 -22.008609 -19.195990
49.600000 -14.514821 -inf nan nan -inf nan nan -inf nan nan -inf nan nan -20.609978 -24.654641 -21.038301
