#Quasar bolometric luminosity function in different black hole mass bins from TRINITY PaperIII (Fig. 3, Zhang+2024, MNRAS, 529, 2777)
#z: 9.00
#log10(Lbol [erg/s])(0) log10(QLF_total [Mpc^-3 dex^-1])(1) log10(QLF(5<logMbh<6) [Mpc^-3 dex^-1])(2) log10(QLF(5<logMbh<6)_16th [Mpc^-3 dex^-1])(3) log10(QLF(5<logMbh<6)_84th [Mpc^-3 dex^-1])(4)
#log10(QLF(6<logMbh<7) [Mpc^-3 dex^-1])(5) log10(QLF(6<logMbh<7)_16th [Mpc^-3 dex^-1])(6) log10(QLF(6<logMbh<7)_84th [Mpc^-3 dex^-1])(7)
#log10(QLF(7<logMbh<8) [Mpc^-3 dex^-1])(8) log10(QLF(7<logMbh<8)_16th [Mpc^-3 dex^-1])(9) log10(QLF(7<logMbh<8)_84th [Mpc^-3 dex^-1])(10)
#log10(QLF(8<logMbh<9) [Mpc^-3 dex^-1])(11) log10(QLF(8<logMbh<9)_16th [Mpc^-3 dex^-1])(12) log10(QLF(8<logMbh<9)_84th [Mpc^-3 dex^-1])(13)
#log10(QLF(9<logMbh<10) [Mpc^-3 dex^-1])(14) log10(QLF(9<logMbh<10)_16th [Mpc^-3 dex^-1])(15) log10(QLF(9<logMbh<10)_84th [Mpc^-3 dex^-1])(16)
40.000000 -9.442645 -10.191685 -12.216652 -10.110349 -9.738172 -11.113820 -9.807658 -9.997650 -11.125146 -10.072245 -11.132493 -12.629237 -10.977452 -16.562450 nan -17.846607
40.040000 -9.426253 -10.177910 -12.179374 -10.089660 -9.721073 -11.092808 -9.791145 -9.983877 -11.105281 -10.056380 -11.087832 -12.540482 -10.931135 -16.412523 nan -17.667366
40.080000 -9.410457 -10.164558 -12.160291 -10.069912 -9.704621 -11.072447 -9.776693 -9.970527 -11.086288 -10.041077 -11.047338 -12.434811 -10.892885 -16.301283 nan -17.543562
40.120000 -9.394123 -10.151089 -12.141828 -10.050057 -9.688303 -11.051343 -9.762105 -9.957057 -11.067393 -10.025627 -11.012146 -12.399454 -10.870812 -16.203480 nan -17.356782
40.160000 -9.377331 -10.137525 -12.121228 -10.030147 -9.672124 -11.029642 -9.748871 -9.943490 -11.048339 -10.010063 -10.981314 -12.308485 -10.847541 -16.116095 nan -17.290866
40.200000 -9.361163 -10.124372 -12.101581 -10.011110 -9.656526 -11.005989 -9.737861 -9.930335 -11.029883 -9.995040 -10.952525 -12.262511 -10.825507 -16.043381 nan -17.206385
40.240000 -9.344298 -10.110594 -12.079953 -9.991001 -9.640484 -10.975130 -9.723290 -9.916560 -11.010624 -9.979188 -10.927931 -12.232689 -10.804754 -15.974078 nan -17.049890
40.280000 -9.328063 -10.097240 -12.060069 -9.971783 -9.625014 -10.929553 -9.707584 -9.903208 -10.992182 -9.961898 -10.904655 -12.204794 -10.785577 -15.914328 nan -16.915835
40.320000 -9.311578 -10.083770 -12.032781 -9.952433 -9.609496 -10.862813 -9.691841 -9.889738 -10.973511 -9.943794 -10.883092 -12.133756 -10.766890 -15.859181 nan -16.668525
40.360000 -9.294892 -10.070209 -12.002769 -9.933005 -9.593954 -10.839095 -9.676083 -9.876174 -10.954669 -9.926732 -10.863053 -12.096706 -10.748666 -15.807917 nan -16.425263
40.400000 -9.278823 -10.057058 -11.976447 -9.914410 -9.578949 -10.825234 -9.660878 -9.863020 -10.936612 -9.910322 -10.843899 -12.065956 -10.731176 -15.762070 nan -16.279232
40.440000 -9.261431 -10.043278 -11.945167 -9.894648 -9.563622 -10.810673 -9.645279 -9.849242 -10.917354 -9.894942 -10.825540 -12.038917 -10.713403 -15.074977 -20.781008 -13.793004
40.480000 -9.244708 -10.029922 -11.915990 -9.875747 -9.548818 -10.796585 -9.630660 -9.835887 -10.898914 -9.880091 -10.807926 -12.011922 -10.696330 -14.821045 -20.541671 -13.570029
40.520000 -9.227323 -10.016452 -11.884373 -9.856644 -9.534083 -10.782368 -9.615241 -9.822418 -10.880243 -9.865825 -10.791220 -11.985758 -10.679266 -13.824981 -19.367613 -13.227639
40.560000 -9.209376 -10.002892 -11.850945 -9.837399 -9.519426 -10.768048 -9.599120 -9.808857 -10.861400 -9.852106 -10.775346 -11.959012 -10.662238 -13.385096 -19.032068 -12.972990
40.600000 -9.192141 -9.989742 -11.819907 -9.821440 -9.505248 -10.754184 -9.583576 -9.795706 -10.843342 -9.838808 -10.760031 -11.932571 -10.645858 -13.171093 -18.845093 -12.815365
40.640000 -9.172082 -9.975961 -11.782851 -9.806549 -9.490667 -10.739626 -9.567448 -9.781926 -10.824083 -9.823421 -10.745993 -11.907618 -10.626574 -12.839033 -18.719405 -12.608762
40.680000 -9.152908 -9.962604 -11.748711 -9.792162 -9.476560 -10.725539 -9.552233 -9.768568 -10.805644 -9.806787 -10.732395 -11.884024 -10.605760 -12.653072 -18.633227 -12.522393
40.720000 -9.131646 -9.949133 -11.714045 -9.777917 -9.462455 -10.711322 -9.536893 -9.755100 -10.786967 -9.789501 -10.718757 -11.861348 -10.585589 -12.528181 -16.724259 -12.464114
40.760000 -9.108627 -9.935572 -11.680000 -9.763820 -9.448368 -10.697001 -9.521461 -9.741542 -10.768115 -9.771667 -10.705094 -11.839516 -10.566822 -12.435259 -16.632061 -12.396412
40.800000 -9.086768 -9.922421 -11.659287 -9.750961 -9.434723 -10.679155 -9.506558 -9.728395 -10.750049 -9.754546 -10.691849 -11.818730 -10.548833 -12.358757 -16.556092 -12.342586
40.840000 -9.055486 -9.908642 -11.633246 -9.737999 -9.420707 -10.659106 -9.490853 -9.714369 -10.730775 -9.736939 -10.678030 -11.798232 -10.532002 -12.302698 -14.819013 -12.280420
40.880000 -9.026307 -9.895288 -11.607225 -9.725412 -9.407129 -10.639954 -9.475697 -9.700783 -10.712321 -9.720026 -10.664637 -11.778659 -10.515798 -12.253054 -14.536197 -12.231985
40.920000 -8.987294 -9.881060 -11.572973 -9.713046 -9.393549 -10.620592 -9.460387 -9.687007 -10.693544 -9.703185 -10.651143 -11.759587 -10.500173 -12.211135 -14.012254 -12.138704
40.960000 -8.941021 -9.866056 -11.551723 -9.700891 -9.379980 -10.601083 -9.444958 -9.673072 -10.674519 -9.686431 -10.637569 -11.740988 -10.485084 -12.175327 -13.813985 -12.105435
41.000000 -8.899207 -9.851553 -11.533244 -9.689067 -9.366822 -10.582424 -9.430059 -9.659571 -10.656292 -9.670303 -10.624406 -11.723151 -10.470503 -12.142249 -13.669022 -12.075338
41.040000 -8.809135 -9.835713 -11.513542 -9.677189 -9.353045 -10.562468 -9.414350 -9.645540 -10.636742 -9.653643 -10.610633 -11.705789 -10.452657 -12.114293 -13.616349 -12.048406
41.080000 -8.734572 -9.820430 -11.492185 -9.665629 -9.339692 -10.543400 -9.399190 -9.631948 -10.618035 -9.637603 -10.597284 -11.689095 -10.434649 -12.088029 -13.502373 -12.004558
41.120000 -8.604568 -9.805054 -11.456596 -9.654000 -9.326221 -10.523918 -9.383881 -9.618287 -10.599157 -9.621553 -10.583813 -11.672340 -10.416596 -12.064001 -13.435588 -11.968449
41.160000 -8.458301 -9.789613 -11.423210 -9.642316 -9.312656 -10.504109 -9.368457 -9.604577 -10.580162 -9.605514 -10.570245 -11.655555 -10.398533 -12.041934 -13.404713 -11.935805
41.200000 -8.349079 -9.774702 -11.406980 -9.630940 -9.299501 -10.485167 -9.353561 -9.591287 -10.561963 -9.590050 -10.557087 -11.639397 -10.381191 -12.020934 -13.376091 -11.904721
41.240000 -8.155640 -9.759093 -11.389634 -9.619097 -9.285729 -10.464737 -9.337850 -9.577401 -10.542611 -9.573931 -10.543314 -11.622005 -10.362929 -12.001630 -13.332251 -11.878806
41.280000 -8.022280 -9.744025 -11.372848 -9.607571 -9.272379 -10.445227 -9.322687 -9.563946 -10.524085 -9.558393 -10.529963 -11.605285 -10.348910 -11.983149 -13.282662 -11.854350
41.320000 -7.972120 -9.728977 -11.350901 -9.595958 -9.258909 -10.425465 -9.307377 -9.550399 -10.505353 -9.542765 -10.516494 -11.588265 -10.335355 -11.965524 -13.255028 -11.832034
41.360000 -7.979746 -9.713964 -11.327927 -9.577602 -9.245340 -10.405522 -9.291951 -9.536782 -10.486475 -9.527076 -10.502928 -11.571003 -10.321815 -11.948684 -13.198179 -11.813336
41.400000 -7.987509 -9.699453 -11.306125 -9.556218 -9.232183 -10.387430 -9.277054 -9.523579 -10.468383 -9.511937 -10.489773 -11.554401 -10.309242 -11.932474 -13.173902 -11.796198
41.440000 -7.991817 -9.681667 -11.283013 -9.532125 -9.218411 -10.370507 -9.261346 -9.509771 -10.449096 -9.496013 -10.475996 -11.537029 -10.296052 -11.916668 -13.151154 -11.779893
41.480000 -7.996168 -9.664582 -11.257291 -9.504441 -9.205063 -10.354220 -9.246187 -9.496388 -10.430629 -9.480656 -10.462643 -11.520326 -10.283250 -11.901417 -13.128899 -11.764180
41.520000 -8.004886 -9.644659 -11.231265 -9.473259 -9.191593 -10.337976 -9.230869 -9.482895 -10.412357 -9.465162 -10.449174 -11.502724 -10.270348 -11.886473 -13.107909 -11.748867
41.560000 -8.018239 -9.622303 -11.205263 -9.440279 -9.178024 -10.321794 -9.215427 -9.469315 -10.396255 -9.449924 -10.435612 -11.484417 -10.257363 -11.871821 -13.088054 -11.733931
41.600000 -8.032015 -9.601041 -11.180731 -9.409628 -9.164866 -10.305892 -9.200515 -9.456146 -10.381161 -9.436866 -10.422461 -11.466852 -10.244756 -11.857648 -13.069077 -11.719492
41.640000 -8.046197 -9.575252 -11.152718 -9.373898 -9.151092 -10.289022 -9.184792 -9.442363 -10.365497 -9.423190 -10.408681 -11.448160 -10.231595 -11.843766 -13.050075 -11.705290
41.680000 -8.060857 -9.550909 -11.125357 -9.340886 -9.137740 -10.272789 -9.173510 -9.429004 -10.350378 -9.409935 -10.395326 -11.429739 -10.218822 -11.830314 -13.029824 -11.691539
41.720000 -8.074917 -9.525169 -11.095682 -9.306355 -9.124271 -10.256464 -9.162659 -9.415528 -10.335112 -9.394905 -10.381856 -11.411018 -10.205952 -11.816795 -13.010288 -11.678154
41.760000 -8.088298 -9.498342 -11.065350 -9.270822 -9.110707 -10.240080 -9.152018 -9.401960 -10.319732 -9.378293 -10.368293 -11.392127 -10.193004 -11.803226 -12.991413 -11.665360
41.800000 -8.102105 -9.473076 -11.033463 -9.237977 -9.097553 -10.224300 -9.137793 -9.388802 -10.304878 -9.362292 -10.355142 -11.374025 -10.180431 -11.790069 -12.973325 -11.653034
41.840000 -8.111544 -9.443436 -10.996102 -9.199860 -9.083775 -10.207718 -9.120509 -9.375024 -10.289195 -9.345550 -10.341360 -11.354714 -10.167290 -11.776294 -12.955761 -11.640154
41.880000 -8.121192 -9.415690 -10.960291 -9.164821 -9.070421 -10.191753 -9.103887 -9.361668 -10.274059 -9.329823 -10.328002 -11.335249 -10.154536 -11.762943 -12.941243 -11.627646
41.920000 -8.129228 -9.386097 -10.922962 -9.128987 -9.056933 -10.175624 -9.087078 -9.348199 -10.258760 -9.314560 -10.314527 -11.315484 -10.141677 -11.749474 -12.926836 -11.615039
41.960000 -8.135555 -9.355119 -10.883712 -9.092747 -9.043335 -10.159366 -9.070126 -9.334637 -10.243334 -9.301510 -10.300957 -11.295538 -10.128736 -11.735910 -12.912545 -11.602353
42.000000 -8.141976 -9.326205 -10.847717 -9.059300 -9.030151 -10.143704 -9.053811 -9.321486 -10.228436 -9.288845 -10.287799 -11.276468 -10.114632 -11.722756 -12.898710 -11.590027
42.040000 -8.134934 -9.290833 -10.803075 -9.021646 -9.016322 -10.127154 -9.036529 -9.307706 -10.209722 -9.274021 -10.274018 -11.256026 -10.099095 -11.708979 -12.883963 -11.577149
42.080000 -8.128005 -9.258126 -10.762598 -8.986997 -9.002919 -10.108757 -9.019911 -9.294350 -10.190631 -9.256579 -10.260661 -11.236504 -10.084096 -11.695624 -12.869585 -11.564643
42.120000 -8.118318 -9.223128 -10.718810 -8.948767 -8.989411 -10.089159 -9.003104 -9.280881 -10.171284 -9.238935 -10.247190 -11.216733 -10.068956 -11.682154 -12.851899 -11.552037
42.160000 -8.106056 -9.186529 -10.672955 -8.910582 -8.975820 -10.069397 -8.986153 -9.267321 -10.151748 -9.221137 -10.233627 -11.196785 -10.053705 -11.668591 -12.834021 -11.539350
42.200000 -8.094130 -9.152777 -10.631482 -8.875505 -8.962641 -10.050502 -8.970889 -9.254173 -10.133060 -9.204042 -10.220476 -11.177713 -10.039020 -11.655439 -12.816857 -11.525802
42.240000 -8.083763 -9.112717 -10.580945 -8.826385 -8.948839 -10.028573 -8.955179 -9.240392 -10.113090 -9.185869 -10.206693 -11.157278 -10.023668 -11.641662 -12.798428 -11.511589
42.280000 -8.073638 -9.076042 -10.535680 -8.782030 -8.935461 -10.007714 -8.940017 -9.227034 -10.094007 -9.168428 -10.193334 -11.137762 -10.008844 -11.628309 -12.780663 -11.499133
42.320000 -8.065515 -9.037575 -10.492003 -8.739604 -8.921976 -9.984114 -8.924346 -9.213564 -10.074663 -9.150783 -10.179866 -11.117991 -9.994042 -11.614838 -12.762681 -11.486572
42.360000 -8.059289 -8.997998 -10.449880 -8.705049 -8.908404 -9.957758 -8.908237 -9.200003 -10.055128 -9.132986 -10.166309 -11.098037 -9.981169 -11.601273 -12.744537 -11.473544
42.400000 -8.053151 -8.961728 -10.411484 -8.671800 -8.895243 -9.932925 -8.892704 -9.186853 -10.036441 -9.115939 -10.153163 -11.078961 -9.968817 -11.588119 -12.727123 -11.460482
42.440000 -8.045306 -8.926078 -10.377476 -8.636458 -8.875609 -9.900993 -8.868402 -9.173074 -10.018383 -9.099101 -10.139377 -11.058530 -9.956104 -11.574345 -12.708851 -11.447233
42.480000 -8.037600 -8.893134 -10.334382 -8.603787 -8.856823 -9.871255 -8.847827 -9.159719 -10.002224 -9.083220 -10.126016 -11.041119 -9.943753 -11.560994 -12.692251 -11.434520
42.520000 -8.028061 -8.862971 -10.296574 -8.570619 -8.833751 -9.838296 -8.829290 -9.146248 -9.985896 -9.067169 -10.112545 -11.024858 -9.928278 -11.547524 -12.675370 -11.421707
42.560000 -8.016810 -8.835198 -10.263790 -8.537226 -8.807079 -9.802935 -8.807501 -9.132684 -9.969439 -9.050984 -10.098988 -11.008464 -9.912051 -11.533958 -12.658350 -11.408813
42.600000 -8.005843 -8.809094 -10.233308 -8.506547 -8.781951 -9.770238 -8.774065 -9.119531 -9.953586 -9.035382 -10.085842 -10.992668 -9.897223 -11.520803 -12.641975 -11.396291
42.640000 -7.989193 -8.780907 -10.198907 -8.473501 -8.751637 -9.729915 -8.736635 -9.105755 -9.936801 -9.018890 -10.072059 -10.975959 -9.883024 -11.507026 -12.624608 -11.381335
42.680000 -7.973158 -8.754439 -10.167033 -8.442808 -8.723301 -9.693020 -8.696788 -9.092403 -9.920643 -9.003716 -10.058701 -10.959872 -9.869277 -11.493673 -12.607912 -11.365480
42.720000 -7.953032 -8.727458 -10.134340 -8.411423 -8.692651 -9.652995 -8.655045 -9.078933 -9.904314 -8.993970 -10.045230 -10.943611 -9.855408 -11.480205 -12.591031 -11.349461
42.760000 -7.929384 -8.700148 -10.101159 -8.379540 -8.660266 -9.610891 -8.617896 -9.065367 -9.887856 -8.984333 -10.031668 -10.927219 -9.841441 -11.466643 -12.574011 -11.333317
42.800000 -7.906958 -8.674453 -10.065928 -8.348938 -8.630129 -9.572940 -8.583676 -9.052212 -9.872002 -8.974921 -10.018518 -10.911424 -9.827912 -11.453492 -12.557635 -11.317755
42.840000 -7.877978 -8.646272 -10.023151 -8.314707 -8.594933 -9.532857 -8.543758 -9.038439 -9.855218 -8.965170 -10.004740 -10.892874 -9.813714 -11.439711 -12.538335 -11.301297
42.880000 -7.850812 -8.619808 -9.984215 -8.282979 -8.562377 -9.496174 -8.507201 -9.025090 -9.839062 -8.955028 -9.991386 -10.873289 -9.799969 -11.426353 -12.519232 -11.285444
42.920000 -7.822838 -8.592851 -9.944087 -8.250502 -8.528466 -9.456514 -8.469296 -9.011619 -9.822733 -8.938514 -9.977916 -10.853434 -9.786101 -11.412884 -12.499885 -11.271829
42.960000 -7.794304 -8.565581 -9.903353 -8.217441 -8.493666 -9.414872 -8.430604 -8.998051 -9.806273 -8.921869 -9.964352 -10.833381 -9.772134 -11.399326 -12.480360 -11.258643
43.000000 -7.767529 -8.539922 -9.866116 -8.186397 -8.461448 -9.376879 -8.395079 -8.984894 -9.790417 -8.905838 -9.951198 -10.814216 -9.758779 -11.386178 -12.461679 -11.245845
43.040000 -7.745276 -8.511849 -9.823539 -8.151576 -8.424815 -9.329987 -8.354695 -8.971121 -9.773635 -8.888856 -9.937421 -10.793698 -9.744771 -11.372395 -12.441691 -11.232474
43.080000 -7.724108 -8.485480 -9.784774 -8.119344 -8.391033 -9.287669 -8.317507 -8.957771 -9.757479 -8.872513 -9.924068 -10.774108 -9.731201 -11.359036 -12.422587 -11.219503
43.120000 -7.703075 -8.458721 -9.744279 -8.085508 -8.356460 -9.243250 -8.279901 -8.944301 -9.732882 -8.855998 -9.910599 -10.754254 -9.717517 -11.345565 -12.403242 -11.206414
43.160000 -7.682204 -8.431728 -9.707393 -8.050583 -8.321460 -9.203718 -8.245178 -8.930732 -9.702697 -8.839352 -9.897036 -10.734209 -9.703740 -11.332006 -12.383723 -11.193228
43.200000 -7.662291 -8.406316 -9.679239 -8.018258 -8.289070 -9.167498 -8.207790 -8.917575 -9.674474 -8.823321 -9.883884 -10.715049 -9.690389 -11.318856 -12.365048 -11.180430
43.240000 -7.642626 -8.378641 -9.645196 -7.978001 -8.253063 -9.126278 -8.167429 -8.903801 -9.621792 -8.806343 -9.870105 -10.694527 -9.676380 -11.305077 -12.345054 -11.167056
43.280000 -7.623813 -8.352624 -9.613630 -7.941160 -8.219814 -9.088652 -8.131054 -8.890450 -9.591852 -8.790004 -9.856751 -10.674932 -9.662810 -11.291721 -12.325944 -11.154082
43.320000 -7.604782 -8.325224 -9.578677 -7.899767 -8.186218 -9.049313 -8.094438 -8.876980 -9.564707 -8.773007 -9.843281 -10.655075 -9.649123 -11.278251 -12.306597 -11.140993
43.360000 -7.585594 -8.296778 -9.540362 -7.825996 -8.152526 -9.004965 -8.057837 -8.863415 -9.534962 -8.755449 -9.829718 -10.635031 -9.635344 -11.264689 -12.287079 -11.127811
43.400000 -7.567217 -8.270081 -9.504535 -7.761358 -8.121261 -8.964757 -8.023917 -8.850261 -9.508846 -8.735161 -9.816566 -10.615872 -9.621990 -11.251537 -12.269304 -11.115018
43.440000 -7.547645 -8.236688 -9.454091 -7.705496 -8.089864 -8.919886 -7.985942 -8.822299 -9.458613 -8.697404 -9.802789 -10.595353 -9.607986 -11.237758 -12.250636 -11.101640
43.480000 -7.528917 -8.205681 -9.404882 -7.664240 -8.060585 -8.879256 -7.951023 -8.796029 -9.419143 -8.673925 -9.789436 -10.575760 -9.594423 -11.224404 -12.232739 -11.088663
43.520000 -7.509380 -8.170522 -9.343405 -7.635660 -8.032314 -8.841998 -7.916448 -8.761059 -9.390844 -8.639876 -9.775965 -10.555904 -9.580920 -11.210934 -12.214613 -11.075575
43.560000 -7.489172 -8.132307 -9.275290 -7.577596 -8.004983 -8.815202 -7.882342 -8.719440 -9.358249 -8.598031 -9.762400 -10.535858 -9.568286 -11.197373 -12.196315 -11.062397
43.600000 -7.469864 -8.097184 -9.216354 -7.534813 -7.979271 -8.789978 -7.850723 -8.681463 -9.327933 -8.559866 -9.749245 -10.516697 -9.556016 -11.184222 -12.178759 -11.049607
43.640000 -7.448683 -8.047429 -9.090860 -7.484409 -7.951068 -8.763545 -7.815212 -8.638518 -9.288112 -8.515182 -9.735471 -10.496177 -9.540932 -11.170441 -12.160089 -11.036227
43.680000 -7.428488 -8.002793 -9.009272 -7.436368 -7.924586 -8.738651 -7.783205 -8.599439 -9.247765 -8.469336 -9.722121 -10.480844 -9.525820 -11.157085 -12.142189 -11.023246
43.720000 -7.408798 -7.955037 -8.920369 -7.387735 -7.897632 -8.713324 -7.751255 -8.560989 -9.205032 -8.424144 -9.708651 -10.465830 -9.510557 -11.143616 -12.124065 -11.010157
43.760000 -7.389588 -7.905523 -8.811222 -7.346842 -7.870382 -8.687721 -7.718191 -8.523284 -9.164925 -8.384703 -9.695084 -10.450699 -9.495177 -11.130056 -12.105771 -10.996982
43.800000 -7.371192 -7.861080 -8.727042 -7.320607 -7.844741 -8.658826 -7.687506 -8.488593 -9.131211 -8.343076 -9.681927 -10.436066 -9.480343 -11.116908 -12.088218 -10.984194
43.840000 -7.350487 -7.811504 -8.567284 -7.313601 -7.816709 -8.626299 -7.651747 -8.451554 -9.093212 -8.297183 -9.668152 -10.420574 -9.464667 -11.103126 -12.069545 -10.970812
43.880000 -7.330724 -7.767012 -8.447625 -7.238265 -7.790378 -8.599050 -7.618720 -8.417428 -9.058273 -8.255680 -9.654801 -10.405622 -9.453660 -11.089769 -12.051643 -10.957830
43.920000 -7.311985 -7.715792 -8.309682 -7.217094 -7.763755 -8.572865 -7.585322 -8.383417 -9.022653 -8.213767 -9.641332 -10.390516 -9.436014 -11.076298 -12.033519 -10.944740
43.960000 -7.294178 -7.660430 -8.189473 -7.180875 -7.736982 -8.546453 -7.551806 -8.349683 -8.986711 -8.172656 -9.627768 -10.375515 -9.418224 -11.062737 -12.015229 -10.931564
44.000000 -7.277072 -7.611335 -8.130901 -7.133219 -7.711764 -8.521555 -7.520698 -8.318381 -8.953519 -8.137299 -9.614614 -10.359124 -9.401135 -11.049586 -11.997680 -10.918775
44.040000 -7.260742 -7.583436 -8.065885 -7.112288 -7.685439 -8.486020 -7.488195 -8.284922 -8.916714 -8.105110 -9.600836 -10.340769 -9.382955 -11.035809 -11.979001 -10.905395
44.080000 -7.245004 -7.557221 -8.002422 -7.099740 -7.660618 -8.451794 -7.458493 -8.253857 -8.882905 -8.075143 -9.587481 -10.323164 -9.365565 -11.022456 -11.961093 -10.892414
44.120000 -7.231516 -7.543378 -7.933787 -7.122972 -7.636875 -8.416561 -7.423375 -8.222698 -8.849718 -8.043987 -9.574012 -10.305268 -9.348785 -11.008985 -11.942969 -10.878963
44.160000 -7.220089 -7.540777 -7.923754 -7.164432 -7.614112 -8.391363 -7.390873 -8.191607 -8.817148 -8.012653 -9.560450 -10.287144 -9.331868 -10.995419 -11.924684 -10.865397
44.200000 -7.208956 -7.538191 -7.924546 -7.198885 -7.592483 -8.365784 -7.370942 -8.162594 -8.785875 -7.983509 -9.547299 -10.269749 -9.315587 -10.982264 -11.907118 -10.852243
44.240000 -7.200804 -7.544740 -7.902596 -7.212602 -7.573697 -8.323914 -7.345523 -8.131375 -8.749923 -7.954049 -9.533520 -10.237309 -9.275782 -10.968491 -11.888301 -10.838464
44.280000 -7.192803 -7.551389 -7.899111 -7.228464 -7.555691 -8.277746 -7.313532 -8.102251 -8.717292 -7.922789 -9.520165 -10.217996 -9.235255 -10.955141 -11.870266 -10.825111
44.320000 -7.186113 -7.560831 -7.895818 -7.248667 -7.539440 -8.244071 -7.295082 -8.072865 -8.677838 -7.886200 -9.506694 -10.175390 -9.215560 -10.941671 -11.852016 -10.811640
44.360000 -7.180677 -7.573249 -7.895330 -7.275950 -7.524779 -8.224314 -7.279491 -8.043387 -8.638880 -7.849542 -9.493131 -10.138772 -9.167146 -10.928103 -11.833603 -10.798074
44.400000 -7.175309 -7.586033 -7.900346 -7.320086 -7.510596 -8.208388 -7.264469 -8.015784 -8.611315 -7.814901 -9.479979 -10.122770 -9.140854 -10.914946 -11.815941 -10.784235
44.440000 -7.171934 -7.605149 -7.907633 -7.352928 -7.497608 -8.174825 -7.250934 -7.986329 -8.581237 -7.777844 -9.449503 -10.076902 -9.101758 -10.901171 -11.797123 -10.766487
44.480000 -7.168585 -7.625146 -8.018324 -7.382765 -7.484998 -8.136482 -7.239243 -7.958745 -8.553107 -7.745175 -9.421026 -10.028733 -9.065942 -10.887820 -11.779087 -10.749437
44.520000 -7.166657 -7.652799 -8.109634 -7.425253 -7.471840 -8.087215 -7.227953 -7.931247 -8.524410 -7.716912 -9.379494 -9.979415 -9.016369 -10.874350 -11.760837 -10.732189
44.560000 -7.166131 -7.689612 -8.165843 -7.455286 -7.458194 -8.034707 -7.209539 -7.903919 -8.494423 -7.683745 -9.328449 -9.926402 -8.964116 -10.860786 -11.742428 -10.714790
44.600000 -7.165606 -7.729838 -8.228996 -7.494152 -7.444964 -7.987183 -7.191924 -7.878209 -8.466049 -7.652934 -9.282777 -9.879111 -8.918876 -10.847633 -11.724768 -10.698062
44.640000 -7.167019 -7.797837 -8.248991 -7.535583 -7.426788 -7.923290 -7.183341 -7.850083 -8.434962 -7.619018 -9.237213 -9.828651 -8.870627 -10.833855 -11.705948 -10.680380
44.680000 -7.168436 -7.878496 -8.338431 -7.591521 -7.409342 -7.884685 -7.179361 -7.823669 -8.406856 -7.587562 -9.195979 -9.789747 -8.833182 -10.820502 -11.687911 -10.663339
44.720000 -7.170850 -7.977075 -8.447739 -7.636726 -7.395174 -7.860338 -7.164299 -7.796848 -8.378271 -7.555602 -9.155882 -9.755424 -8.800933 -10.807032 -11.669660 -10.644739
44.760000 -7.174276 -8.104061 -8.631059 -7.795319 -7.383993 -7.821521 -7.155690 -7.769783 -8.349483 -7.523393 -9.116946 -9.721557 -8.769250 -10.793468 -11.651252 -10.627607
44.800000 -7.177730 -8.284276 -8.967867 -7.938847 -7.373093 -7.786116 -7.154169 -7.744306 -8.322897 -7.493409 -9.081215 -9.690140 -8.739722 -10.780316 -11.633593 -10.610196
44.840000 -7.184247 -8.401568 -9.169888 -8.082179 -7.383527 -7.756504 -7.148401 -7.716939 -8.292991 -7.460840 -9.044187 -9.656754 -8.708414 -10.766539 -11.614640 -10.591889
44.880000 -7.190862 -8.562760 -9.513728 -8.268866 -7.394217 -7.757569 -7.135817 -7.691195 -8.265500 -7.430571 -9.010070 -9.619779 -8.679213 -10.753187 -11.596636 -10.575341
44.920000 -7.199096 -8.737794 -9.978457 -8.422413 -7.411790 -7.797647 -7.109960 -7.665953 -8.235715 -7.400924 -8.976512 -9.577765 -8.649511 -10.739716 -11.580178 -10.558364
44.960000 -7.209040 -8.905431 -10.237343 -8.614522 -7.437111 -7.785950 -7.109919 -7.641213 -8.203946 -7.371373 -8.943576 -9.535811 -8.619175 -10.726150 -11.563583 -10.540626
45.000000 -7.219217 -9.182042 -11.076374 -8.925571 -7.463999 -7.805788 -7.114476 -7.617806 -8.174353 -7.344566 -8.912963 -9.503333 -8.590841 -10.712995 -11.547605 -10.523584
45.040000 -7.232899 -9.391839 -11.289431 -9.125048 -7.502292 -7.817373 -7.157211 -7.596982 -8.148389 -7.323034 -8.880595 -9.466673 -8.551354 -10.699221 -11.530683 -10.505484
45.080000 -7.247026 -9.813259 -11.725941 -9.463518 -7.544292 -7.841066 -7.185158 -7.577111 -8.128763 -7.317831 -8.850474 -9.436465 -8.514465 -10.685870 -11.514401 -10.488109
45.120000 -7.263287 -10.651055 -13.451978 -10.228999 -7.592832 -7.878502 -7.185086 -7.561507 -8.112643 -7.306340 -8.820393 -9.404810 -8.476887 -10.672400 -11.497942 -10.470523
45.160000 -7.281910 -10.939815 -13.752997 -10.528971 -7.649815 -7.904786 -7.217213 -7.549752 -8.100511 -7.274408 -8.790475 -9.372999 -8.439026 -10.658835 -11.481350 -10.452777
45.200000 -7.301369 -12.193845 -17.825981 -11.805155 -7.715419 -7.984278 -7.242749 -7.538306 -8.080794 -7.249242 -8.762486 -9.343365 -8.404204 -10.645680 -11.465373 -10.435728
45.240000 -7.323139 -12.415615 -18.047824 -12.026874 -7.776001 -8.083068 -7.279588 -7.539206 -8.045862 -7.235912 -8.732390 -9.309598 -8.365447 -10.631903 -11.448152 -10.412628
45.280000 -7.346058 -12.892344 -18.524917 -12.503343 -7.846426 -8.179151 -7.321267 -7.540107 -8.032408 -7.236290 -8.704245 -9.277008 -8.329868 -10.618549 -11.431592 -10.390695
45.320000 -7.370066 -15.857330 -23.642089 -15.941602 -7.916396 -8.289190 -7.368837 -7.546772 -8.019534 -7.237417 -8.675837 -9.238186 -8.293851 -10.605080 -11.403219 -10.349104
45.360000 -7.395279 -16.158357 -23.943119 -16.242627 -7.983320 -8.361884 -7.424827 -7.559471 -7.996006 -7.243155 -8.647325 -9.198389 -8.258893 -10.591516 -11.359459 -10.307378
45.400000 -7.422046 -21.021909 -31.551466 -20.791517 -8.062468 -8.480730 -7.488918 -7.572553 -7.979385 -7.248987 -8.620569 -9.161641 -8.226543 -10.578363 -11.319938 -10.276979
45.440000 -7.449381 -21.243758 -31.773315 -21.013365 -8.126872 -8.574559 -7.562284 -7.593860 -7.968150 -7.254870 -8.591720 -9.119953 -8.190704 -10.549254 -11.250460 -10.213783
45.480000 -7.478552 -21.720879 -32.250436 -21.490485 -8.202518 -8.705594 -7.668341 -7.616266 -7.944866 -7.235034 -8.564669 -9.085877 -8.157599 -10.521974 -11.190583 -10.160288
45.520000 -7.508061 -28.104313 -39.257984 -26.634388 -8.278726 -8.819451 -7.762169 -7.641249 -7.932046 -7.246219 -8.537443 -9.061096 -8.123950 -10.475378 -11.136610 -10.100568
45.560000 -7.537833 -28.405343 -39.559014 -26.935418 -8.352826 -8.945045 -7.848440 -7.669204 -7.960965 -7.250847 -8.510167 -9.030272 -8.090049 -10.415140 -11.085944 -10.037596
45.600000 -7.569797 -35.503051 -50.736160 -34.579794 -8.442225 -9.173622 -7.971857 -7.699084 -7.991442 -7.247498 -8.484505 -8.998112 -8.058604 -10.362249 -11.041012 -9.982948
45.640000 -7.600917 -35.724900 -50.958009 -34.801642 -8.541671 -9.282853 -8.095918 -7.729330 -8.022893 -7.270073 -8.456648 -8.961996 -8.023899 -10.312382 -10.995867 -9.927604
45.680000 -7.634439 -36.202021 -51.435130 -35.278764 -8.670871 -9.491651 -8.270265 -7.761841 -8.047864 -7.287016 -8.430471 -8.934515 -7.991764 -10.267657 -10.954977 -9.879933
45.720000 -7.668448 -46.214724 nan -44.218166 -8.824566 -9.904322 -8.455792 -7.797081 -8.093423 -7.299950 -8.404197 -8.911698 -7.959879 -10.225909 -10.915030 -9.834588
45.760000 -7.702836 -46.515754 nan -44.519196 -9.015425 -10.165014 -8.628543 -7.835540 -8.124101 -7.332496 -8.377930 -8.887710 -7.928351 -10.186729 -10.876096 -9.791892
45.800000 -7.740182 -70.623873 nan -56.362879 -9.364033 -10.848805 -8.881179 -7.877739 -8.163527 -7.384340 -8.353161 -8.864916 -7.898960 -10.150792 -10.840371 -9.753360
45.840000 -7.775262 -70.845722 nan -56.584727 -9.563533 -11.054369 -9.048679 -7.930447 -8.227326 -7.438343 -8.328777 -8.827130 -7.872160 -10.114262 -10.802158 -9.714273
45.880000 -7.813427 -71.322843 nan -57.061849 -9.943469 -11.458251 -9.303645 -7.990448 -8.299073 -7.500027 -8.305690 -8.792371 -7.847586 -10.080569 -10.767044 -9.679919
45.920000 -7.851875 -inf nan nan -10.548418 -12.145087 -9.615014 -8.057123 -8.368004 -7.564200 -8.285784 -8.758589 -7.827001 -10.047664 -10.731795 -9.647070
45.960000 -7.890349 -inf nan nan -10.786593 -12.431453 -9.871741 -8.132397 -8.461044 -7.634118 -8.268690 -8.727477 -7.811068 -10.015557 -10.694287 -9.618114
46.000000 -7.932566 -inf nan nan -11.356057 -14.144045 -10.610665 -8.223511 -8.573788 -7.704679 -8.252243 -8.715858 -7.795700 -9.985661 -10.658731 -9.591254
46.040000 -7.971369 -inf nan nan -11.571698 -14.360179 -10.828150 -8.309529 -8.654062 -7.777093 -8.246868 -8.715640 -7.794238 -9.954390 -10.628835 -9.562410
46.080000 -8.013982 -inf nan nan -12.019045 -14.809994 -11.284090 -8.416899 -8.753334 -7.869039 -8.241559 -8.710137 -7.792235 -9.925221 -10.601129 -9.535363
46.120000 -8.056591 -inf nan nan -13.118499 -17.271117 -12.753085 -8.530505 -8.858457 -7.938658 -8.243908 -8.702389 -7.797709 -9.896089 -10.575368 -9.508122
46.160000 -8.098721 -inf nan nan -13.418968 -17.572020 -13.053491 -8.646080 -8.958564 -8.001880 -8.254043 -8.696377 -7.810950 -9.867107 -10.550005 -9.480817
46.200000 -8.145381 -inf nan nan -16.007358 -21.387924 -15.275003 -8.804029 -9.100777 -8.077974 -8.264420 -8.693667 -7.825000 -9.839939 -10.526041 -9.455129
46.240000 -8.186539 -inf nan nan -16.229154 -21.609773 -15.496700 -8.919401 -9.200538 -8.160992 -8.288271 -8.699087 -7.849422 -9.810690 -10.500602 -9.427303
46.280000 -8.232009 -inf nan nan -16.706012 -22.086894 -15.973064 -9.076968 -9.418769 -8.259481 -8.313510 -8.702219 -7.875741 -9.783286 -10.476570 -9.401153
46.320000 -8.277236 -inf nan nan -19.843657 -27.536925 -19.913966 -9.243654 -9.565528 -8.382506 -8.343443 -8.718871 -7.905474 -9.755573 -10.452321 -9.374766
46.360000 -8.321558 -inf nan nan -20.144685 -27.837955 -20.214993 -9.394686 -9.737135 -8.518940 -8.378998 -8.743344 -7.939248 -9.727706 -10.418177 -9.348271
46.400000 -8.370923 -inf nan nan -25.277929 -35.262048 -24.855850 -9.628196 -10.015960 -8.700274 -8.417726 -8.783996 -7.975702 -9.701519 -10.382918 -9.323300
46.440000 -8.413557 -inf nan nan -25.499778 -35.483897 -25.077697 -9.759310 -10.188498 -8.814897 -8.459465 -8.824725 -8.014457 -9.673022 -10.342624 -9.296213
46.480000 -8.460836 -inf nan nan -25.976899 -35.961018 -25.554811 -9.948022 -10.433849 -8.945959 -8.505646 -8.869675 -8.057129 -9.646279 -10.305752 -9.270717
46.520000 -8.507745 -inf nan nan -32.823580 -44.385319 -30.133795 -10.142628 -10.734382 -9.064853 -8.553895 -8.916095 -8.087305 -9.619242 -10.267941 -9.244207
46.560000 -8.553499 -inf nan nan -33.124610 -44.686349 -30.434824 -10.284547 -10.926050 -9.242297 -8.604325 -8.963919 -8.131016 -9.592056 -10.229657 -9.217451
46.600000 -8.604647 -inf nan nan -42.118408 -54.475406 -38.243763 -10.496731 -11.407697 -9.437551 -8.661389 -9.018005 -8.188415 -9.566471 -10.194476 -9.189992
46.640000 -8.648549 -inf nan nan -42.340257 -54.697255 -38.465612 -10.625830 -11.583898 -9.594121 -8.713993 -9.068609 -8.242110 -9.538749 -10.154470 -9.155694
46.680000 -8.697393 -inf nan nan -42.817378 -55.174376 -38.942733 -10.810362 -11.913728 -9.882419 -8.773859 -9.126627 -8.303393 -9.512690 -10.118178 -9.123913
46.720000 -8.745819 -inf nan nan -50.453065 nan -47.741404 -11.020448 -12.507259 -10.226463 -8.836157 -9.190844 -8.370328 -9.486714 -10.081768 -9.093984
46.760000 -8.792950 -inf nan nan -50.754095 nan -48.042434 -11.231886 -12.784701 -10.444216 -8.900599 -9.257622 -8.454863 -9.460894 -10.048318 -9.066161
46.800000 -8.845826 -inf nan nan -90.675306 nan -63.826958 -11.660395 -13.729563 -11.076516 -8.976296 -9.335325 -8.560241 -9.436523 -10.015983 -9.040612
46.840000 -8.891078 -inf nan nan -90.897155 nan -64.048807 -11.872842 -13.947609 -11.273533 -9.047753 -9.396423 -8.644013 -9.413657 -9.991164 -9.021277
46.880000 -8.941601 -inf nan nan -91.374276 nan -64.525928 -12.305784 -14.406655 -11.650014 -9.133328 -9.464754 -8.733570 -9.391935 -9.963617 -9.003050
46.920000 -8.991719 -inf nan nan -inf nan nan -13.239372 -15.464833 -12.410877 -9.225479 -9.539697 -8.827103 -9.374882 -9.937582 -8.990003
46.960000 -9.040471 -inf nan nan -inf nan nan -13.531989 -15.765357 -12.680196 -9.324280 -9.643884 -8.920415 -9.362002 -9.913228 -8.972722
47.000000 -9.095397 -inf nan nan -inf nan nan -14.947988 -18.239909 -13.603709 -9.452389 -9.766373 -9.037152 -9.349493 -9.890170 -8.986292
47.040000 -9.142371 -inf nan nan -inf nan nan -15.168989 -18.461524 -13.824278 -9.561497 -9.862921 -9.138465 -9.353494 -9.883586 -8.989096
47.080000 -9.195049 -inf nan nan -inf nan nan -15.641893 -18.937481 -14.295056 -9.707559 -9.988133 -9.270901 -9.357531 -9.875238 -8.983547
47.120000 -9.247368 -inf nan nan -inf nan nan -17.577473 -21.388068 -16.306525 -9.863071 -10.093322 -9.412996 -9.371218 -9.870747 -9.004375
47.160000 -9.298263 -inf nan nan -inf nan nan -17.877761 -21.689089 -16.607227 -10.011347 -10.210974 -9.555069 -9.395509 -9.890414 -9.023478
47.200000 -9.355924 -inf nan nan -inf nan nan -20.344431 -26.145153 -19.478568 -10.238248 -10.401568 -9.763325 -9.421239 -9.895091 -9.038490
47.240000 -9.405173 -inf nan nan -inf nan nan -20.566273 -26.367001 -19.700414 -10.374740 -10.550497 -9.891822 -9.459427 -9.911297 -9.074432
47.280000 -9.460730 -inf nan nan -inf nan nan -21.043364 -26.844120 -20.177524 -10.574904 -10.783985 -10.071507 -9.501300 -9.928184 -9.126783
47.320000 -9.515991 -inf nan nan -inf nan nan -25.112035 -32.688753 -23.976052 -10.794687 -10.990505 -10.244473 -9.546348 -9.958041 -9.185928
47.360000 -9.569735 -inf nan nan -inf nan nan -25.413064 -32.989783 -24.277076 -10.979328 -11.161550 -10.391207 -9.595164 -10.003691 -9.253187
47.400000 -9.631081 -inf nan nan -inf nan nan -30.696414 -39.581533 -28.710827 -11.307065 -11.510909 -10.706386 -9.650170 -10.054731 -9.333983
47.440000 -9.683160 -inf nan nan -inf nan nan -30.918262 -39.803382 -28.932667 -11.478006 -11.673483 -10.878971 -9.701978 -10.111490 -9.392279
47.480000 -9.742346 -inf nan nan -inf nan nan -31.395383 -40.280503 -29.409742 -11.763943 -12.002116 -11.191074 -9.760813 -10.170240 -9.455861
47.520000 -9.801286 -inf nan nan -inf nan nan -37.024533 -49.616799 -34.707177 -12.118827 -12.384717 -11.528182 -9.820803 -10.225782 -9.520771
47.560000 -9.858525 -inf nan nan -inf nan nan -37.325563 -49.917829 -35.008207 -12.354436 -12.656273 -11.731035 -9.881127 -10.282735 -9.585932
47.600000 -9.924470 -inf nan nan -inf nan nan -46.109202 -63.547021 -42.310217 -12.907774 -13.450111 -12.134479 -9.951203 -10.346098 -9.662630
47.640000 -9.979977 -inf nan nan -inf nan nan -46.331050 -63.768870 -42.532065 -13.108000 -13.659394 -12.317619 -10.012322 -10.405253 -9.728920
47.680000 -10.043634 -inf nan nan -inf nan nan -46.808172 -64.245991 -43.009186 -13.490705 -14.077468 -12.644300 -10.083474 -10.487986 -9.807186
47.720000 -10.107069 -inf nan nan -inf nan nan -60.439682 nan -52.685918 -14.112710 -15.000819 -13.173030 -10.156359 -10.559426 -9.887759
47.760000 -10.168478 -inf nan nan -inf nan nan -60.740712 nan -52.986948 -14.376242 -15.292678 -13.420200 -10.229456 -10.620252 -9.970437
47.800000 -10.240023 -inf nan nan -inf nan nan -192.507060 nan -73.157708 -15.157594 -16.739895 -14.356269 -10.317397 -10.709565 -10.072155
47.840000 -10.299517 -inf nan nan -inf nan nan -192.728909 nan -73.379557 -15.375122 -16.960281 -14.566866 -10.394789 -10.780135 -10.160976
47.880000 -10.368476 -inf nan nan -inf nan nan -193.206030 nan -73.856678 -15.831262 -17.430157 -14.998483 -10.489029 -10.884916 -10.266490
47.920000 -10.437244 -inf nan nan -inf nan nan -inf nan nan -17.077575 -19.185637 -15.998653 -10.588830 -10.985314 -10.369893
47.960000 -10.503521 -inf nan nan -inf nan nan -inf nan nan -17.374080 -19.485848 -16.291895 -10.692166 -11.083394 -10.485517
48.000000 -10.581766 -inf nan nan -inf nan nan -inf nan nan -19.057537 -21.903069 -17.823317 -10.828031 -11.209328 -10.650599
48.040000 -10.645710 -inf nan nan -inf nan nan -inf nan nan -19.279077 -22.124911 -18.045106 -10.939476 -11.311065 -10.758938
48.080000 -10.720721 -inf nan nan -inf nan nan -inf nan nan -19.754659 -22.601999 -18.521929 -11.089777 -11.445311 -10.894302
48.120000 -10.795602 -inf nan nan -inf nan nan -inf nan nan -22.126602 -25.897356 -20.658818 -11.249636 -11.595244 -11.046891
48.160000 -10.867383 -inf nan nan -inf nan nan -inf nan nan -22.427282 -26.198386 -20.957312 -11.399858 -11.739399 -11.197135
48.200000 -10.953425 -inf nan nan -inf nan nan -inf nan nan -25.219419 -30.388314 -23.439925 -11.631412 -11.955173 -11.431704
48.240000 -11.022255 -inf nan nan -inf nan nan -inf nan nan -25.441260 -30.610162 -23.661756 -11.770140 -12.093393 -11.577427
48.280000 -11.104086 -inf nan nan -inf nan nan -inf nan nan -25.918345 -31.087280 -24.138784 -11.975198 -12.307975 -11.790890
48.320000 -11.185908 -inf nan nan -inf nan nan -inf nan nan -29.912813 -36.728229 -27.686671 -12.201388 -12.567489 -12.057030
48.360000 -11.263862 -inf nan nan -inf nan nan -inf nan nan -30.213840 -37.029258 -27.987684 -12.389110 -12.768087 -12.233247
48.400000 -11.358937 -inf nan nan -inf nan nan -inf nan nan -35.105211 -43.690634 -32.422772 -12.727028 -13.200573 -12.544333
48.440000 -11.433427 -inf nan nan -inf nan nan -inf nan nan -35.327060 -43.912483 -32.644620 -12.899749 -13.369782 -12.726780
48.480000 -11.523394 -inf nan nan -inf nan nan -inf nan nan -35.804181 -44.389604 -33.121739 -13.190821 -13.707698 -13.043459
48.520000 -11.613691 -inf nan nan -inf nan nan -inf nan nan -41.989710 -53.724395 -39.526377 -13.556761 -14.128315 -13.421131
48.560000 -11.699269 -inf nan nan -inf nan nan -inf nan nan -42.290740 -54.025425 -39.827407 -13.799136 -14.394079 -13.659705
48.600000 -11.805953 -inf nan nan -inf nan nan -inf nan nan -50.511721 -75.039776 -46.818250 -14.396579 -15.267304 -14.229860
48.640000 -11.887556 -inf nan nan -inf nan nan -inf nan nan -50.733570 -75.261625 -47.040098 -14.598814 -15.477887 -14.422882
48.680000 -11.988125 -inf nan nan -inf nan nan -inf nan nan -51.210691 -75.738746 -47.517220 -14.989295 -15.903045 -14.780328
48.720000 -12.089942 -inf nan nan -inf nan nan -inf nan nan -68.033630 nan -58.856947 -15.648941 -16.859043 -15.331783
48.760000 -12.186304 -inf nan nan -inf nan nan -inf nan nan -68.334660 nan -59.157977 -15.931273 -17.157713 -15.603884
48.800000 -12.310329 -inf nan nan -inf nan nan -inf nan nan -214.579332 nan -83.319786 -17.005530 -18.877920 -16.506171
48.840000 -12.404329 -inf nan nan -inf nan nan -inf nan nan -214.801181 nan -83.541634 -17.222950 -19.097926 -16.717955
48.880000 -12.524461 -inf nan nan -inf nan nan -inf nan nan -215.278302 nan -84.018756 -17.678579 -19.565948 -17.158670
48.920000 -12.649229 -inf nan nan -inf nan nan -inf nan nan -inf nan nan -18.915139 -21.226696 -18.191230
48.960000 -12.768939 -inf nan nan -inf nan nan -inf nan nan -inf nan nan -19.213777 -21.527533 -18.485411
49.000000 -12.934758 -inf nan nan -inf nan nan -inf nan nan -inf nan nan -21.172861 -24.305766 -20.206607
49.040000 -13.054574 -inf nan nan -inf nan nan -inf nan nan -inf nan nan -21.394266 -24.527416 -20.425830
49.080000 -13.220598 -inf nan nan -inf nan nan -inf nan nan -inf nan nan -21.869173 -25.003544 -20.890062
49.120000 -13.397192 -inf nan nan -inf nan nan -inf nan nan -inf nan nan -24.083672 -28.393425 -22.781754
49.160000 -13.554721 -inf nan nan -inf nan nan -inf nan nan -inf nan nan -24.384630 -28.694413 -23.082428
49.200000 -13.804396 -inf nan nan -inf nan nan -inf nan nan -inf nan nan -27.866035 -32.765979 -25.999161
49.240000 -13.948056 -inf nan nan -inf nan nan -inf nan nan -inf nan nan -28.087845 -32.987820 -26.220932
49.280000 -14.164201 -inf nan nan -inf nan nan -inf nan nan -inf nan nan -28.564774 -33.464906 -26.697664
49.320000 -14.404905 -inf nan nan -inf nan nan -inf nan nan -inf nan nan -31.838567 -39.961863 -30.374673
49.360000 -14.597836 -inf nan nan -inf nan nan -inf nan nan -inf nan nan -32.139596 -40.262893 -30.675666
49.400000 -14.953696 -inf nan nan -inf nan nan -inf nan nan -inf nan nan -37.316913 -46.908644 -35.039043
49.440000 -15.130482 -inf nan nan -inf nan nan -inf nan nan -inf nan nan -37.538762 -47.130493 -35.260891
49.480000 -15.433601 -inf nan nan -inf nan nan -inf nan nan -inf nan nan -38.015883 -47.607614 -35.738010
49.520000 -15.823162 -inf nan nan -inf nan nan -inf nan nan -inf nan nan -44.374389 -57.956550 -42.548822
49.560000 -16.066203 -inf nan nan -inf nan nan -inf nan nan -inf nan nan -44.675419 -58.257580 -42.849852
49.600000 -16.668288 -inf nan nan -inf nan nan -inf nan nan -inf nan nan -52.840555 -87.637111 -49.573495
