#Quasar bolometric luminosity function in different black hole mass bins from TRINITY PaperIII (Fig. 3, Zhang+2024, MNRAS, 529, 2777)
#z: 0.10
#log10(Lbol [erg/s])(0) log10(QLF_total [Mpc^-3 dex^-1])(1) log10(QLF(5<logMbh<6) [Mpc^-3 dex^-1])(2) log10(QLF(5<logMbh<6)_16th [Mpc^-3 dex^-1])(3) log10(QLF(5<logMbh<6)_84th [Mpc^-3 dex^-1])(4)
#log10(QLF(6<logMbh<7) [Mpc^-3 dex^-1])(5) log10(QLF(6<logMbh<7)_16th [Mpc^-3 dex^-1])(6) log10(QLF(6<logMbh<7)_84th [Mpc^-3 dex^-1])(7)
#log10(QLF(7<logMbh<8) [Mpc^-3 dex^-1])(8) log10(QLF(7<logMbh<8)_16th [Mpc^-3 dex^-1])(9) log10(QLF(7<logMbh<8)_84th [Mpc^-3 dex^-1])(10)
#log10(QLF(8<logMbh<9) [Mpc^-3 dex^-1])(11) log10(QLF(8<logMbh<9)_16th [Mpc^-3 dex^-1])(12) log10(QLF(8<logMbh<9)_84th [Mpc^-3 dex^-1])(13)
#log10(QLF(9<logMbh<10) [Mpc^-3 dex^-1])(14) log10(QLF(9<logMbh<10)_16th [Mpc^-3 dex^-1])(15) log10(QLF(9<logMbh<10)_84th [Mpc^-3 dex^-1])(16)
40.000000 -2.767491 -3.802875 -4.012860 -3.612754 -3.871838 -4.044510 -3.724021 -3.831052 -3.991866 -3.756499 -3.977835 -4.091755 -3.925290 -5.099070 -5.243405 -4.986516
40.040000 -2.771796 -3.805504 -4.014059 -3.620554 -3.874465 -4.041906 -3.727745 -3.833679 -3.992661 -3.762026 -3.980461 -4.090371 -3.929751 -5.101695 -5.242072 -4.990507
40.080000 -2.776144 -3.808149 -4.015261 -3.624209 -3.877109 -4.041325 -3.731507 -3.836323 -3.993013 -3.767624 -3.983103 -4.089003 -3.936228 -5.104336 -5.240751 -4.994540
40.120000 -2.781087 -3.810791 -4.016462 -3.628134 -3.879749 -4.041222 -3.736082 -3.838963 -3.994215 -3.773205 -3.985742 -4.089964 -3.941477 -5.106973 -5.242308 -4.998562
40.160000 -2.786647 -3.813430 -4.014367 -3.632382 -3.882385 -4.041123 -3.741054 -3.841599 -3.995531 -3.778734 -3.988376 -4.090879 -3.946378 -5.109606 -5.245300 -5.002574
40.200000 -2.792278 -3.816084 -4.007944 -3.636677 -3.885037 -4.041023 -3.741080 -3.844251 -3.996219 -3.783445 -3.991027 -4.090792 -3.952087 -5.112255 -5.250224 -5.005920
40.240000 -2.798607 -3.818717 -4.008275 -3.643610 -3.887667 -4.042719 -3.739761 -3.846881 -3.994727 -3.788065 -3.993654 -4.091075 -3.955596 -5.114880 -5.256268 -5.009216
40.280000 -2.805029 -3.821365 -4.014898 -3.650976 -3.890312 -4.046835 -3.737620 -3.849526 -3.993240 -3.793286 -3.996297 -4.094634 -3.960143 -5.117521 -5.262404 -5.012539
40.320000 -2.811586 -3.824011 -4.021493 -3.655784 -3.892954 -4.050941 -3.739716 -3.852168 -3.993606 -3.798881 -3.998937 -4.097727 -3.965288 -5.120158 -5.268161 -5.015857
40.360000 -2.818283 -3.826653 -4.023674 -3.654727 -3.895593 -4.055035 -3.747005 -3.854807 -3.992510 -3.802967 -4.001572 -4.102111 -3.970431 -5.122791 -5.266044 -5.019167
40.400000 -2.825084 -3.829312 -4.024879 -3.652871 -3.898248 -4.059174 -3.755467 -3.857461 -3.992660 -3.801470 -4.004224 -4.104382 -3.975636 -5.125441 -5.263833 -5.020206
40.440000 -2.832308 -3.831950 -4.026080 -3.654815 -3.900880 -4.063106 -3.763881 -3.860094 -3.993796 -3.799321 -4.006853 -4.107254 -3.977917 -5.128066 -5.268589 -5.019889
40.480000 -2.839654 -3.834603 -4.027285 -3.659500 -3.903529 -4.065687 -3.772463 -3.862743 -3.994108 -3.803446 -4.009498 -4.112998 -3.979746 -5.130707 -5.273399 -5.019680
40.520000 -2.847290 -3.837255 -4.028489 -3.664174 -3.906174 -4.067356 -3.774830 -3.865388 -3.994144 -3.807935 -4.012139 -4.119445 -3.981573 -5.133344 -5.278198 -5.019926
40.560000 -2.855229 -3.839904 -4.029693 -3.668067 -3.908817 -4.069475 -3.772115 -3.868031 -3.993327 -3.812750 -4.014777 -4.123684 -3.984889 -5.135978 -5.282981 -5.020166
40.600000 -2.863315 -3.842570 -4.030900 -3.671756 -3.911477 -4.071283 -3.770156 -3.870690 -3.992965 -3.816423 -4.017431 -4.126902 -3.985777 -5.138627 -5.287751 -5.025317
40.640000 -2.871707 -3.845217 -4.032103 -3.675405 -3.914114 -4.072710 -3.776498 -3.873328 -3.992607 -3.818699 -4.020063 -4.131843 -3.989527 -5.141253 -5.291976 -5.023397
40.680000 -2.880263 -3.847879 -4.034146 -3.679086 -3.916768 -4.073953 -3.784015 -3.875982 -3.994690 -3.823195 -4.022710 -4.138515 -3.994595 -5.143894 -5.292892 -5.023633
40.720000 -2.888884 -3.850541 -4.038922 -3.682764 -3.919420 -4.075197 -3.791502 -3.878634 -3.998508 -3.828334 -4.025355 -4.144638 -3.997124 -5.146532 -5.295612 -5.027771
40.760000 -2.897569 -3.853202 -4.043362 -3.686636 -3.922070 -4.078375 -3.798953 -3.881284 -4.002545 -3.832551 -4.027996 -4.150308 -3.997436 -5.149166 -5.299127 -5.031898
40.800000 -2.906432 -3.855880 -4.048061 -3.692168 -3.924737 -4.083167 -3.806573 -3.883950 -4.006233 -3.836672 -4.030654 -4.156054 -4.000361 -5.151816 -5.303660 -5.036066
40.840000 -2.915109 -3.858541 -4.046871 -3.697610 -3.927384 -4.087875 -3.811637 -3.886597 -4.009960 -3.841123 -4.033290 -4.161649 -4.005813 -5.154443 -5.308086 -5.040174
40.880000 -2.923963 -3.861219 -4.048106 -3.703122 -3.930047 -4.092640 -3.816117 -3.889260 -4.012610 -3.847212 -4.035943 -4.167107 -4.011219 -5.157085 -5.312257 -5.043750
40.920000 -2.932840 -3.863898 -4.049325 -3.708469 -3.932709 -4.094547 -3.820588 -3.891922 -4.014376 -3.852849 -4.038593 -4.170579 -4.010361 -5.159723 -5.316421 -5.047555
40.960000 -2.941738 -3.866578 -4.049945 -3.712142 -3.935371 -4.094708 -3.825051 -3.894584 -4.017943 -3.857185 -4.041241 -4.175456 -4.009452 -5.162358 -5.320572 -5.052001
41.000000 -2.950822 -3.869275 -4.050004 -3.715846 -3.938049 -4.092221 -3.829560 -3.897262 -4.020846 -3.859108 -4.043905 -4.183000 -4.009495 -5.165009 -5.324531 -5.050609
41.040000 -2.959796 -3.871962 -4.049953 -3.719546 -3.940711 -4.094543 -3.834007 -3.899924 -4.022072 -3.863564 -4.046549 -4.188405 -4.009815 -5.167636 -5.327875 -5.050965
41.080000 -2.968958 -3.874665 -4.052944 -3.723279 -3.943390 -4.099400 -3.838501 -3.902602 -4.020625 -3.868066 -4.049209 -4.189175 -4.010142 -5.170280 -5.335620 -5.055275
41.120000 -2.978138 -3.877373 -4.056425 -3.727029 -3.946070 -4.102068 -3.842988 -3.905282 -4.021064 -3.872558 -4.051868 -4.194997 -4.009861 -5.172920 -5.338356 -5.054911
41.160000 -2.987330 -3.880086 -4.060167 -3.730798 -3.948752 -4.103944 -3.847470 -3.907964 -4.024141 -3.874860 -4.054526 -4.195388 -4.009537 -5.175556 -5.344653 -5.054548
41.200000 -2.996721 -3.882816 -4.064038 -3.734599 -3.951450 -4.105831 -3.851999 -3.910662 -4.027012 -3.878435 -4.057201 -4.197800 -4.009212 -5.178208 -5.348810 -5.054186
41.240000 -3.005976 -3.885545 -4.067867 -3.738417 -3.954138 -4.107726 -3.849948 -3.913349 -4.028546 -3.880618 -4.059858 -4.204470 -4.008902 -5.180838 -5.351944 -5.053826
41.280000 -3.015433 -3.888291 -4.071730 -3.741990 -3.956843 -4.109631 -3.852689 -3.916053 -4.030336 -3.885324 -4.062532 -4.211244 -4.008592 -5.183483 -5.354837 -5.053466
41.320000 -3.024875 -3.891048 -4.069869 -3.740227 -3.959553 -4.112075 -3.858305 -3.918763 -4.032564 -3.887101 -4.065207 -4.217995 -4.008928 -5.186125 -5.356995 -5.053109
41.360000 -3.034296 -3.893816 -4.059764 -3.734288 -3.962268 -4.118438 -3.863907 -3.921477 -4.037595 -3.887773 -4.067882 -4.224721 -4.008171 -5.188764 -5.360695 -5.052753
41.400000 -3.043926 -3.896602 -4.055375 -3.727854 -3.965000 -4.124900 -3.869582 -3.924209 -4.039923 -3.891454 -4.070574 -4.231350 -4.006781 -5.191418 -5.364721 -5.052397
41.440000 -3.053388 -3.892575 -4.041746 -3.722164 -3.967731 -4.131218 -3.875040 -3.926939 -4.044310 -3.893048 -4.073254 -4.237696 -4.004864 -5.194051 -5.368838 -5.052046
41.480000 -3.063061 -3.888585 -4.032085 -3.705934 -3.970479 -4.137633 -3.879555 -3.929687 -4.048594 -3.893169 -4.075951 -4.242433 -4.003219 -5.196699 -5.373315 -5.051696
41.520000 -3.072737 -3.880084 -4.023670 -3.695167 -3.973239 -4.141689 -3.884360 -3.932445 -4.053758 -3.897084 -4.078652 -4.246680 -4.002081 -5.199345 -5.374495 -5.053378
41.560000 -3.082410 -3.867329 -4.015638 -3.684493 -3.976010 -4.145549 -3.889158 -3.935216 -4.061884 -3.897152 -4.081357 -4.250922 -4.000040 -5.201988 -5.377904 -5.055315
41.600000 -3.092304 -3.854938 -4.003762 -3.675567 -3.978799 -4.149444 -3.893014 -3.938003 -4.070171 -3.901061 -4.084078 -4.255125 -3.998334 -5.204647 -5.381339 -5.057262
41.640000 -3.101881 -3.842517 -3.988463 -3.668440 -3.981602 -4.153302 -3.892144 -3.940805 -4.076462 -3.904922 -4.086796 -4.258734 -3.996730 -5.207285 -5.384735 -5.059031
41.680000 -3.111674 -3.830441 -3.978783 -3.661428 -3.984423 -4.155029 -3.891291 -3.943624 -4.081054 -3.908829 -4.089531 -4.262105 -3.996059 -5.209938 -5.388158 -5.056950
41.720000 -3.121443 -3.820100 -3.973380 -3.655448 -3.987265 -4.156176 -3.889656 -3.946465 -4.079868 -3.912737 -4.092275 -4.267386 -3.998120 -5.212590 -5.391575 -5.056332
41.760000 -3.131182 -3.811379 -3.983667 -3.650458 -3.990130 -4.159075 -3.893400 -3.949327 -4.076009 -3.916648 -4.095029 -4.271687 -3.999837 -5.215240 -5.396825 -5.055632
41.800000 -3.141144 -3.802830 -3.977156 -3.645526 -3.993013 -4.163419 -3.897811 -3.952208 -4.080087 -3.921079 -4.097801 -4.273794 -3.997388 -5.217906 -5.403667 -5.058487
41.840000 -3.150813 -3.796071 -3.972694 -3.643033 -3.995935 -4.167712 -3.901471 -3.955127 -4.085961 -3.925103 -4.100582 -4.277360 -3.993952 -5.220553 -5.411055 -5.061679
41.880000 -3.160701 -3.789416 -3.967189 -3.640554 -3.998877 -4.172048 -3.905816 -3.958065 -4.091915 -3.924546 -4.103381 -4.281695 -3.991445 -5.223216 -5.417961 -5.064901
41.920000 -3.170590 -3.783375 -3.964382 -3.639431 -4.001857 -4.176384 -3.910529 -3.961041 -4.097868 -3.924069 -4.106199 -4.286037 -3.988827 -5.225878 -5.422481 -5.068130
41.960000 -3.180475 -3.777926 -3.960993 -3.639654 -4.004875 -4.180114 -3.915243 -3.964055 -4.103817 -3.923672 -4.109035 -4.290383 -3.986236 -5.228540 -5.426944 -5.071370
42.000000 -3.190591 -3.772544 -3.957631 -3.639876 -4.007915 -4.177185 -3.920009 -3.967089 -4.109848 -3.923280 -4.111890 -4.294777 -3.983662 -5.231218 -5.431453 -5.074639
42.040000 -3.200658 -3.769544 -3.956364 -3.642956 -4.011033 -4.173707 -3.924732 -3.970200 -4.115799 -3.923091 -4.114777 -4.298785 -3.981601 -5.233880 -5.435897 -5.075669
42.080000 -3.210965 -3.766564 -3.953051 -3.646058 -4.014174 -4.171828 -3.929507 -3.973333 -4.121832 -3.922906 -4.117684 -4.302712 -3.981865 -5.236558 -5.440388 -5.073366
42.120000 -3.221327 -3.764630 -3.950399 -3.650604 -4.017379 -4.175907 -3.934291 -3.976528 -4.127872 -3.922856 -4.120624 -4.306660 -3.983527 -5.239238 -5.444870 -5.071097
42.160000 -3.231741 -3.763729 -3.952759 -3.655900 -4.020649 -4.179994 -3.939085 -3.979786 -4.133917 -3.922941 -4.123597 -4.310625 -3.985515 -5.241919 -5.449658 -5.069101
42.200000 -3.242412 -3.762830 -3.946402 -3.661438 -4.023944 -4.184119 -3.943931 -3.983070 -4.139290 -3.922665 -4.126592 -4.314628 -3.987577 -5.244617 -5.454248 -5.067119
42.240000 -3.252789 -3.764487 -3.945778 -3.678470 -4.027380 -4.182607 -3.947622 -3.986487 -4.144088 -3.922443 -4.129654 -4.318647 -3.989927 -5.247305 -5.458775 -5.065178
42.280000 -3.263421 -3.766149 -3.945155 -3.685530 -4.030844 -4.181116 -3.949893 -3.989932 -4.148689 -3.922222 -4.132738 -4.322704 -3.992293 -5.250009 -5.463425 -5.063252
42.320000 -3.274116 -3.769405 -3.961470 -3.695196 -4.034412 -4.182284 -3.949304 -3.993477 -4.153240 -3.922219 -4.135880 -4.326797 -3.992743 -5.252718 -5.468093 -5.061365
42.360000 -3.284873 -3.774291 -3.996237 -3.711983 -4.038087 -4.182895 -3.950729 -3.997124 -4.157813 -3.922433 -4.139080 -4.330928 -3.993084 -5.255433 -5.473296 -5.059515
42.400000 -3.295904 -3.779233 -4.022764 -3.722117 -4.041794 -4.183573 -3.943326 -4.000802 -4.162992 -3.922647 -4.142304 -4.336078 -3.993426 -5.258165 -5.478625 -5.056052
42.440000 -3.306862 -3.790807 -4.049614 -3.733909 -4.039730 -4.181397 -3.933569 -4.004700 -4.167511 -3.923414 -4.145654 -4.341270 -3.993925 -5.260895 -5.483864 -5.055043
42.480000 -3.318103 -3.802697 -4.062683 -3.751284 -4.037675 -4.177272 -3.924028 -4.008633 -4.171806 -3.924182 -4.149030 -4.346525 -3.994423 -5.263643 -5.489166 -5.053208
42.520000 -3.329604 -3.819171 -4.077762 -3.781066 -4.031455 -4.171393 -3.916647 -4.012720 -4.176850 -3.925292 -4.152502 -4.351797 -3.995023 -5.266402 -5.494459 -5.050947
42.560000 -3.341377 -3.840757 -4.094185 -3.807073 -4.021246 -4.170963 -3.913219 -4.016965 -4.182021 -3.926748 -4.156071 -4.357640 -3.995722 -5.269173 -5.499737 -5.048760
42.600000 -3.353479 -3.863473 -4.109039 -3.830114 -4.011271 -4.165275 -3.919285 -4.021253 -4.186895 -3.930069 -4.159670 -4.364933 -3.996422 -5.271961 -5.505081 -5.046585
42.640000 -3.365528 -3.890826 -4.138909 -3.852079 -4.001759 -4.158734 -3.920528 -4.025876 -4.191823 -3.935692 -4.163482 -4.372089 -3.997375 -5.274764 -5.510339 -5.047774
42.680000 -3.377921 -3.920019 -4.172173 -3.872335 -3.992451 -4.152224 -3.915543 -4.030550 -4.196806 -3.943648 -4.167328 -4.379368 -3.998331 -5.277584 -5.515661 -5.050102
42.720000 -3.390455 -3.951477 -4.202454 -3.891739 -3.984786 -4.146881 -3.912352 -4.035449 -4.201857 -3.953064 -4.171327 -4.386647 -3.999450 -5.280427 -5.520972 -5.052460
42.760000 -3.403133 -3.985565 -4.248567 -3.913314 -3.978682 -4.141889 -3.905662 -4.040583 -4.206977 -3.963464 -4.175484 -4.391908 -4.000734 -5.283291 -5.526274 -5.054848
42.800000 -3.416192 -4.022558 -4.305634 -3.938064 -3.972663 -4.136917 -3.900449 -4.045778 -4.212159 -3.974121 -4.179680 -4.396802 -4.002022 -5.286175 -5.531642 -5.054335
42.840000 -3.429329 -4.061124 -4.358201 -3.965706 -3.970537 -4.133849 -3.898322 -4.051455 -4.217446 -3.986214 -4.184219 -4.401694 -4.005091 -5.289098 -5.536909 -5.051503
42.880000 -3.442876 -4.103452 -4.393194 -3.990747 -3.968422 -4.130498 -3.896600 -4.057206 -4.222798 -3.998653 -4.188806 -4.406647 -4.008187 -5.292041 -5.542014 -5.048695
42.920000 -3.456546 -4.147987 -4.452893 -4.017762 -3.968330 -4.128461 -3.895307 -4.063276 -4.228252 -4.006879 -4.193625 -4.411640 -4.011665 -5.295023 -5.547116 -5.047583
42.960000 -3.470337 -4.194978 -4.520148 -4.056729 -3.970261 -4.133989 -3.898141 -4.069676 -4.233810 -4.009436 -4.198686 -4.417247 -4.015533 -5.298044 -5.552213 -5.047695
43.000000 -3.484581 -4.247677 -4.606501 -4.097664 -3.972200 -4.157219 -3.899312 -4.076171 -4.239440 -4.012008 -4.203805 -4.425380 -4.019438 -5.301087 -5.557372 -5.047811
43.040000 -3.498838 -4.298312 -4.673659 -4.130739 -3.978034 -4.160920 -3.906390 -4.083310 -4.245197 -4.015042 -4.209436 -4.433390 -4.024204 -5.304210 -5.562466 -5.048255
43.080000 -3.513579 -4.355639 -4.744546 -4.161980 -3.983948 -4.158504 -3.916680 -4.090568 -4.251014 -4.018096 -4.215141 -4.441552 -4.029025 -5.307356 -5.567620 -5.048705
43.120000 -3.528590 -4.414762 -4.815434 -4.207469 -3.992233 -4.178267 -3.928956 -4.098247 -4.257100 -4.021417 -4.221185 -4.449739 -4.034354 -5.310569 -5.571927 -5.049881
43.160000 -3.543882 -4.475236 -4.883909 -4.241489 -4.003027 -4.187140 -3.932428 -4.106368 -4.264491 -4.025009 -4.227581 -4.457949 -4.040212 -5.313849 -5.576218 -5.051288
43.200000 -3.559732 -4.545515 -4.965238 -4.281359 -4.014096 -4.192941 -3.945830 -4.114644 -4.272012 -4.028631 -4.234072 -4.466318 -4.046153 -5.317155 -5.580553 -5.052699
43.240000 -3.575621 -4.607521 -5.030295 -4.329816 -4.030048 -4.200887 -3.958592 -4.123719 -4.278508 -4.028493 -4.241267 -4.474603 -4.050965 -5.320608 -5.584869 -5.054590
43.280000 -3.592113 -4.679879 -5.106845 -4.385640 -4.046608 -4.214420 -3.969803 -4.132987 -4.286048 -4.035721 -4.248584 -4.483050 -4.052896 -5.324090 -5.589228 -5.056488
43.320000 -3.608957 -4.753171 -5.183878 -4.419263 -4.065202 -4.243402 -3.982367 -4.142673 -4.293370 -4.047554 -4.256358 -4.491550 -4.055541 -5.327682 -5.594708 -5.058689
43.360000 -3.626168 -4.825313 -5.257199 -4.470346 -4.086072 -4.294689 -3.991992 -4.152800 -4.301066 -4.053404 -4.264613 -4.500104 -4.059563 -5.331388 -5.601702 -5.061196
43.400000 -3.644090 -4.911874 -5.345510 -4.530672 -4.107996 -4.328174 -4.005216 -4.163168 -4.309347 -4.052688 -4.273028 -4.508830 -4.063718 -5.335126 -5.608813 -5.063718
43.440000 -3.662152 -4.982266 -5.414104 -4.586357 -4.138180 -4.371171 -4.033353 -4.168895 -4.315941 -4.055899 -4.282330 -4.517520 -4.072218 -5.339113 -5.615825 -5.066955
43.480000 -3.680998 -5.066317 -5.495636 -4.649469 -4.170619 -4.423509 -4.062423 -4.174698 -4.321992 -4.061396 -4.291835 -4.526114 -4.085653 -5.343136 -5.622282 -5.070216
43.520000 -3.700387 -5.150708 -5.576588 -4.706689 -4.208608 -4.459457 -4.091328 -4.178313 -4.323505 -4.065674 -4.301916 -4.534809 -4.100189 -5.347339 -5.628178 -5.073915
43.560000 -3.720354 -5.231440 -5.652770 -4.762794 -4.253488 -4.495341 -4.128659 -4.179687 -4.321729 -4.077162 -4.312609 -4.543606 -4.115648 -5.351724 -5.634102 -5.078062
43.600000 -3.741285 -5.330686 -5.745256 -4.832313 -4.303547 -4.563489 -4.154100 -4.181065 -4.319878 -4.087241 -4.323571 -4.553493 -4.133336 -5.356154 -5.640108 -5.082250
43.640000 -3.762136 -5.407087 -5.816442 -4.896514 -4.352977 -4.629208 -4.187065 -4.187091 -4.321924 -4.100104 -4.335528 -4.565122 -4.152209 -5.360987 -5.646108 -5.087453
43.680000 -3.784039 -5.499860 -5.901657 -4.965877 -4.408765 -4.705146 -4.225029 -4.193203 -4.320131 -4.108188 -4.347824 -4.577077 -4.173270 -5.365874 -5.652192 -5.092721
43.720000 -3.806354 -5.592460 -5.996920 -5.038219 -4.466356 -4.779385 -4.262043 -4.202082 -4.322245 -4.110183 -4.360789 -4.589453 -4.191431 -5.371034 -5.658329 -5.098594
43.760000 -3.829084 -5.678946 -6.085924 -5.114431 -4.525392 -4.853302 -4.302097 -4.213900 -4.330362 -4.116508 -4.374474 -4.602576 -4.203838 -5.376475 -5.664411 -5.105099
43.800000 -3.853070 -5.787047 -6.198008 -5.207819 -4.593734 -4.943994 -4.353182 -4.226048 -4.338300 -4.134921 -4.388605 -4.616576 -4.222391 -5.381986 -5.670424 -5.111702
43.840000 -3.876648 -5.867549 -6.279899 -5.281093 -4.654395 -5.014540 -4.400120 -4.242194 -4.351392 -4.151670 -4.403700 -4.631095 -4.238901 -5.388098 -5.676499 -5.118888
43.880000 -3.901579 -5.966449 -6.380912 -5.366653 -4.724927 -5.098811 -4.451743 -4.258963 -4.366791 -4.168309 -4.419339 -4.642468 -4.253218 -5.394297 -5.682660 -5.122412
43.920000 -3.926997 -6.064853 -6.481288 -5.449350 -4.796614 -5.181186 -4.502890 -4.278048 -4.374891 -4.187180 -4.435702 -4.651712 -4.270296 -5.400895 -5.688915 -5.126384
43.960000 -3.952898 -6.155210 -6.572831 -5.526565 -4.867686 -5.253382 -4.546302 -4.299738 -4.390982 -4.197972 -4.452852 -4.661317 -4.293206 -5.407909 -5.695267 -5.130821
44.000000 -3.980443 -6.269442 -6.688779 -5.626441 -4.952709 -5.342026 -4.593866 -4.322568 -4.418562 -4.208117 -4.470707 -4.671143 -4.307174 -5.415039 -5.701714 -5.139773
44.040000 -4.007274 -6.352983 -6.772043 -5.707251 -5.022558 -5.416444 -4.641266 -4.348635 -4.445406 -4.222838 -4.489315 -4.681541 -4.318866 -5.422991 -5.709056 -5.152208
44.080000 -4.035872 -6.456516 -6.875161 -5.806615 -5.105836 -5.506291 -4.691142 -4.376366 -4.476805 -4.238076 -4.508756 -4.692196 -4.332942 -5.431092 -5.718547 -5.164356
44.120000 -4.064959 -6.559853 -6.978380 -5.910461 -5.189318 -5.594788 -4.752873 -4.406062 -4.506092 -4.255819 -4.528914 -4.702781 -4.357546 -5.439727 -5.728228 -5.177352
44.160000 -4.094500 -6.654457 -7.073478 -6.014882 -5.269045 -5.676333 -4.808347 -4.438016 -4.545252 -4.276363 -4.549850 -4.713625 -4.381464 -5.448927 -5.738104 -5.192011
44.200000 -4.126197 -6.775579 -7.195422 -6.150465 -5.366774 -5.773559 -4.869305 -4.472509 -4.588295 -4.298481 -4.571846 -4.730367 -4.407185 -5.458326 -5.748215 -5.207329
44.240000 -4.156763 -6.863930 -7.284389 -6.249017 -5.442395 -5.845552 -4.930599 -4.508075 -4.628472 -4.329981 -4.594163 -4.747387 -4.425723 -5.468734 -5.756291 -5.219854
44.280000 -4.189644 -6.974968 -7.395693 -6.366557 -5.534019 -5.931899 -5.008652 -4.546816 -4.666653 -4.359760 -4.617689 -4.765107 -4.442275 -5.479398 -5.764425 -5.227265
44.320000 -4.223134 -7.089703 -7.511401 -6.493125 -5.625255 -6.017169 -5.087070 -4.587505 -4.718901 -4.386018 -4.641828 -4.781216 -4.458859 -5.490716 -5.772782 -5.235620
44.360000 -4.257166 -7.200578 -7.624504 -6.621439 -5.710257 -6.096107 -5.162225 -4.630364 -4.766167 -4.414833 -4.666610 -4.795113 -4.476780 -5.502733 -5.781374 -5.244971
44.400000 -4.294093 -7.349840 -7.814290 -6.782079 -5.816047 -6.192652 -5.248062 -4.677919 -4.827289 -4.444409 -4.692892 -4.804259 -4.495498 -5.515093 -5.789470 -5.256071
44.440000 -4.328671 -7.463418 -7.952769 -6.900279 -5.894163 -6.265469 -5.308997 -4.728502 -4.887101 -4.485482 -4.713420 -4.809099 -4.514352 -5.528507 -5.797764 -5.272088
44.480000 -4.366242 -7.617645 -8.153873 -7.063198 -5.989480 -6.353004 -5.379898 -4.785763 -4.952942 -4.537534 -4.734967 -4.817843 -4.520144 -5.542349 -5.806219 -5.288735
44.520000 -4.404067 -7.782391 -8.422312 -7.255185 -6.084164 -6.439478 -5.451693 -4.849486 -5.027638 -4.581435 -4.754028 -4.836084 -4.549385 -5.556906 -5.814983 -5.306441
44.560000 -4.441894 -7.937051 -8.629322 -7.430734 -6.171416 -6.519424 -5.522432 -4.921536 -5.108047 -4.636123 -4.770216 -4.846068 -4.570534 -5.572234 -5.826342 -5.326589
44.600000 -4.483334 -8.179487 -9.017902 -7.695580 -6.280721 -6.617483 -5.606978 -5.007964 -5.208828 -4.700259 -4.787031 -4.856599 -4.587977 -5.588123 -5.838967 -5.347842
44.640000 -4.521648 -8.329296 -9.184177 -7.835315 -6.361133 -6.691671 -5.676154 -5.078773 -5.274403 -4.746673 -4.811223 -4.876899 -4.602169 -5.604887 -5.848403 -5.369432
44.680000 -4.563672 -8.559857 -9.455429 -8.058241 -6.459895 -6.781198 -5.758477 -5.163420 -5.363903 -4.811139 -4.836842 -4.887613 -4.622949 -5.622323 -5.862974 -5.386563
44.720000 -4.605957 -8.821432 -9.780303 -8.348117 -6.557864 -6.869859 -5.841027 -5.248193 -5.449644 -4.890482 -4.865389 -4.899951 -4.658187 -5.640461 -5.880024 -5.407119
44.760000 -4.648128 -9.024444 -10.005680 -8.572254 -6.647317 -6.951925 -5.920047 -5.328866 -5.527437 -4.948054 -4.897368 -4.938553 -4.695647 -5.659359 -5.897553 -5.433267
44.800000 -4.694838 -9.417982 -10.628816 -8.993518 -6.760106 -7.053198 -6.022548 -5.428022 -5.623295 -5.022855 -4.931889 -4.976308 -4.733508 -5.679118 -5.915864 -5.464712
44.840000 -4.736673 -9.601625 -10.833968 -9.182084 -6.842539 -7.128961 -6.100854 -5.504229 -5.696072 -5.080043 -4.968451 -5.020035 -4.761161 -5.699334 -5.934470 -5.495393
44.880000 -4.782972 -9.926134 -11.231794 -9.530335 -6.944372 -7.220794 -6.197709 -5.596714 -5.783561 -5.158844 -5.008377 -5.068663 -4.790162 -5.720538 -5.958255 -5.522824
44.920000 -4.829311 -10.366650 -11.877179 -10.031845 -7.045568 -7.314271 -6.294986 -5.688784 -5.870111 -5.238072 -5.049961 -5.103808 -4.827330 -5.742351 -5.975170 -5.547740
44.960000 -4.875088 -10.627194 -12.158849 -10.289129 -7.137729 -7.400908 -6.388797 -5.774398 -5.949935 -5.314562 -5.093316 -5.156455 -4.869125 -5.764813 -5.996065 -5.576127
45.000000 -4.926264 -11.376724 -13.184468 -11.000353 -7.254866 -7.509324 -6.509054 -5.881140 -6.050721 -5.406717 -5.141484 -5.203766 -4.910472 -5.788500 -6.018023 -5.608004
45.040000 -4.971301 -11.580273 -13.403157 -11.210808 -7.338999 -7.590688 -6.597351 -5.959980 -6.127760 -5.480122 -5.187205 -5.248382 -4.947595 -5.812029 -6.038955 -5.638237
45.080000 -5.021554 -11.975939 -13.864819 -11.635061 -7.443445 -7.689532 -6.708329 -6.056379 -6.214881 -5.568509 -5.238311 -5.290041 -4.990480 -5.836906 -6.060508 -5.670734
45.120000 -5.071724 -12.661556 -15.071625 -12.406010 -7.547904 -7.789756 -6.816332 -6.152049 -6.304250 -5.656578 -5.290397 -5.332917 -5.039643 -5.862272 -6.082362 -5.700958
45.160000 -5.120977 -12.951969 -15.367323 -12.694437 -7.643748 -7.886556 -6.903085 -6.239879 -6.393784 -5.738959 -5.342987 -5.383450 -5.096950 -5.888128 -6.104503 -5.728224
45.200000 -5.176539 -14.268019 -17.373240 -13.993424 -7.766914 -8.011353 -7.027543 -6.350093 -6.500403 -5.839261 -5.402835 -5.441547 -5.162974 -5.915621 -6.127835 -5.755885
45.240000 -5.224818 -14.487452 -17.594732 -14.214491 -7.856600 -8.111622 -7.140528 -6.430381 -6.578444 -5.909118 -5.455549 -5.501955 -5.219084 -5.942230 -6.148057 -5.771268
45.280000 -5.279142 -14.952696 -18.070077 -14.679542 -7.969759 -8.243185 -7.288660 -6.528956 -6.673381 -5.997165 -5.515557 -5.569260 -5.276316 -5.970577 -6.169267 -5.799140
45.320000 -5.333174 -16.441801 -20.518041 -16.042480 -8.086457 -8.385268 -7.420972 -6.626353 -6.772112 -6.085977 -5.576252 -5.630708 -5.338044 -5.998947 -6.198883 -5.831706
45.360000 -5.385772 -16.739477 -20.818367 -16.342186 -8.198350 -8.522806 -7.565873 -6.714633 -6.861723 -6.167566 -5.636526 -5.699862 -5.397534 -6.027211 -6.227425 -5.852391
45.400000 -5.445630 -18.552281 -24.026082 -18.743507 -8.349469 -8.751669 -7.717634 -6.825560 -6.974985 -6.268132 -5.706533 -5.769799 -5.476312 -6.057444 -6.245618 -5.870940
45.440000 -5.496345 -18.774110 -24.247925 -18.965125 -8.464156 -8.880489 -7.820587 -6.905802 -7.056658 -6.343565 -5.770118 -5.836022 -5.535258 -6.077858 -6.256572 -5.885826
45.480000 -5.553774 -19.251133 -24.725016 -19.441090 -8.620442 -9.069585 -7.974942 -7.004307 -7.156869 -6.434931 -5.844634 -5.913764 -5.600032 -6.099279 -6.269711 -5.898471
45.520000 -5.610728 -22.816744 -28.768614 -21.715626 -8.786812 -9.316970 -8.174287 -7.101904 -7.249944 -6.525488 -5.923867 -5.990770 -5.675617 -6.116629 -6.287670 -5.918385
45.560000 -5.665784 -23.117484 -29.069643 -22.016406 -8.940648 -9.487530 -8.352612 -7.190852 -7.335332 -6.609155 -6.007748 -6.062784 -5.747993 -6.129360 -6.302166 -5.946602
45.600000 -5.728847 -25.992619 -34.352376 -25.850013 -9.181032 -9.839660 -8.657401 -7.302838 -7.441723 -6.710373 -6.111806 -6.155286 -5.834855 -6.142477 -6.317162 -5.976781
45.640000 -5.781963 -26.214452 -34.574225 -26.071850 -9.329434 -10.013241 -8.811847 -7.383644 -7.519771 -6.786129 -6.190115 -6.228872 -5.903567 -6.169371 -6.334022 -6.014003
45.680000 -5.842494 -26.691496 -35.051346 -26.548904 -9.556636 -10.306837 -9.071834 -7.483002 -7.614801 -6.878145 -6.285719 -6.323423 -5.985232 -6.198041 -6.349572 -6.055072
45.720000 -5.902558 -30.359988 -41.621628 -31.191123 -9.815832 -10.696695 -9.338306 -7.581676 -7.709197 -6.970694 -6.380628 -6.411442 -6.068600 -6.230946 -6.388823 -6.099006
45.760000 -5.960502 -30.661018 -41.922658 -31.492153 -10.026419 -10.910180 -9.537205 -7.671873 -7.800650 -7.058305 -6.467933 -6.494711 -6.153689 -6.268962 -6.434322 -6.144608
45.800000 -6.027386 -38.508629 -50.222143 -37.794629 -10.451231 -11.479191 -10.017848 -7.785849 -7.907674 -7.168221 -6.577321 -6.597848 -6.265928 -6.310626 -6.480187 -6.192068
45.840000 -6.082982 -38.730478 -50.443992 -38.016477 -10.633830 -11.682079 -10.201997 -7.868533 -7.986251 -7.249787 -6.657199 -6.673993 -6.346711 -6.353642 -6.522159 -6.241039
45.880000 -6.146755 -39.207599 -50.921113 -38.493599 -10.954991 -12.066988 -10.528144 -7.970751 -8.081873 -7.350324 -6.755156 -6.766410 -6.431266 -6.401392 -6.566937 -6.290371
45.920000 -6.210196 -44.989912 nan -45.361151 -11.385744 -12.706688 -10.958713 -8.072226 -8.174751 -7.451103 -6.852173 -6.865290 -6.515646 -6.450973 -6.613416 -6.348317
45.960000 -6.271439 -45.290942 nan -45.662181 -11.637846 -12.991673 -11.220889 -8.164384 -8.259739 -7.544643 -6.940627 -6.955202 -6.602075 -6.502366 -6.664277 -6.409093
46.000000 -6.342759 -130.012439 nan -102.589888 -12.309275 -14.118838 -11.959128 -8.281516 -8.365557 -7.662615 -7.051827 -7.068806 -6.712136 -6.560668 -6.717290 -6.476548
46.040000 -6.401747 -130.234288 nan -102.811737 -12.520877 -14.337403 -12.169385 -8.366238 -8.443318 -7.751959 -7.132445 -7.143982 -6.788558 -6.613626 -6.773327 -6.534247
46.080000 -6.470025 -130.711409 nan -103.288858 -12.950106 -14.793139 -12.595674 -8.471595 -8.541094 -7.862083 -7.231520 -7.230959 -6.880680 -6.673950 -6.844532 -6.596642
46.120000 -6.537961 -inf nan nan -13.849554 -16.045890 -13.418682 -8.576787 -8.639219 -7.972802 -7.329549 -7.318502 -6.973594 -6.734944 -6.909280 -6.663934
46.160000 -6.603246 -inf nan nan -14.137738 -16.342721 -13.707039 -8.672792 -8.735509 -8.066454 -7.418561 -7.405288 -7.062505 -6.795469 -6.967431 -6.727058
46.200000 -6.680111 -inf nan nan -15.372123 -18.215371 -14.965197 -8.796228 -8.882489 -8.184908 -7.530647 -7.513590 -7.170286 -6.865816 -7.042522 -6.802737
46.240000 -6.742564 -inf nan nan -15.589709 -18.436341 -15.183404 -8.885684 -8.999420 -8.278369 -7.611358 -7.588209 -7.249408 -6.926085 -7.111390 -6.864352
46.280000 -6.815532 -inf nan nan -16.046122 -18.909091 -15.642777 -8.998478 -9.126179 -8.399443 -7.710573 -7.681708 -7.345340 -6.996087 -7.193277 -6.935441
46.320000 -6.888223 -inf nan nan -17.298730 -21.387595 -17.164605 -9.114979 -9.267974 -8.526747 -7.808646 -7.781830 -7.426531 -7.066455 -7.273574 -7.004252
46.360000 -6.957842 -inf nan nan -17.598943 -21.688403 -17.463103 -9.227109 -9.415799 -8.653605 -7.897503 -7.872119 -7.511267 -7.135058 -7.343725 -7.076463
46.400000 -7.040791 -inf nan nan -20.023964 -25.218333 -19.740527 -9.378664 -9.598041 -8.846154 -8.009344 -7.985074 -7.610699 -7.216568 -7.422505 -7.162400
46.440000 -7.107119 -inf nan nan -20.245678 -25.440171 -19.962271 -9.493061 -9.722255 -8.962255 -8.089678 -8.062424 -7.682434 -7.285011 -7.489999 -7.230725
46.480000 -7.185436 -inf nan nan -20.722130 -25.917242 -20.438869 -9.648808 -9.913075 -9.125540 -8.188323 -8.154720 -7.767581 -7.366295 -7.574941 -7.311186
46.520000 -7.263429 -inf nan nan -23.455010 -29.710396 -23.015179 -9.814971 -10.123440 -9.290252 -8.285939 -8.250559 -7.859337 -7.449119 -7.660577 -7.398057
46.560000 -7.337578 -inf nan nan -23.755843 -30.011426 -23.316072 -9.969745 -10.311008 -9.442587 -8.374669 -8.340632 -7.944785 -7.530641 -7.739731 -7.480755
46.600000 -7.427048 -inf nan nan -26.796980 -36.234527 -26.986512 -10.212464 -10.655935 -9.695922 -8.486308 -8.454746 -8.058155 -7.631085 -7.836601 -7.575853
46.640000 -7.497273 -inf nan nan -27.018828 -36.456376 -27.208359 -10.362467 -10.830490 -9.849565 -8.567568 -8.537396 -8.135248 -7.707510 -7.909721 -7.644393
46.680000 -7.581084 -inf nan nan -27.495944 -36.933497 -27.685474 -10.593494 -11.126942 -10.082949 -8.667614 -8.640720 -8.228969 -7.800317 -7.997721 -7.730345
46.720000 -7.664419 -inf nan nan -32.337546 -43.800392 -32.475205 -10.857587 -11.465682 -10.322699 -8.767091 -8.746861 -8.325320 -7.892587 -8.087788 -7.820976
46.760000 -7.742823 -inf nan nan -32.638575 -44.101422 -32.776235 -11.067903 -11.700455 -10.515512 -8.858112 -8.843104 -8.413980 -7.978130 -8.165337 -7.900675
46.800000 -7.838570 -inf nan nan -39.127295 -53.487186 -38.790917 -11.491553 -12.325033 -10.892778 -8.973409 -8.964718 -8.525677 -8.084761 -8.259970 -8.001869
46.840000 -7.912075 -inf nan nan -39.349144 -53.709035 -39.012765 -11.673688 -12.525796 -11.073021 -9.056827 -9.053427 -8.611148 -8.163637 -8.332889 -8.082192
46.880000 -8.000607 -inf nan nan -39.826265 -54.186156 -39.489887 -11.993372 -12.922574 -11.390435 -9.160171 -9.165031 -8.711594 -8.260090 -8.423269 -8.180872
46.920000 -8.088602 -inf nan nan -45.870291 nan -47.287877 -12.422153 -13.595193 -11.840232 -9.263088 -9.276769 -8.808316 -8.355750 -8.517233 -8.280302
46.960000 -8.170727 -inf nan nan -46.171321 nan -47.588907 -12.680530 -13.874537 -12.105007 -9.356926 -9.377955 -8.895025 -8.443450 -8.603485 -8.362504
47.000000 -8.272091 -inf nan nan -157.900519 nan -144.764678 -13.408485 -15.045167 -12.914675 -9.476793 -9.503649 -9.005340 -8.553459 -8.710650 -8.456606
47.040000 -8.348312 -inf nan nan -158.122367 nan -144.986527 -13.619761 -15.261826 -13.124023 -9.562969 -9.592390 -9.088498 -8.633670 -8.789555 -8.526850
47.080000 -8.440820 -inf nan nan -158.599489 nan -145.463648 -14.047563 -15.713899 -13.543534 -9.670587 -9.703559 -9.191458 -8.732130 -8.885337 -8.611227
47.120000 -8.532660 -inf nan nan -inf nan nan -14.934534 -16.979473 -14.368839 -9.778165 -9.815896 -9.299118 -8.829574 -8.978499 -8.696396
47.160000 -8.617620 -inf nan nan -inf nan nan -15.220655 -17.278717 -14.661934 -9.876122 -9.917393 -9.415834 -8.918204 -9.056885 -8.779227
47.200000 -8.723346 -inf nan nan -inf nan nan -16.391383 -19.325152 -16.072990 -10.002813 -10.058079 -9.569142 -9.029685 -9.156699 -8.884147
47.240000 -8.801780 -inf nan nan -inf nan nan -16.610806 -19.546746 -16.293314 -10.094248 -10.155752 -9.673222 -9.110251 -9.231635 -8.958499
47.280000 -8.897571 -inf nan nan -inf nan nan -17.075998 -20.022597 -16.762890 -10.210213 -10.271786 -9.798438 -9.209247 -9.327123 -9.052673
47.320000 -8.992621 -inf nan nan -inf nan nan -18.563824 -22.499215 -18.356632 -10.329884 -10.428543 -9.914542 -9.307027 -9.420535 -9.144118
47.360000 -9.079951 -inf nan nan -inf nan nan -18.864235 -22.800196 -18.656896 -10.444156 -10.588240 -10.041976 -9.395522 -9.511979 -9.226955
47.400000 -9.189377 -inf nan nan -inf nan nan -21.409692 -26.356077 -20.942808 -10.599670 -10.824120 -10.221602 -9.506787 -9.627369 -9.329411
47.440000 -9.269587 -inf nan nan -inf nan nan -21.631216 -26.577921 -21.164362 -10.715489 -10.970613 -10.344703 -9.586530 -9.705962 -9.405162
47.480000 -9.368045 -inf nan nan -inf nan nan -22.106721 -27.055021 -21.640014 -10.873896 -11.210495 -10.521482 -9.684284 -9.798216 -9.493360
47.520000 -9.465809 -inf nan nan -inf nan nan -24.457581 -31.011981 -24.320184 -11.043055 -11.427166 -10.693032 -9.781177 -9.897066 -9.577625
47.560000 -9.555300 -inf nan nan -inf nan nan -24.758551 -31.313010 -24.621166 -11.199655 -11.614513 -10.846103 -9.869687 -9.986482 -9.657888
47.600000 -9.668148 -inf nan nan -inf nan nan -28.316452 -36.754456 -28.498267 -11.446966 -11.953184 -11.136062 -9.980976 -10.101281 -9.767025
47.640000 -9.750032 -inf nan nan -inf nan nan -28.538300 -36.976304 -28.720116 -11.597420 -12.122644 -11.293181 -10.062764 -10.185552 -9.847595
47.680000 -9.851028 -inf nan nan -inf nan nan -29.015419 -37.453426 -29.197235 -11.829535 -12.425675 -11.547416 -10.163613 -10.294337 -9.943465
47.720000 -9.951361 -inf nan nan -inf nan nan -34.172872 -45.258886 -33.987052 -12.094817 -12.834137 -11.851318 -10.264198 -10.399057 -10.038107
47.760000 -10.042835 -inf nan nan -inf nan nan -34.473902 -45.559916 -34.288082 -12.304198 -13.089645 -12.072698 -10.356640 -10.494074 -10.127243
47.800000 -10.158861 -inf nan nan -inf nan nan -40.319531 -92.221567 -40.416796 -12.723845 -13.722776 -12.498788 -10.474234 -10.618152 -10.239804
47.840000 -10.242597 -inf nan nan -inf nan nan -40.541380 -92.443415 -40.638644 -12.909372 -13.926769 -12.687107 -10.560022 -10.706297 -10.323985
47.880000 -10.346430 -inf nan nan -inf nan nan -41.018501 -92.920537 -41.115766 -13.240003 -14.324917 -13.027125 -10.667035 -10.826069 -10.428504
47.920000 -10.449800 -inf nan nan -inf nan nan -47.774564 nan -48.830979 -13.695272 -15.054458 -13.507907 -10.774243 -10.943010 -10.533512
47.960000 -10.543897 -inf nan nan -inf nan nan -48.075594 nan -49.132009 -13.955171 -15.335480 -13.770094 -10.872424 -11.046389 -10.630707
48.000000 -10.664188 -inf nan nan -inf nan nan -192.840377 nan -180.865914 -14.698161 -16.525159 -14.495314 -10.999488 -11.181594 -10.756246
48.040000 -10.750437 -inf nan nan -inf nan nan -193.062226 nan -181.087763 -14.906819 -16.745451 -14.703110 -11.090120 -11.278266 -10.849473
48.080000 -10.858169 -inf nan nan -inf nan nan -193.539347 nan -181.564884 -15.323399 -17.214870 -15.116095 -11.204794 -11.402814 -10.969118
48.120000 -10.965803 -inf nan nan -inf nan nan -inf nan nan -16.127805 -18.603138 -15.897425 -11.320491 -11.530201 -11.091252
48.160000 -11.063678 -inf nan nan -inf nan nan -inf nan nan -16.418650 -18.902632 -16.185281 -11.426219 -11.647323 -11.204224
48.200000 -11.190231 -inf nan nan -inf nan nan -inf nan nan -17.752528 -20.892553 -17.612831 -11.566264 -11.805510 -11.356117
48.240000 -11.280123 -inf nan nan -inf nan nan -inf nan nan -17.972441 -21.114219 -17.833117 -11.665579 -11.926296 -11.465967
48.280000 -11.393611 -inf nan nan -inf nan nan -inf nan nan -18.440007 -21.590433 -18.302506 -11.794557 -12.078522 -11.613368
48.320000 -11.507513 -inf nan nan -inf nan nan -inf nan nan -20.022855 -24.191254 -19.969076 -11.928034 -12.232606 -11.753203
48.360000 -11.610743 -inf nan nan -inf nan nan -inf nan nan -20.322407 -24.492203 -20.268850 -12.052625 -12.377890 -11.878506
48.400000 -11.746423 -inf nan nan -inf nan nan -inf nan nan -22.490322 -27.919355 -22.591247 -12.228023 -12.607968 -12.058357
48.440000 -11.841317 -inf nan nan -inf nan nan -inf nan nan -22.711992 -28.141200 -22.813036 -12.350680 -12.749759 -12.184071
48.480000 -11.962916 -inf nan nan -inf nan nan -inf nan nan -23.188221 -28.618300 -23.289858 -12.522245 -12.947817 -12.363367
48.520000 -12.085543 -inf nan nan -inf nan nan -inf nan nan -25.796774 -32.867777 -26.105694 -12.706406 -13.205514 -12.566569
48.560000 -12.195667 -inf nan nan -inf nan nan -inf nan nan -26.097783 -33.168807 -26.406702 -12.871329 -13.413229 -12.741518
48.600000 -12.343563 -inf nan nan -inf nan nan -inf nan nan -30.099005 -38.766523 -30.345071 -13.140479 -13.791721 -13.042335
48.640000 -12.444130 -inf nan nan -inf nan nan -inf nan nan -30.320851 -38.988371 -30.566918 -13.294066 -13.968969 -13.206051
48.680000 -12.575234 -inf nan nan -inf nan nan -inf nan nan -30.797960 -39.465493 -31.044032 -13.533834 -14.277807 -13.471984
48.720000 -12.708207 -inf nan nan -inf nan nan -inf nan nan -35.253555 -46.646964 -35.632188 -13.810032 -14.672666 -13.757333
48.760000 -12.826151 -inf nan nan -inf nan nan -inf nan nan -35.554584 -46.947994 -35.933218 -14.021768 -14.918412 -13.963156
48.800000 -12.988583 -inf nan nan -inf nan nan -inf nan nan -41.490089 -114.428116 -42.247370 -14.451581 -15.595450 -14.367980
48.840000 -13.095674 -inf nan nan -inf nan nan -inf nan nan -41.711938 -114.649965 -42.469219 -14.640279 -15.802797 -14.550646
48.880000 -13.238131 -inf nan nan -inf nan nan -inf nan nan -42.189059 -115.127086 -42.946340 -14.981485 -16.213900 -14.883007
48.920000 -13.383737 -inf nan nan -inf nan nan -inf nan nan -49.921913 nan -51.106330 -15.465256 -16.981097 -15.369463
48.960000 -13.510873 -inf nan nan -inf nan nan -inf nan nan -50.222943 nan -51.407360 -15.729479 -17.269913 -15.631180
49.000000 -13.691393 -inf nan nan -inf nan nan -inf nan nan -225.490181 nan -237.574099 -16.518574 -18.488164 -16.414580
49.040000 -13.806319 -inf nan nan -inf nan nan -inf nan nan -225.712030 nan -237.795948 -16.726222 -18.708353 -16.628872
49.080000 -13.963053 -inf nan nan -inf nan nan -inf nan nan -226.189151 nan -238.273069 -17.138567 -19.177279 -17.069602
49.120000 -14.124963 -inf nan nan -inf nan nan -inf nan nan -inf nan nan -17.915741 -20.776468 -17.893947
49.160000 -14.263223 -inf nan nan -inf nan nan -inf nan nan -inf nan nan -18.206923 -21.073704 -18.185347
49.200000 -14.467248 -inf nan nan -inf nan nan -inf nan nan -inf nan nan -19.555236 -23.104544 -19.543298
49.240000 -14.591095 -inf nan nan -inf nan nan -inf nan nan -inf nan nan -19.775950 -23.326187 -19.764468
49.280000 -14.765011 -inf nan nan -inf nan nan -inf nan nan -inf nan nan -20.247442 -23.802281 -20.238207
49.320000 -14.948062 -inf nan nan -inf nan nan -inf nan nan -inf nan nan -22.058026 -26.313162 -22.113249
49.360000 -15.101587 -inf nan nan -inf nan nan -inf nan nan -inf nan nan -22.357242 -26.614171 -22.413535
49.400000 -15.341199 -inf nan nan -inf nan nan -inf nan nan -inf nan nan -24.436201 -30.413658 -24.639291
49.440000 -15.479838 -inf nan nan -inf nan nan -inf nan nan -inf nan nan -24.657868 -30.635490 -24.861009
49.480000 -15.684698 -inf nan nan -inf nan nan -inf nan nan -inf nan nan -25.134082 -31.112528 -25.337472
49.520000 -15.908704 -inf nan nan -inf nan nan -inf nan nan -inf nan nan -27.735286 -35.292028 -28.225816
49.560000 -16.089411 -inf nan nan -inf nan nan -inf nan nan -inf nan nan -28.036311 -35.593058 -28.526844
49.600000 -16.404590 -inf nan nan -inf nan nan -inf nan nan -inf nan nan -32.660881 -41.335941 -32.673012
