#Quasar bolometric luminosity function in different black hole mass bins from TRINITY PaperIII (Fig. 3, Zhang+2024, MNRAS, 529, 2777)
#z: 2.00
#log10(Lbol [erg/s])(0) log10(QLF_total [Mpc^-3 dex^-1])(1) log10(QLF(5<logMbh<6) [Mpc^-3 dex^-1])(2) log10(QLF(5<logMbh<6)_16th [Mpc^-3 dex^-1])(3) log10(QLF(5<logMbh<6)_84th [Mpc^-3 dex^-1])(4)
#log10(QLF(6<logMbh<7) [Mpc^-3 dex^-1])(5) log10(QLF(6<logMbh<7)_16th [Mpc^-3 dex^-1])(6) log10(QLF(6<logMbh<7)_84th [Mpc^-3 dex^-1])(7)
#log10(QLF(7<logMbh<8) [Mpc^-3 dex^-1])(8) log10(QLF(7<logMbh<8)_16th [Mpc^-3 dex^-1])(9) log10(QLF(7<logMbh<8)_84th [Mpc^-3 dex^-1])(10)
#log10(QLF(8<logMbh<9) [Mpc^-3 dex^-1])(11) log10(QLF(8<logMbh<9)_16th [Mpc^-3 dex^-1])(12) log10(QLF(8<logMbh<9)_84th [Mpc^-3 dex^-1])(13)
#log10(QLF(9<logMbh<10) [Mpc^-3 dex^-1])(14) log10(QLF(9<logMbh<10)_16th [Mpc^-3 dex^-1])(15) log10(QLF(9<logMbh<10)_84th [Mpc^-3 dex^-1])(16)
40.000000 -4.396318 -6.054756 -6.258226 -5.856731 -5.443035 -5.774860 -5.303311 -4.748796 -5.162872 -4.782470 -4.777854 -5.227400 -4.787686 -5.853364 -6.340967 -5.843043
40.040000 -4.387108 -6.045874 -6.246526 -5.846792 -5.434167 -5.760338 -5.292887 -4.739950 -5.148464 -4.773683 -4.769112 -5.215265 -4.779040 -5.844904 -6.326416 -5.835650
40.080000 -4.378088 -6.037170 -6.235134 -5.837078 -5.425477 -5.746615 -5.282708 -4.731280 -5.134521 -4.765070 -4.760542 -5.203460 -4.770888 -5.836606 -6.312338 -5.828865
40.120000 -4.369014 -6.028420 -6.223660 -5.827304 -5.416743 -5.734461 -5.272465 -4.722565 -5.121991 -4.756412 -4.751935 -5.191577 -4.764470 -5.828296 -6.297959 -5.821807
40.160000 -4.359892 -6.019629 -6.212119 -5.817480 -5.407971 -5.722509 -5.262170 -4.713812 -5.109553 -4.747716 -4.743294 -5.179413 -4.758032 -5.819979 -6.283442 -5.813013
40.200000 -4.350958 -6.011013 -6.200876 -5.808470 -5.399373 -5.710878 -5.252113 -4.705233 -5.097459 -4.739325 -4.734823 -5.167276 -4.750879 -5.811818 -6.269394 -5.803793
40.240000 -4.341726 -6.002133 -6.189181 -5.799481 -5.390514 -5.698761 -5.241701 -4.696402 -5.084846 -4.730092 -4.726109 -5.154623 -4.741282 -5.803489 -6.254699 -5.794295
40.280000 -4.332686 -5.993431 -6.177792 -5.790677 -5.381832 -5.686974 -5.231534 -4.687747 -5.073482 -4.720895 -4.717566 -5.142328 -4.731892 -5.795317 -6.240644 -5.785001
40.320000 -4.323547 -5.984682 -6.166320 -5.781825 -5.373106 -5.675100 -5.221304 -4.679049 -5.062889 -4.711649 -4.708987 -5.129943 -4.722453 -5.787136 -6.228145 -5.775602
40.360000 -4.314317 -5.975892 -6.154781 -5.772931 -5.364342 -5.663154 -5.211022 -4.670314 -5.052239 -4.702361 -4.700377 -5.117486 -4.712974 -5.778950 -6.214942 -5.766111
40.400000 -4.305280 -5.967277 -6.143539 -5.764219 -5.355751 -5.651528 -5.200979 -4.661752 -5.041844 -4.693268 -4.691934 -5.105377 -4.703698 -5.770916 -6.202944 -5.756823
40.440000 -4.295779 -5.958399 -6.131848 -5.755234 -5.346904 -5.639415 -5.190744 -4.652939 -5.031063 -4.683889 -4.683257 -5.092755 -4.694132 -5.762716 -6.190425 -5.747258
40.480000 -4.286481 -5.949699 -6.120462 -5.745967 -5.338234 -5.627631 -5.179303 -4.644301 -5.020543 -4.674708 -4.674750 -5.080491 -4.684953 -5.754669 -6.178171 -5.737899
40.520000 -4.276997 -5.940953 -6.108993 -5.736621 -5.329520 -5.615761 -5.167573 -4.635624 -5.009958 -4.665480 -4.666206 -5.068139 -4.675783 -5.746620 -6.165741 -5.728631
40.560000 -4.267344 -5.932165 -6.097456 -5.727231 -5.320768 -5.603818 -5.155778 -4.626915 -4.999319 -4.656212 -4.657632 -5.055637 -4.666595 -5.738572 -6.153238 -5.719718
40.600000 -4.257900 -5.923552 -6.086218 -5.718040 -5.312189 -5.592195 -5.144296 -4.618377 -4.988934 -4.647137 -4.649224 -5.043403 -4.658881 -5.730670 -6.141086 -5.710985
40.640000 -4.247714 -5.914676 -6.074530 -5.708552 -5.303359 -5.580092 -5.133489 -4.609594 -4.977455 -4.637783 -4.640585 -5.030649 -4.650970 -5.722627 -6.128411 -5.702001
40.680000 -4.237762 -5.905978 -6.063148 -5.699266 -5.294705 -5.568317 -5.124240 -4.600985 -4.965942 -4.628627 -4.632115 -5.018259 -4.643202 -5.714730 -6.116097 -5.693200
40.720000 -4.227390 -5.897235 -6.051684 -5.689929 -5.286008 -5.556453 -5.114947 -4.592338 -4.953645 -4.619425 -4.623613 -5.006771 -4.635002 -5.706830 -6.103685 -5.684657
40.760000 -4.216632 -5.888451 -6.040152 -5.680540 -5.277275 -5.544516 -5.105615 -4.583661 -4.939777 -4.610185 -4.615084 -4.995530 -4.625738 -5.698929 -6.091193 -5.676347
40.800000 -4.206133 -5.879842 -6.028959 -5.671237 -5.268713 -5.532897 -5.096480 -4.575153 -4.925972 -4.601138 -4.606719 -4.984353 -4.616913 -5.691169 -6.079051 -5.669153
40.840000 -4.194138 -5.870969 -6.017329 -5.661633 -5.259904 -5.518699 -5.087061 -4.566411 -4.911455 -4.591819 -4.598130 -4.969749 -4.607850 -5.683269 -6.066395 -5.662227
40.880000 -4.182465 -5.862274 -6.006002 -5.652237 -5.251271 -5.504211 -5.077841 -4.557842 -4.897406 -4.582695 -4.589708 -4.956072 -4.598974 -5.675511 -6.054098 -5.654609
40.920000 -4.170332 -5.853534 -5.994596 -5.642788 -5.242598 -5.489590 -5.068577 -4.549240 -4.883252 -4.573530 -4.581256 -4.943555 -4.590063 -5.667754 -6.041717 -5.647394
40.960000 -4.157786 -5.844755 -5.983125 -5.633294 -5.233892 -5.474862 -5.056662 -4.540611 -4.869015 -4.564332 -4.572780 -4.931060 -4.581123 -5.660001 -6.029268 -5.640177
41.000000 -4.145592 -5.836150 -5.971949 -5.624003 -5.225357 -5.460617 -5.044832 -4.532150 -4.855230 -4.555325 -4.564466 -4.918916 -4.572855 -5.652384 -6.017166 -5.633078
41.040000 -4.135035 -5.827283 -5.961602 -5.613495 -5.216579 -5.445650 -5.035445 -4.523464 -4.840788 -4.546054 -4.555942 -4.906272 -4.565029 -5.644632 -6.004543 -5.625857
41.080000 -4.124729 -5.818594 -5.952564 -5.601732 -5.207974 -5.431182 -5.026350 -4.514950 -4.827304 -4.536977 -4.547582 -4.893987 -4.557340 -5.637016 -5.992277 -5.618753
41.120000 -4.115600 -5.809859 -5.943443 -5.589888 -5.199335 -5.416584 -5.017217 -4.506409 -4.813794 -4.527865 -4.539198 -4.881624 -4.549627 -5.629398 -5.979926 -5.611273
41.160000 -4.107579 -5.801085 -5.932049 -5.579272 -5.190666 -5.401885 -5.006723 -4.497846 -4.800218 -4.518724 -4.530795 -4.869203 -4.541891 -5.621780 -5.967506 -5.600217
41.200000 -4.099704 -5.792485 -5.921267 -5.567697 -5.182166 -5.387667 -4.996248 -4.489449 -4.787305 -4.509772 -4.522551 -4.857126 -4.534290 -5.614294 -5.955432 -5.589382
41.240000 -4.092156 -5.783626 -5.911535 -5.551483 -5.173434 -5.372728 -4.986317 -4.480846 -4.774982 -4.500571 -4.514109 -4.844571 -4.526509 -5.606687 -5.942869 -5.579169
41.280000 -4.084737 -5.774945 -5.902016 -5.537372 -5.164874 -5.358286 -4.976645 -4.472409 -4.763002 -4.491562 -4.505828 -4.832318 -4.518865 -5.599210 -5.930660 -5.571634
41.320000 -4.077228 -5.766219 -5.889346 -5.523822 -5.156281 -5.343721 -4.966940 -4.463955 -4.750699 -4.482523 -4.497530 -4.818963 -4.511200 -5.591740 -5.919699 -5.565743
41.360000 -4.069636 -5.757453 -5.867837 -5.508387 -5.147662 -5.331259 -4.958609 -4.455486 -4.738151 -4.473463 -4.489220 -4.804954 -4.503518 -5.584279 -5.910129 -5.559911
41.400000 -4.062175 -5.748861 -5.853250 -5.493482 -5.139210 -5.319521 -4.950429 -4.447179 -4.725955 -4.464873 -4.481066 -4.791385 -4.495970 -5.576944 -5.900766 -5.554286
41.440000 -4.054337 -5.735975 -5.827947 -5.471814 -5.130540 -5.307310 -4.942135 -4.438688 -4.713283 -4.456086 -4.472734 -4.777202 -4.488254 -5.569494 -5.891190 -5.548588
41.480000 -4.046638 -5.723459 -5.804758 -5.452655 -5.122040 -5.295433 -4.932054 -4.430360 -4.700972 -4.447764 -4.464559 -4.763467 -4.480672 -5.562170 -5.881822 -5.542967
41.520000 -4.038832 -5.707769 -5.783553 -5.437893 -5.113513 -5.283481 -4.922175 -4.422025 -4.689089 -4.440884 -4.456376 -4.749612 -4.473075 -5.554854 -5.872452 -5.536421
41.560000 -4.030926 -5.689246 -5.760770 -5.423185 -5.104966 -5.271469 -4.912271 -4.413689 -4.679290 -4.434002 -4.448188 -4.735692 -4.465466 -5.547548 -5.863085 -5.527789
41.600000 -4.023162 -5.671482 -5.739124 -5.401514 -5.096583 -5.259781 -4.902587 -4.405509 -4.667899 -4.425054 -4.440152 -4.722205 -4.457987 -5.540363 -5.853918 -5.519088
41.640000 -4.015002 -5.650409 -5.714195 -5.376639 -5.087997 -5.247636 -4.892641 -4.397176 -4.655030 -4.413706 -4.431964 -4.708151 -4.450360 -5.533091 -5.844567 -5.510359
41.680000 -4.006992 -5.630311 -5.690624 -5.353603 -5.079577 -5.235821 -4.883381 -4.388999 -4.642536 -4.402650 -4.423927 -4.694538 -4.442864 -5.525940 -5.835416 -5.501803
41.720000 -3.998868 -5.609574 -5.663937 -5.329423 -5.071140 -5.223936 -4.874398 -4.380832 -4.630018 -4.393391 -4.415895 -4.680856 -4.435930 -5.518808 -5.826277 -5.493257
41.760000 -3.990640 -5.588326 -5.638685 -5.304343 -5.062690 -5.212041 -4.867354 -4.372677 -4.617811 -4.384605 -4.407868 -4.667125 -4.429519 -5.511696 -5.817156 -5.484720
41.800000 -3.982565 -5.568070 -5.615704 -5.280633 -5.054401 -5.200825 -4.861448 -4.364672 -4.605995 -4.376028 -4.399988 -4.653816 -4.423202 -5.504699 -5.808223 -5.476351
41.840000 -3.974126 -5.545001 -5.587022 -5.248400 -5.045929 -5.189201 -4.855448 -4.356557 -4.593793 -4.367710 -4.391986 -4.639978 -4.416810 -5.497641 -5.799141 -5.467836
41.880000 -3.965849 -5.523096 -5.560120 -5.217849 -5.037619 -5.177882 -4.848075 -4.348592 -4.581924 -4.359548 -4.384130 -4.626569 -4.409617 -5.490695 -5.790248 -5.459652
41.920000 -3.957475 -5.499760 -5.531606 -5.186646 -5.029303 -5.166508 -4.839162 -4.340656 -4.570032 -4.351404 -4.376294 -4.613117 -4.399838 -5.483783 -5.781380 -5.449874
41.960000 -3.949012 -5.475268 -5.500940 -5.151425 -5.020982 -5.155088 -4.828773 -4.332752 -4.558127 -4.343281 -4.368479 -4.599638 -4.390841 -5.476904 -5.772541 -5.439594
42.000000 -3.940711 -5.452084 -5.472035 -5.118847 -5.012818 -5.143835 -4.816696 -4.324988 -4.546841 -4.335306 -4.360803 -4.586565 -4.383595 -5.470134 -5.763879 -5.429551
42.040000 -3.932094 -5.425563 -5.437465 -5.081798 -5.004499 -5.131868 -4.804350 -4.317172 -4.535828 -4.327552 -4.353047 -4.574371 -4.376252 -5.463335 -5.755109 -5.419360
42.080000 -3.923644 -5.400569 -5.409224 -5.048336 -4.996335 -5.120221 -4.792348 -4.309494 -4.525089 -4.319985 -4.345428 -4.564987 -4.369032 -5.456640 -5.746574 -5.409403
42.120000 -3.915125 -5.374732 -5.378276 -5.014943 -4.988177 -5.108542 -4.780398 -4.301875 -4.514364 -4.312489 -4.337848 -4.555792 -4.360996 -5.449992 -5.738382 -5.399505
42.160000 -3.906545 -5.348272 -5.346499 -4.989156 -4.980026 -5.096841 -4.771733 -4.294312 -4.505399 -4.304347 -4.330309 -4.546628 -4.352739 -5.443388 -5.730238 -5.389667
42.200000 -3.898131 -5.323332 -5.316896 -4.968830 -4.972025 -5.085447 -4.764254 -4.286880 -4.497582 -4.296517 -4.322899 -4.537655 -4.344635 -5.436884 -5.722244 -5.380046
42.240000 -3.889460 -5.294437 -5.283772 -4.945858 -4.963903 -5.071205 -4.752936 -4.279466 -4.490206 -4.288663 -4.315466 -4.528574 -4.336457 -5.430397 -5.713683 -5.370756
42.280000 -3.880960 -5.267345 -5.254867 -4.924085 -4.955929 -5.057419 -4.743041 -4.272177 -4.481776 -4.280950 -4.308158 -4.519681 -4.328431 -5.424006 -5.703586 -5.362856
42.320000 -3.872439 -5.239186 -5.225258 -4.901563 -4.947974 -5.040815 -4.732859 -4.264982 -4.469654 -4.271256 -4.300915 -4.510843 -4.320458 -5.417682 -5.693327 -5.355022
42.360000 -3.863904 -5.210254 -5.195198 -4.878453 -4.940041 -5.031001 -4.723121 -4.257878 -4.457633 -4.261175 -4.293735 -4.502059 -4.312281 -5.411424 -5.683116 -5.347427
42.400000 -3.855534 -5.183130 -5.168840 -4.858150 -4.932249 -5.017122 -4.714181 -4.250888 -4.445935 -4.251348 -4.286672 -4.493453 -4.304330 -5.405254 -5.673140 -5.339186
42.440000 -3.846972 -5.156670 -5.149337 -4.838353 -4.921896 -4.994879 -4.700145 -4.244011 -4.434172 -4.242053 -4.279656 -4.484811 -4.296659 -5.399140 -5.663062 -5.330415
42.480000 -3.838576 -5.131730 -5.130675 -4.819447 -4.911784 -4.984155 -4.682672 -4.237242 -4.422871 -4.234824 -4.272751 -4.476339 -4.288705 -5.393111 -5.653139 -5.321819
42.520000 -3.830184 -5.110237 -5.112309 -4.803922 -4.898913 -4.969513 -4.663430 -4.230608 -4.413355 -4.227226 -4.265945 -4.467953 -4.280338 -5.387166 -5.643176 -5.313159
42.560000 -3.821798 -5.091764 -5.094234 -4.791430 -4.883527 -4.952529 -4.643427 -4.224106 -4.403940 -4.219748 -4.259235 -4.459653 -4.273923 -5.381303 -5.633281 -5.304500
42.600000 -3.813572 -5.074045 -5.076881 -4.777986 -4.868667 -4.930115 -4.624305 -4.217699 -4.394724 -4.212395 -4.252627 -4.451304 -4.266384 -5.375518 -5.623608 -5.296009
42.640000 -3.805305 -5.057699 -5.059912 -4.760632 -4.850504 -4.903303 -4.602658 -4.211518 -4.385568 -4.205213 -4.246149 -4.441417 -4.258924 -5.369857 -5.613888 -5.287589
42.680000 -3.797192 -5.041947 -5.044003 -4.743972 -4.833071 -4.879660 -4.582038 -4.205423 -4.376601 -4.196960 -4.239767 -4.431751 -4.251590 -5.364268 -5.604381 -5.280830
42.720000 -3.789122 -5.026353 -5.028020 -4.728690 -4.814453 -4.854553 -4.560697 -4.199516 -4.367791 -4.188125 -4.233524 -4.425785 -4.242630 -5.358792 -5.595362 -5.274700
42.760000 -3.781094 -5.010922 -5.011698 -4.717810 -4.794826 -4.828396 -4.538782 -4.193789 -4.359133 -4.182590 -4.227413 -4.420174 -4.233935 -5.353424 -5.585555 -5.268715
42.800000 -3.773211 -4.996020 -4.992952 -4.702350 -4.776047 -4.805612 -4.511895 -4.188137 -4.350644 -4.175043 -4.221388 -4.414474 -4.224964 -5.348122 -5.576036 -5.262811
42.840000 -3.765249 -4.981135 -4.974587 -4.687739 -4.754335 -4.780792 -4.487544 -4.182834 -4.342358 -4.167769 -4.215601 -4.407404 -4.216266 -5.343001 -5.566516 -5.257164
42.880000 -3.757430 -4.966743 -4.958052 -4.673604 -4.733657 -4.757320 -4.468965 -4.177596 -4.334227 -4.161792 -4.209890 -4.400447 -4.207739 -5.337940 -5.557201 -5.251589
42.920000 -3.749708 -4.952762 -4.943690 -4.660410 -4.712235 -4.733021 -4.448743 -4.172599 -4.326313 -4.157788 -4.204366 -4.393652 -4.200046 -5.333021 -5.549230 -5.243810
42.960000 -3.742080 -4.939168 -4.930234 -4.648087 -4.690221 -4.706605 -4.426764 -4.167836 -4.318607 -4.152664 -4.199022 -4.387014 -4.192784 -5.328240 -5.542787 -5.235700
43.000000 -3.734585 -4.925986 -4.919457 -4.636105 -4.669269 -4.683621 -4.404122 -4.163125 -4.311035 -4.145868 -4.193743 -4.380476 -4.185641 -5.323511 -5.536650 -5.227740
43.040000 -3.727204 -4.913531 -4.909478 -4.627114 -4.645517 -4.661644 -4.379631 -4.158901 -4.303821 -4.139411 -4.188824 -4.374205 -4.178897 -5.319050 -5.528583 -5.220243
43.080000 -3.719946 -4.901424 -4.899726 -4.621316 -4.622997 -4.641066 -4.356816 -4.154718 -4.296993 -4.133049 -4.183960 -4.368024 -4.172257 -5.314635 -5.520187 -5.214652
43.120000 -3.712768 -4.890068 -4.890567 -4.614815 -4.599581 -4.619905 -4.334152 -4.150831 -4.289952 -4.127822 -4.179339 -4.362053 -4.165916 -5.310397 -5.512003 -5.209301
43.160000 -3.705668 -4.879414 -4.881970 -4.610059 -4.575467 -4.598285 -4.311677 -4.147232 -4.282293 -4.124933 -4.174955 -4.356285 -4.159867 -5.306334 -5.504023 -5.204183
43.200000 -3.698682 -4.869015 -4.873541 -4.605373 -4.552622 -4.574514 -4.290316 -4.143663 -4.274419 -4.122062 -4.170614 -4.350371 -4.154150 -5.302308 -5.496890 -5.199126
43.240000 -3.691835 -4.859903 -4.865780 -4.603552 -4.527527 -4.545027 -4.275536 -4.140703 -4.260376 -4.116261 -4.166776 -4.342927 -4.148898 -5.298634 -5.490079 -5.193349
43.280000 -3.685093 -4.850979 -4.858157 -4.601927 -4.503803 -4.520202 -4.261151 -4.137764 -4.252076 -4.110576 -4.162972 -4.335610 -4.143473 -5.294991 -5.483376 -5.187368
43.320000 -3.678573 -4.842161 -4.850260 -4.601353 -4.479826 -4.497299 -4.247601 -4.135172 -4.239647 -4.101587 -4.159472 -4.328545 -4.138419 -5.291567 -5.476919 -5.182410
43.360000 -3.672266 -4.833445 -4.840688 -4.598364 -4.455703 -4.473880 -4.231159 -4.132921 -4.229726 -4.090570 -4.156269 -4.321479 -4.134602 -5.288357 -5.470703 -5.179827
43.400000 -3.666050 -4.824900 -4.830633 -4.587934 -4.432849 -4.451545 -4.212482 -4.130682 -4.221031 -4.075338 -4.153090 -4.314409 -4.132170 -5.285171 -5.464388 -5.177265
43.440000 -3.660160 -4.815819 -4.822207 -4.578765 -4.415393 -4.433582 -4.202531 -4.126037 -4.210239 -4.065719 -4.150561 -4.307799 -4.128159 -5.282443 -5.458510 -5.175136
43.480000 -3.654350 -4.806924 -4.814464 -4.573567 -4.398611 -4.416000 -4.197490 -4.121441 -4.198362 -4.049959 -4.148047 -4.301289 -4.124669 -5.279733 -5.452712 -5.171786
43.520000 -3.648788 -4.798133 -4.806880 -4.576150 -4.387072 -4.398065 -4.192379 -4.114383 -4.184547 -4.032813 -4.145905 -4.295833 -4.122391 -5.277283 -5.447209 -5.168660
43.560000 -3.643467 -4.789445 -4.795624 -4.579891 -4.380380 -4.389114 -4.186454 -4.104984 -4.170227 -4.015412 -4.144130 -4.292665 -4.120414 -5.275089 -5.441994 -5.165858
43.600000 -3.638211 -4.780927 -4.781602 -4.575107 -4.373790 -4.382199 -4.186494 -4.095783 -4.158004 -3.998681 -4.142362 -4.289522 -4.116630 -5.272906 -5.436841 -5.163075
43.640000 -3.633545 -4.774535 -4.777360 -4.577339 -4.369682 -4.378098 -4.190588 -4.085687 -4.145404 -3.984219 -4.141393 -4.287090 -4.116059 -5.271274 -5.432268 -5.161043
43.680000 -3.628929 -4.768234 -4.776711 -4.581535 -4.365612 -4.374334 -4.196003 -4.075821 -4.131922 -3.970408 -4.140426 -4.282684 -4.115941 -5.269649 -5.427743 -5.159034
43.720000 -3.624761 -4.764623 -4.772298 -4.597113 -4.362842 -4.372312 -4.202972 -4.065521 -4.117565 -3.957911 -4.139891 -4.278635 -4.116316 -5.268334 -5.423568 -5.156694
43.760000 -3.621030 -4.763635 -4.772633 -4.610439 -4.361345 -4.371952 -4.211567 -4.054824 -4.104134 -3.946321 -4.139787 -4.274493 -4.117185 -5.267328 -5.419704 -5.154772
43.800000 -3.617330 -4.762649 -4.779191 -4.618600 -4.359854 -4.371301 -4.220127 -4.044384 -4.091106 -3.935033 -4.139683 -4.270389 -4.116529 -5.266323 -5.415857 -5.153018
43.840000 -3.614723 -4.769264 -4.793153 -4.637745 -4.361220 -4.373855 -4.230813 -4.033941 -4.078154 -3.926666 -4.140505 -4.267156 -4.116033 -5.265984 -5.412750 -5.152038
43.880000 -3.612132 -4.775982 -4.807285 -4.666473 -4.362590 -4.376545 -4.238380 -4.023744 -4.066004 -3.918408 -4.141329 -4.263946 -4.116178 -5.265645 -5.410008 -5.151061
43.920000 -3.610197 -4.786546 -4.831822 -4.688703 -4.365478 -4.380925 -4.246210 -4.014035 -4.054288 -3.911138 -4.142642 -4.261232 -4.117772 -5.265652 -5.408819 -5.150488
43.960000 -3.608909 -4.801242 -4.858315 -4.715400 -4.369916 -4.387048 -4.258980 -4.004789 -4.043193 -3.905358 -4.144449 -4.262474 -4.119880 -5.266008 -5.407915 -5.150320
44.000000 -3.607626 -4.816454 -4.882439 -4.744652 -4.374399 -4.393259 -4.274143 -3.995736 -4.032374 -3.899654 -4.146264 -4.260173 -4.121299 -5.266363 -5.407012 -5.150152
44.040000 -3.607830 -4.837185 -4.914507 -4.769212 -4.382057 -4.401459 -4.283596 -3.987969 -4.023071 -3.897286 -4.149080 -4.259010 -4.123824 -5.267473 -5.406711 -5.150837
44.080000 -3.608034 -4.858957 -4.948027 -4.795074 -4.389852 -4.410087 -4.298712 -3.980339 -4.014027 -3.895645 -4.151915 -4.257849 -4.126347 -5.268585 -5.406412 -5.151524
44.120000 -3.609194 -4.882939 -4.981214 -4.825914 -4.399275 -4.421422 -4.311789 -3.973782 -4.006517 -3.894059 -4.155271 -4.255170 -4.129278 -5.270098 -5.406438 -5.152669
44.160000 -3.611316 -4.909453 -5.016250 -4.861371 -4.410433 -4.435378 -4.324321 -3.968253 -4.000465 -3.892565 -4.159161 -4.254264 -4.133038 -5.272016 -5.406788 -5.154274
44.200000 -3.613448 -4.937690 -5.054775 -4.899513 -4.421884 -4.450626 -4.341875 -3.962793 -3.994496 -3.891442 -4.163086 -4.257811 -4.137799 -5.273943 -5.407138 -5.155886
44.240000 -3.617658 -4.968253 -5.102512 -4.940758 -4.436039 -4.463740 -4.361646 -3.960434 -3.991698 -3.895961 -4.168045 -4.259362 -4.140086 -5.276686 -5.409432 -5.158444
44.280000 -3.621908 -5.001130 -5.153855 -4.978565 -4.450670 -4.477878 -4.381938 -3.958087 -3.988918 -3.897155 -4.173060 -4.263310 -4.143861 -5.279447 -5.411945 -5.161017
44.320000 -3.627331 -5.037754 -5.213395 -5.018885 -4.466254 -4.497356 -4.405317 -3.957551 -3.990686 -3.903583 -4.178526 -4.253033 -4.142911 -5.282639 -5.414829 -5.164881
44.360000 -3.633970 -5.078910 -5.277394 -5.066682 -4.482877 -4.519035 -4.426023 -3.958818 -3.995215 -3.909930 -4.184459 -4.242673 -4.141840 -5.286271 -5.418075 -5.168507
44.400000 -3.640712 -5.124380 -5.352482 -5.113341 -4.500161 -4.539097 -4.441365 -3.960089 -4.001011 -3.919161 -4.190474 -4.234499 -4.138721 -5.289934 -5.421327 -5.172383
44.440000 -3.649496 -5.176277 -5.426182 -5.164833 -4.518189 -4.561395 -4.456344 -3.968993 -4.013977 -3.938494 -4.189343 -4.229140 -4.128789 -5.294471 -5.425322 -5.179169
44.480000 -3.658460 -5.235228 -5.514997 -5.228399 -4.536997 -4.585345 -4.478411 -3.978084 -4.030425 -3.950605 -4.188215 -4.231219 -4.121482 -5.299055 -5.429355 -5.186063
44.520000 -3.668491 -5.300346 -5.609840 -5.300930 -4.556665 -4.606048 -4.504941 -3.992573 -4.049787 -3.968769 -4.182283 -4.222367 -4.113621 -5.304094 -5.433701 -5.193328
44.560000 -3.679658 -5.373295 -5.709682 -5.382610 -4.577277 -4.630487 -4.528104 -4.013018 -4.070845 -3.988849 -4.171741 -4.213139 -4.106202 -5.309604 -5.438350 -5.200342
44.600000 -3.691120 -5.461023 -5.858560 -5.480695 -4.598915 -4.655250 -4.557229 -4.034473 -4.096280 -4.011743 -4.161449 -4.200922 -4.099615 -5.315184 -5.443052 -5.205854
44.640000 -3.704765 -5.545876 -5.974683 -5.567717 -4.622087 -4.684529 -4.584137 -4.057749 -4.119796 -4.037520 -4.155820 -4.196652 -4.097018 -5.321621 -5.448511 -5.213013
44.680000 -3.718853 -5.651436 -6.133664 -5.683388 -4.646565 -4.715984 -4.610140 -4.082345 -4.144978 -4.063810 -4.150264 -4.191322 -4.096586 -5.328154 -5.454041 -5.219950
44.720000 -3.734143 -5.764460 -6.298472 -5.810020 -4.672719 -4.749122 -4.645938 -4.107901 -4.171780 -4.089562 -4.147741 -4.189065 -4.097567 -5.335160 -5.459978 -5.227381
44.760000 -3.750750 -5.882258 -6.457615 -5.935456 -4.700778 -4.784157 -4.672667 -4.134507 -4.199007 -4.116682 -4.148199 -4.190379 -4.102341 -5.342659 -5.466339 -5.235402
44.800000 -3.768017 -6.044411 -6.716173 -6.105190 -4.730776 -4.822271 -4.705164 -4.162851 -4.231006 -4.145610 -4.148658 -4.193979 -4.105252 -5.350290 -5.472796 -5.243573
44.840000 -3.786994 -6.167599 -6.870880 -6.229495 -4.762224 -4.857753 -4.739364 -4.191052 -4.262899 -4.174771 -4.154975 -4.203661 -4.113020 -5.358716 -5.479245 -5.252763
44.880000 -3.806837 -6.340209 -7.112015 -6.402581 -4.796127 -4.893293 -4.777366 -4.221213 -4.293800 -4.205732 -4.161384 -4.213570 -4.120183 -5.367309 -5.485228 -5.262459
44.920000 -3.827799 -6.527166 -7.388606 -6.590490 -4.831484 -4.929926 -4.816152 -4.252047 -4.326276 -4.237888 -4.170071 -4.223999 -4.131005 -5.376350 -5.491682 -5.272634
44.960000 -3.850000 -6.698133 -7.605098 -6.761846 -4.868431 -4.968910 -4.855608 -4.283543 -4.358549 -4.266811 -4.181173 -4.236694 -4.142589 -5.385866 -5.500715 -5.283236
45.000000 -3.873398 -6.984143 -8.053538 -7.048972 -4.908816 -5.013481 -4.898004 -4.317502 -4.393616 -4.302594 -4.192567 -4.252028 -4.154534 -5.395595 -5.510609 -5.293947
45.040000 -3.898034 -7.145091 -8.239686 -7.211023 -4.947540 -5.054130 -4.936213 -4.349901 -4.428219 -4.335070 -4.208099 -4.270434 -4.169960 -5.406018 -5.518813 -5.305338
45.080000 -3.924151 -7.403624 -8.572727 -7.472465 -4.990057 -5.098981 -4.978002 -4.384913 -4.465376 -4.373196 -4.224208 -4.289413 -4.186392 -5.416698 -5.526452 -5.317037
45.120000 -3.951152 -7.710799 -9.036576 -7.785823 -5.033197 -5.144813 -5.020646 -4.420322 -4.501038 -4.411655 -4.242186 -4.309725 -4.204395 -5.427800 -5.533748 -5.328935
45.160000 -3.979102 -7.937521 -9.301322 -8.014287 -5.076678 -5.196179 -5.066321 -4.455969 -4.536799 -4.447142 -4.262248 -4.331850 -4.225234 -5.439350 -5.540806 -5.340098
45.200000 -4.008976 -8.439865 -10.096376 -8.521998 -5.125002 -5.258919 -5.114916 -4.494807 -4.575344 -4.483396 -4.283282 -4.353944 -4.247840 -5.451217 -5.548039 -5.351503
45.240000 -4.038389 -8.633254 -10.306597 -8.714722 -5.169494 -5.316362 -5.160871 -4.530366 -4.609973 -4.518849 -4.306702 -4.377735 -4.273586 -5.463555 -5.547516 -5.356977
45.280000 -4.069940 -8.990739 -10.729838 -9.078879 -5.219070 -5.373093 -5.212570 -4.569098 -4.644398 -4.558111 -4.331457 -4.402828 -4.298988 -5.476254 -5.530430 -5.366095
45.320000 -4.102127 -9.524153 -11.581816 -9.639316 -5.271216 -5.444400 -5.267703 -4.607395 -4.680700 -4.596939 -4.357625 -4.429060 -4.327886 -5.488340 -5.524939 -5.361374
45.360000 -4.134910 -9.797419 -11.872970 -9.909864 -5.326141 -5.522252 -5.327230 -4.644783 -4.716064 -4.632547 -4.385384 -4.458201 -4.359818 -5.499750 -5.530965 -5.348778
45.400000 -4.170371 -10.704500 -13.258752 -10.800284 -5.389032 -5.610075 -5.395507 -4.685696 -4.754565 -4.671367 -4.415038 -4.492796 -4.392643 -5.511468 -5.525725 -5.340458
45.440000 -4.203951 -10.916399 -13.476413 -11.013847 -5.451583 -5.693838 -5.460222 -4.721306 -4.789447 -4.703246 -4.446597 -4.527438 -4.429738 -5.507031 -5.524626 -5.332396
45.480000 -4.240347 -11.346932 -13.933224 -11.451413 -5.524683 -5.797712 -5.538662 -4.760098 -4.827967 -4.737656 -4.480631 -4.565085 -4.467821 -5.502640 -5.519103 -5.323637
45.520000 -4.277156 -12.259539 -15.631667 -12.435378 -5.602466 -5.900126 -5.623960 -4.798341 -4.866896 -4.771612 -4.516593 -4.598537 -4.503470 -5.491225 -5.507560 -5.317488
45.560000 -4.314199 -12.556563 -15.930937 -12.731283 -5.684967 -6.003187 -5.707579 -4.835531 -4.905362 -4.805263 -4.554747 -4.632079 -4.540140 -5.473324 -5.509275 -5.325040
45.600000 -4.354697 -14.292637 -18.019480 -14.367603 -5.786904 -6.147155 -5.806223 -4.876207 -4.946910 -4.843453 -4.596580 -4.669968 -4.580158 -5.456131 -5.504840 -5.326879
45.640000 -4.391844 -14.512227 -18.241303 -14.587412 -5.876964 -6.263746 -5.896350 -4.912749 -4.984878 -4.880172 -4.634666 -4.704162 -4.616819 -5.458204 -5.514458 -5.340970
45.680000 -4.432467 -14.978225 -18.718293 -15.054485 -5.990721 -6.424321 -6.019614 -4.952651 -5.025962 -4.920196 -4.676416 -4.743448 -4.656861 -5.460286 -5.525046 -5.355932
45.720000 -4.473174 -16.496107 -21.808953 -16.922245 -6.111165 -6.595544 -6.134215 -4.992784 -5.065771 -4.958465 -4.717975 -4.783183 -4.696895 -5.469028 -5.536813 -5.373413
45.760000 -4.513582 -16.796922 -22.109960 -17.222806 -6.232680 -6.755159 -6.260474 -5.032829 -5.105991 -4.997822 -4.758842 -4.822282 -4.736529 -5.484846 -5.558774 -5.395294
45.800000 -4.558138 -19.800414 -25.753337 -20.074965 -6.402006 -7.010206 -6.437950 -5.076945 -5.149499 -5.043837 -4.803958 -4.865074 -4.781300 -5.501260 -5.582044 -5.419136
45.840000 -4.598050 -20.022146 -25.975170 -20.296756 -6.526686 -7.164745 -6.562743 -5.117410 -5.192838 -5.083110 -4.843724 -4.902927 -4.820281 -5.524892 -5.607388 -5.446204
45.880000 -4.642005 -20.498682 -26.452215 -20.773589 -6.702260 -7.402360 -6.738544 -5.162036 -5.240521 -5.124689 -4.887502 -4.944542 -4.863077 -5.549885 -5.634304 -5.474967
45.920000 -4.685836 -23.290873 -31.359227 -23.874605 -6.891989 -7.674654 -6.929324 -5.207120 -5.287356 -5.166839 -4.930871 -4.985658 -4.904806 -5.577304 -5.662277 -5.506241
45.960000 -4.728979 -23.591894 -31.660257 -24.175635 -7.062389 -7.886511 -7.102572 -5.252260 -5.332542 -5.211711 -4.973186 -5.026610 -4.945670 -5.607538 -5.691405 -5.538748
46.000000 -4.776886 -27.975487 -38.163024 -28.926531 -7.346780 -8.331049 -7.388708 -5.302641 -5.382472 -5.262564 -5.020074 -5.070340 -4.990483 -5.640035 -5.721739 -5.574384
46.040000 -4.818966 -28.197336 -38.384872 -29.148379 -7.508811 -8.514160 -7.549291 -5.347899 -5.427823 -5.307315 -5.060873 -5.108847 -5.029571 -5.672924 -5.752879 -5.609680
46.080000 -4.865565 -28.674456 -38.861994 -29.625500 -7.770201 -8.841656 -7.811085 -5.398429 -5.481812 -5.353382 -5.105906 -5.151193 -5.073238 -5.708508 -5.785397 -5.648158
46.120000 -4.911845 -34.350947 -46.457012 -34.777559 -8.082033 -9.307468 -8.132818 -5.449058 -5.534535 -5.404105 -5.150368 -5.193981 -5.116118 -5.744977 -5.818410 -5.684883
46.160000 -4.957070 -34.651977 -46.758042 -35.078589 -8.309776 -9.573414 -8.359354 -5.499009 -5.585657 -5.455343 -5.193511 -5.236247 -5.156764 -5.782292 -5.854102 -5.723646
46.200000 -5.007558 -40.938444 nan -42.398633 -8.817634 -10.382522 -8.878428 -5.555460 -5.644072 -5.509150 -5.241418 -5.283471 -5.202223 -5.823117 -5.892169 -5.766173
46.240000 -5.051320 -41.160292 nan -42.620481 -9.010014 -10.594490 -9.072261 -5.605412 -5.700103 -5.561489 -5.282390 -5.323614 -5.235170 -5.860963 -5.927725 -5.804380
46.280000 -5.099991 -41.637414 nan -43.097603 -9.363928 -11.025329 -9.436398 -5.661864 -5.764450 -5.622526 -5.327633 -5.363391 -5.275197 -5.902426 -5.965924 -5.846164
46.320000 -5.148226 -53.580817 nan -51.846873 -9.886879 -11.904558 -10.022319 -5.720369 -5.831378 -5.686615 -5.371391 -5.404536 -5.317020 -5.943876 -6.003978 -5.886747
46.360000 -5.195153 -53.881847 nan -52.147903 -10.162965 -12.199522 -10.291817 -5.780642 -5.903187 -5.747913 -5.412624 -5.441314 -5.353683 -5.984874 -6.041816 -5.926481
46.400000 -5.247771 -inf nan nan -11.115175 -13.552892 -11.165788 -5.850648 -5.995290 -5.819438 -5.458187 -5.488635 -5.391310 -6.030150 -6.082961 -5.971017
46.440000 -5.293041 -inf nan nan -11.329201 -13.773474 -11.381035 -5.916953 -6.075892 -5.887401 -5.495393 -5.525473 -5.423397 -6.070338 -6.118744 -6.012267
46.480000 -5.343586 -inf nan nan -11.769195 -14.244324 -11.818400 -5.995237 -6.188593 -5.966985 -5.536088 -5.564966 -5.457395 -6.114628 -6.159524 -6.055423
46.520000 -5.393688 -inf nan nan -12.774782 -15.941289 -12.896986 -6.077814 -6.295163 -6.053007 -5.575728 -5.604171 -5.491064 -6.158643 -6.201268 -6.097668
46.560000 -5.442373 -inf nan nan -13.067164 -16.241893 -13.192787 -6.163972 -6.406365 -6.140992 -5.613603 -5.645491 -5.525430 -6.201760 -6.242743 -6.138879
46.600000 -5.497212 -inf nan nan -14.471340 -18.605127 -14.818310 -6.271562 -6.558519 -6.251592 -5.655101 -5.686520 -5.562754 -6.249633 -6.289223 -6.184063
46.640000 -5.544283 -inf nan nan -14.692510 -18.826629 -15.038764 -6.363931 -6.677134 -6.346282 -5.692377 -5.720780 -5.600258 -6.290895 -6.328615 -6.223513
46.680000 -5.597084 -inf nan nan -15.166255 -19.302018 -15.508981 -6.481404 -6.828325 -6.468265 -5.733155 -5.762759 -5.637850 -6.336492 -6.372403 -6.267683
46.720000 -5.649519 -inf nan nan -17.197966 -22.066208 -17.444973 -6.605634 -7.005709 -6.597022 -5.774666 -5.808031 -5.678821 -6.381430 -6.419852 -6.310246
46.760000 -5.700513 -inf nan nan -17.498323 -22.367220 -17.745753 -6.729905 -7.169335 -6.724254 -5.816716 -5.853999 -5.725614 -6.424907 -6.465664 -6.351123
46.800000 -5.758301 -inf nan nan -20.007208 -26.437744 -20.441091 -6.904664 -7.434982 -6.904967 -5.863277 -5.904821 -5.775502 -6.473226 -6.513837 -6.397032
46.840000 -5.807784 -inf nan nan -20.229028 -26.659592 -20.662905 -7.029878 -7.588217 -7.034423 -5.907589 -5.951699 -5.819672 -6.514915 -6.550605 -6.436821
46.880000 -5.863640 -inf nan nan -20.706007 -27.136712 -21.139853 -7.206520 -7.827116 -7.218697 -5.956942 -6.004256 -5.866408 -6.561035 -6.593045 -6.480629
46.920000 -5.919259 -inf nan nan -24.109706 -32.132295 -24.447109 -7.397580 -8.103658 -7.416532 -6.007626 -6.057950 -5.913178 -6.606439 -6.637724 -6.523816
46.960000 -5.973428 -inf nan nan -24.410726 -32.433325 -24.748136 -7.568884 -8.321407 -7.592244 -6.059373 -6.112300 -5.963517 -6.650284 -6.678205 -6.565350
47.000000 -6.035328 -inf nan nan -28.750291 -38.710436 -29.356752 -7.855862 -8.778592 -7.892140 -6.118132 -6.177874 -6.027747 -6.699057 -6.722715 -6.611099
47.040000 -6.088013 -inf nan nan -28.972138 -38.932285 -29.578601 -8.020270 -8.972886 -8.055780 -6.171169 -6.233870 -6.079742 -6.740774 -6.760250 -6.650493
47.080000 -6.147983 -inf nan nan -29.449255 -39.409406 -30.055722 -8.288027 -9.327439 -8.325196 -6.231596 -6.296427 -6.145757 -6.786929 -6.800253 -6.690420
47.120000 -6.207830 -inf nan nan -34.314121 -47.537755 -35.643480 -8.610770 -9.808849 -8.639647 -6.292848 -6.359369 -6.209467 -6.832411 -6.837947 -6.723309
47.160000 -6.266090 -inf nan nan -34.615151 -47.838785 -35.944510 -8.841883 -10.068365 -8.870288 -6.353848 -6.421846 -6.274165 -6.876390 -6.872838 -6.755018
47.200000 -6.333396 -inf nan nan -43.439316 nan -42.728861 -9.368547 -10.816429 -9.405586 -6.424838 -6.494909 -6.346947 -6.925330 -6.917986 -6.801394
47.240000 -6.390228 -inf nan nan -43.661165 nan -42.950710 -9.559384 -11.026642 -9.603841 -6.486113 -6.561530 -6.409421 -6.966078 -6.954784 -6.832482
47.280000 -6.455633 -inf nan nan -44.138286 nan -43.427831 -9.907914 -11.458201 -9.974152 -6.557476 -6.637174 -6.481766 -7.011050 -6.997428 -6.863175
47.320000 -6.521093 -inf nan nan -51.616422 nan -65.405984 -10.414186 -12.378911 -10.528622 -6.630635 -6.727174 -6.558708 -7.052901 -7.040256 -6.893643
47.360000 -6.584776 -inf nan nan -51.917452 nan -65.707014 -10.687184 -12.673438 -10.798325 -6.704084 -6.809335 -6.633504 -7.090144 -7.081676 -6.926432
47.400000 -6.659428 -inf nan nan -inf nan nan -11.590236 -14.114352 -11.725510 -6.792535 -6.911010 -6.727272 -7.130884 -7.121071 -6.962412
47.440000 -6.721506 -inf nan nan -inf nan nan -11.807168 -14.334677 -11.938834 -6.869102 -7.004672 -6.805378 -7.162078 -7.153331 -6.991151
47.480000 -6.793962 -inf nan nan -inf nan nan -12.260509 -14.804260 -12.375696 -6.962120 -7.120167 -6.900682 -7.195687 -7.187624 -7.022401
47.520000 -6.866633 -inf nan nan -inf nan nan -13.452993 -16.518183 -13.437593 -7.058731 -7.251346 -7.000583 -7.229203 -7.221929 -7.063823
47.560000 -6.937043 -inf nan nan -inf nan nan -13.745435 -16.817296 -13.735135 -7.155601 -7.370545 -7.098824 -7.262377 -7.260526 -7.105169
47.600000 -7.021118 -inf nan nan -inf nan nan -15.152581 -19.058524 -15.299945 -7.280474 -7.545556 -7.227351 -7.298297 -7.296016 -7.144098
47.640000 -7.089453 -inf nan nan -inf nan nan -15.372986 -19.280348 -15.520174 -7.380076 -7.665107 -7.329159 -7.335861 -7.335438 -7.185077
47.680000 -7.170584 -inf nan nan -inf nan nan -15.842959 -19.757340 -15.989291 -7.509538 -7.831720 -7.463335 -7.376985 -7.380046 -7.232559
47.720000 -7.252029 -inf nan nan -inf nan nan -17.550901 -22.866086 -17.991067 -7.645632 -8.023296 -7.609607 -7.421722 -7.427568 -7.285771
47.760000 -7.330222 -inf nan nan -inf nan nan -17.851837 -23.167105 -18.291944 -7.776956 -8.192122 -7.748929 -7.470827 -7.484905 -7.341397
47.800000 -7.425654 -inf nan nan -inf nan nan -21.215022 -27.459994 -20.988963 -7.966107 -8.465407 -7.936102 -7.526201 -7.551658 -7.403196
47.840000 -7.500985 -inf nan nan -inf nan nan -21.436780 -27.681840 -21.210802 -8.095888 -8.622280 -8.069921 -7.583273 -7.624391 -7.464529
47.880000 -7.592183 -inf nan nan -inf nan nan -21.913450 -28.158949 -21.687877 -8.281829 -8.870285 -8.263292 -7.648996 -7.692192 -7.537936
47.920000 -7.683875 -inf nan nan -inf nan nan -24.817682 -32.689504 -25.121881 -8.484336 -9.160966 -8.468891 -7.718438 -7.775391 -7.614378
47.960000 -7.770879 -inf nan nan -inf nan nan -25.118700 -32.990534 -25.422904 -8.662337 -9.384136 -8.655376 -7.791617 -7.862966 -7.693050
48.000000 -7.879795 -inf nan nan -inf nan nan -29.364085 -39.500058 -29.923095 -8.969146 -9.867924 -8.979901 -7.879676 -7.963130 -7.787395
48.040000 -7.962643 -inf nan nan -inf nan nan -29.585933 -39.721907 -30.144944 -9.136137 -10.060500 -9.147398 -7.956575 -8.049221 -7.870167
48.080000 -8.065111 -inf nan nan -inf nan nan -30.063054 -40.199028 -30.622064 -9.410955 -10.407762 -9.426603 -8.050083 -8.155469 -7.967644
48.120000 -8.168312 -inf nan nan -inf nan nan -37.148451 -50.035107 -36.597008 -9.745290 -10.877279 -9.759878 -8.146000 -8.263354 -8.066965
48.160000 -8.264681 -inf nan nan -inf nan nan -37.449481 -50.336137 -36.898038 -9.976173 -11.141166 -9.994224 -8.240024 -8.364255 -8.158684
48.200000 -8.388720 -inf nan nan -inf nan nan -43.469046 nan -44.719271 -10.501520 -11.926544 -10.532504 -8.360194 -8.497250 -8.269110
48.240000 -8.479371 -inf nan nan -inf nan nan -43.690895 nan -44.941120 -10.695756 -12.139277 -10.731262 -8.451109 -8.593410 -8.357547
48.280000 -8.594074 -inf nan nan -inf nan nan -44.168016 nan -45.418241 -11.056265 -12.573491 -11.112390 -8.566235 -8.717286 -8.477864
48.320000 -8.709982 -inf nan nan -inf nan nan -107.400225 nan -111.652407 -11.600061 -13.530616 -11.695727 -8.683306 -8.844302 -8.603467
48.360000 -8.816247 -inf nan nan -inf nan nan -107.701255 nan -111.953437 -11.876614 -13.822242 -11.972530 -8.791950 -8.961351 -8.718273
48.400000 -8.957240 -inf nan nan -inf nan nan -inf nan nan -12.836788 -15.413667 -12.939084 -8.937180 -9.122081 -8.867207
48.440000 -9.056007 -inf nan nan -inf nan nan -inf nan nan -13.051526 -15.633349 -13.154871 -9.039689 -9.233229 -8.972357
48.480000 -9.184059 -inf nan nan -inf nan nan -inf nan nan -13.494739 -16.099798 -13.602722 -9.174122 -9.385254 -9.105587
48.520000 -9.314143 -inf nan nan -inf nan nan -inf nan nan -14.538844 -17.624754 -14.645042 -9.312341 -9.542333 -9.246412
48.560000 -9.430914 -inf nan nan -inf nan nan -inf nan nan -14.834742 -17.925164 -14.940075 -9.437693 -9.681798 -9.374395
48.600000 -9.591117 -inf nan nan -inf nan nan -inf nan nan -16.463747 -20.332165 -16.579717 -9.614612 -9.889847 -9.556465
48.640000 -9.697860 -inf nan nan -inf nan nan -inf nan nan -16.684506 -20.553985 -16.801015 -9.732480 -10.023063 -9.675321
48.680000 -9.839698 -inf nan nan -inf nan nan -inf nan nan -17.156222 -21.030965 -17.275393 -9.894767 -10.216197 -9.837710
48.720000 -9.984665 -inf nan nan -inf nan nan -inf nan nan -18.984629 -24.372371 -19.381890 -10.065700 -10.429910 -10.008469
48.760000 -10.111480 -inf nan nan -inf nan nan -inf nan nan -19.285335 -24.673391 -19.682640 -10.216277 -10.618499 -10.166278
48.800000 -10.291349 -inf nan nan -inf nan nan -inf nan nan -22.111697 -28.676233 -22.477542 -10.448687 -10.945798 -10.407765
48.840000 -10.405706 -inf nan nan -inf nan nan -inf nan nan -22.333530 -28.898082 -22.699360 -10.589013 -11.107897 -10.549232
48.880000 -10.561377 -inf nan nan -inf nan nan -inf nan nan -22.810574 -29.375202 -23.176326 -10.797619 -11.364683 -10.758434
48.920000 -10.721867 -inf nan nan -inf nan nan -inf nan nan -26.477430 -34.053248 -26.420246 -11.028262 -11.670542 -10.993127
48.960000 -10.858723 -inf nan nan -inf nan nan -inf nan nan -26.778437 -34.354278 -26.721270 -11.217229 -11.894653 -11.189238
49.000000 -11.059679 -inf nan nan -inf nan nan -inf nan nan -30.748326 -41.496909 -31.762153 -11.559351 -12.383339 -11.532202
49.040000 -11.181662 -inf nan nan -inf nan nan -inf nan nan -30.970175 -41.718758 -31.984001 -11.730684 -12.576994 -11.702040
49.080000 -11.351903 -inf nan nan -inf nan nan -inf nan nan -31.447296 -42.195879 -32.461117 -12.017744 -12.935463 -11.984830
49.120000 -11.529448 -inf nan nan -inf nan nan -inf nan nan -37.806705 -50.724014 -37.971209 -12.375161 -13.447587 -12.334680
49.160000 -11.676819 -inf nan nan -inf nan nan -inf nan nan -38.107735 -51.025044 -38.272239 -12.612820 -13.716862 -12.571574
49.200000 -11.901581 -inf nan nan -inf nan nan -inf nan nan -44.667750 nan -45.830274 -13.178989 -14.572442 -13.161369
49.240000 -12.031247 -inf nan nan -inf nan nan -inf nan nan -44.889598 nan -46.052123 -13.375920 -14.787400 -13.361803
49.280000 -12.216950 -inf nan nan -inf nan nan -inf nan nan -45.366720 nan -46.529244 -13.746241 -15.231762 -13.745305
49.320000 -12.413333 -inf nan nan -inf nan nan -inf nan nan -149.667779 nan nan -14.323047 -16.209306 -14.374099
49.360000 -12.571263 -inf nan nan -inf nan nan -inf nan nan -149.968809 nan nan -14.597442 -16.504005 -14.645782
49.400000 -12.821967 -inf nan nan -inf nan nan -inf nan nan -inf nan nan -15.521992 -18.040683 -15.576505
49.440000 -12.959040 -inf nan nan -inf nan nan -inf nan nan -inf nan nan -15.739262 -18.261196 -15.790640
49.480000 -13.160466 -inf nan nan -inf nan nan -inf nan nan -inf nan nan -16.194186 -18.729759 -16.231140
49.520000 -13.376999 -inf nan nan -inf nan nan -inf nan nan -inf nan nan -17.416407 -20.338627 -17.330833
49.560000 -13.545277 -inf nan nan -inf nan nan -inf nan nan -inf nan nan -17.711769 -20.639347 -17.627622
49.600000 -13.823676 -inf nan nan -inf nan nan -inf nan nan -inf nan nan -19.297878 -23.369535 -19.415024
