#Quasar bolometric luminosity function in different black hole mass bins from TRINITY PaperIII (Fig. 3, Zhang+2024, MNRAS, 529, 2777)
#z: 5.00
#log10(Lbol [erg/s])(0) log10(QLF_total [Mpc^-3 dex^-1])(1) log10(QLF(5<logMbh<6) [Mpc^-3 dex^-1])(2) log10(QLF(5<logMbh<6)_16th [Mpc^-3 dex^-1])(3) log10(QLF(5<logMbh<6)_84th [Mpc^-3 dex^-1])(4)
#log10(QLF(6<logMbh<7) [Mpc^-3 dex^-1])(5) log10(QLF(6<logMbh<7)_16th [Mpc^-3 dex^-1])(6) log10(QLF(6<logMbh<7)_84th [Mpc^-3 dex^-1])(7)
#log10(QLF(7<logMbh<8) [Mpc^-3 dex^-1])(8) log10(QLF(7<logMbh<8)_16th [Mpc^-3 dex^-1])(9) log10(QLF(7<logMbh<8)_84th [Mpc^-3 dex^-1])(10)
#log10(QLF(8<logMbh<9) [Mpc^-3 dex^-1])(11) log10(QLF(8<logMbh<9)_16th [Mpc^-3 dex^-1])(12) log10(QLF(8<logMbh<9)_84th [Mpc^-3 dex^-1])(13)
#log10(QLF(9<logMbh<10) [Mpc^-3 dex^-1])(14) log10(QLF(9<logMbh<10)_16th [Mpc^-3 dex^-1])(15) log10(QLF(9<logMbh<10)_84th [Mpc^-3 dex^-1])(16)
40.000000 -6.245276 -7.264394 -8.177905 -7.165244 -6.570746 -7.207093 -6.518294 -6.686534 -7.304588 -6.546293 -7.544509 -8.213003 -7.378347 -8.973235 -9.823037 -8.887396
40.040000 -6.232432 -7.251733 -8.160265 -7.148275 -6.558157 -7.188642 -6.504648 -6.674141 -7.286089 -6.534276 -7.532134 -8.196351 -7.367939 -8.959049 -9.803914 -8.873580
40.080000 -6.219956 -7.239432 -8.143313 -7.132249 -6.545922 -7.170942 -6.491417 -6.662093 -7.269438 -6.522428 -7.520102 -8.180314 -7.357778 -8.945312 -9.785598 -8.857736
40.120000 -6.207394 -7.227177 -8.126122 -7.116023 -6.533603 -7.153035 -6.478081 -6.649954 -7.252915 -6.510397 -7.507973 -8.164114 -7.347549 -8.931880 -9.767292 -8.842897
40.160000 -6.194762 -7.214975 -8.108742 -7.099638 -6.521216 -7.134975 -6.464658 -6.637743 -7.236257 -6.498290 -7.495764 -8.147789 -7.337263 -8.918740 -9.749026 -8.829209
40.200000 -6.182487 -7.203107 -8.092031 -7.083855 -6.509172 -7.117636 -6.451639 -6.625865 -7.220215 -6.486512 -7.483888 -8.132055 -7.327220 -8.905985 -9.731498 -8.815940
40.240000 -6.169693 -7.190726 -8.074189 -7.066966 -6.496668 -7.099175 -6.438009 -6.613483 -7.203242 -6.474219 -7.471511 -8.115410 -7.317005 -8.893213 -9.712997 -8.803427
40.280000 -6.157265 -7.178688 -8.057051 -7.051050 -6.484514 -7.081467 -6.424794 -6.601445 -7.186181 -6.462266 -7.459477 -8.099380 -7.307046 -8.880807 -9.695252 -8.791265
40.320000 -6.144670 -7.166559 -8.039737 -7.037723 -6.472293 -7.063554 -6.411897 -6.589315 -7.168239 -6.450224 -7.447350 -8.083180 -7.297022 -8.868472 -9.677304 -8.779429
40.360000 -6.131930 -7.154355 -8.022294 -7.024226 -6.460020 -7.045998 -6.399200 -6.577110 -7.150139 -6.438110 -7.435144 -8.066848 -7.286945 -8.856212 -9.659208 -8.767903
40.400000 -6.119554 -7.142485 -8.005524 -7.011136 -6.448083 -7.030341 -6.386866 -6.565239 -7.132764 -6.426325 -7.423272 -8.051108 -7.277098 -8.844289 -9.641835 -8.756676
40.440000 -6.106343 -7.130104 -7.987855 -6.997449 -6.435662 -7.014277 -6.373977 -6.552858 -7.114272 -6.414042 -7.410891 -8.034472 -7.266902 -8.831914 -9.623336 -8.745514
40.480000 -6.093523 -7.118067 -7.970877 -6.984181 -6.423586 -6.998787 -6.361509 -6.540820 -7.098644 -6.402348 -7.398852 -8.018448 -7.256941 -8.819881 -9.605593 -8.733862
40.520000 -6.080348 -7.105722 -7.953782 -6.970838 -6.411423 -6.983152 -6.348978 -6.528691 -7.083530 -6.391413 -7.386724 -8.002248 -7.246918 -8.807753 -9.587644 -8.721394
40.560000 -6.066861 -7.093103 -7.936609 -6.957439 -6.399188 -6.967408 -6.336359 -6.516487 -7.068302 -6.380770 -7.374522 -7.985910 -7.236842 -8.795547 -9.571310 -8.708844
40.600000 -6.053781 -7.080840 -7.920089 -6.944441 -6.387289 -6.952216 -6.324099 -6.504618 -7.053590 -6.371058 -7.362653 -7.970165 -7.226996 -8.783673 -9.556424 -8.696647
40.640000 -6.039236 -7.067950 -7.902725 -6.930891 -6.374894 -6.936173 -6.311149 -6.492237 -7.038088 -6.361655 -7.350268 -7.953529 -7.216800 -8.771294 -9.540725 -8.683909
40.680000 -6.025163 -7.055432 -7.886029 -6.917751 -6.362843 -6.922396 -6.298301 -6.480200 -7.023122 -6.352451 -7.338226 -7.937506 -7.206838 -8.759257 -9.525575 -8.671535
40.720000 -6.010125 -7.042863 -7.869229 -6.904521 -6.350702 -6.908772 -6.287773 -6.468071 -7.008010 -6.343196 -7.326097 -7.921309 -7.196814 -8.747129 -9.510170 -8.659065
40.760000 -5.994236 -7.030259 -7.852361 -6.891219 -6.338487 -6.895051 -6.277309 -6.455866 -6.992784 -6.333898 -7.313895 -7.905505 -7.186739 -8.734926 -9.493065 -8.646519
40.800000 -5.978907 -7.018010 -7.836124 -6.878313 -6.326606 -6.881750 -6.267090 -6.443995 -6.977406 -6.324795 -7.302027 -7.890796 -7.176893 -8.723057 -9.476610 -8.634324
40.840000 -5.959274 -7.005317 -7.819096 -6.864824 -6.314223 -6.867823 -6.256525 -6.431616 -6.960997 -6.315396 -7.289647 -7.875295 -7.166696 -8.710674 -9.459175 -8.621586
40.880000 -5.940490 -6.992985 -7.802711 -6.851741 -6.302183 -6.854327 -6.246211 -6.419580 -6.945185 -6.306195 -7.277609 -7.860043 -7.156735 -8.698635 -9.442415 -8.609212
40.920000 -5.917274 -6.980600 -7.786206 -6.838561 -6.290051 -6.840715 -6.235844 -6.407451 -6.929212 -6.296561 -7.265479 -7.844627 -7.145271 -8.686507 -9.425461 -8.596742
40.960000 -5.890340 -6.968174 -7.769618 -6.825302 -6.277845 -6.827009 -6.225435 -6.395244 -6.912794 -6.286738 -7.253273 -7.829092 -7.131592 -8.674306 -9.408360 -8.584197
41.000000 -5.864979 -6.956095 -7.753641 -6.812437 -6.265972 -6.813723 -6.215270 -6.383372 -6.896730 -6.277134 -7.241401 -7.814095 -7.118332 -8.662439 -9.391908 -8.572003
41.040000 -5.817132 -6.943557 -7.736741 -6.798995 -6.253591 -6.799808 -6.204764 -6.370994 -6.879239 -6.267195 -7.229025 -7.798277 -7.104439 -8.650056 -9.374463 -8.559266
41.080000 -5.774037 -6.931371 -7.720474 -6.785957 -6.241554 -6.786326 -6.194506 -6.358959 -6.860957 -6.257483 -7.216992 -7.783018 -7.090978 -8.638017 -9.357694 -8.546891
41.120000 -5.715415 -6.919126 -7.703999 -6.772815 -6.229426 -6.772725 -6.183040 -6.346829 -6.842443 -6.247711 -7.204862 -7.767601 -7.077399 -8.625886 -9.340740 -8.534420
41.160000 -5.647230 -6.906837 -7.687361 -6.759590 -6.217222 -6.759026 -6.171484 -6.334620 -6.823757 -6.237975 -7.192653 -7.752062 -7.063726 -8.613682 -9.323647 -8.521869
41.200000 -5.588312 -6.894887 -7.671338 -6.746756 -6.205353 -6.745747 -6.160244 -6.322746 -6.805842 -6.228645 -7.180777 -7.737063 -7.050472 -8.601811 -9.307202 -8.509671
41.240000 -5.578856 -6.882446 -7.652008 -6.730313 -6.192972 -6.731685 -6.148545 -6.310369 -6.786755 -6.219003 -7.168402 -7.721247 -7.036574 -8.589434 -9.289760 -8.496940
41.280000 -5.569601 -6.870352 -7.633502 -6.714469 -6.180935 -6.717580 -6.137870 -6.298334 -6.768471 -6.208926 -7.156370 -7.705991 -7.023108 -8.577400 -9.274250 -8.484571
41.320000 -5.565570 -6.858179 -7.613528 -6.698609 -6.168806 -6.703353 -6.127794 -6.286206 -6.749959 -6.198525 -7.144242 -7.690576 -7.009530 -8.565270 -9.258583 -8.472099
41.360000 -5.566618 -6.845942 -7.592313 -6.687253 -6.156601 -6.689027 -6.117671 -6.274000 -6.731277 -6.188066 -7.132035 -7.675036 -6.995862 -8.553061 -9.242792 -8.459545
41.400000 -5.567668 -6.834040 -7.572087 -6.676615 -6.144730 -6.675159 -6.107780 -6.262127 -6.713366 -6.177853 -7.120162 -7.660036 -6.982612 -8.541187 -9.227556 -8.447344
41.440000 -5.567963 -6.819448 -7.548642 -6.657219 -6.132351 -6.660590 -6.096792 -6.249748 -6.694836 -6.167268 -7.107783 -7.644219 -6.968713 -8.528813 -9.211465 -8.434615
41.480000 -5.568258 -6.805329 -7.526891 -6.637730 -6.120316 -6.646495 -6.083746 -6.237712 -6.677215 -6.156935 -7.095746 -7.626953 -6.955244 -8.516783 -9.195951 -8.422248
41.520000 -5.567779 -6.789388 -7.509530 -6.616557 -6.108186 -6.632277 -6.070588 -6.225584 -6.659384 -6.146533 -7.083618 -7.609385 -6.941663 -8.504654 -9.180282 -8.409778
41.560000 -5.566528 -6.771835 -7.490339 -6.593974 -6.095978 -6.617963 -6.057342 -6.213379 -6.641395 -6.136075 -7.071415 -7.591661 -6.927991 -8.492444 -9.164494 -8.397224
41.600000 -5.565280 -6.754964 -7.466901 -6.572511 -6.084103 -6.604105 -6.044494 -6.201508 -6.624129 -6.125862 -7.059545 -7.576907 -6.914737 -8.480567 -9.149259 -8.385022
41.640000 -5.562343 -6.735193 -7.439759 -6.548878 -6.071724 -6.589541 -6.031036 -6.189128 -6.605755 -6.115277 -7.047163 -7.561694 -6.900844 -8.468190 -9.133169 -8.372290
41.680000 -5.559426 -6.716282 -7.416693 -6.526831 -6.059689 -6.575449 -6.017540 -6.177092 -6.588133 -6.104943 -7.035124 -7.547001 -6.887383 -8.456156 -9.117654 -8.359919
41.720000 -5.555483 -6.695921 -7.391146 -6.503046 -6.047559 -6.561232 -6.003519 -6.164963 -6.570302 -6.094541 -7.022995 -7.529964 -6.873802 -8.444029 -9.101985 -8.347451
41.760000 -5.550541 -6.674340 -7.364104 -6.477855 -6.035352 -6.546915 -5.989545 -6.152759 -6.552315 -6.080832 -7.010795 -7.511903 -6.860123 -8.431825 -9.086197 -8.335172
41.800000 -5.545655 -6.653781 -7.337306 -6.454053 -6.023479 -6.533055 -5.976022 -6.140888 -6.535049 -6.066154 -6.998927 -7.494564 -6.846864 -8.419954 -9.071400 -8.323346
41.840000 -5.538022 -6.628388 -7.301448 -6.424923 -6.011101 -6.518496 -5.961768 -6.128508 -6.516674 -6.050678 -6.986544 -7.476136 -6.832977 -8.407572 -9.056647 -8.311003
41.880000 -5.530522 -6.604399 -7.268332 -6.397633 -5.999066 -6.504076 -5.947967 -6.116472 -6.498945 -6.035744 -6.974505 -7.461337 -6.819521 -8.395532 -9.042383 -8.299004
41.920000 -5.522142 -6.578237 -7.233344 -6.367958 -5.986938 -6.489386 -5.934045 -6.104343 -6.480807 -6.020661 -6.962375 -7.447598 -6.805941 -8.383404 -9.027981 -8.286917
41.960000 -5.512936 -6.550347 -7.203531 -6.336465 -5.974732 -6.474586 -5.920027 -6.092139 -6.462510 -6.005557 -6.950172 -7.433762 -6.792259 -8.371204 -9.013468 -8.274759
42.000000 -5.503922 -6.524141 -7.175551 -6.307149 -5.962860 -6.460276 -5.906447 -6.080268 -6.444954 -5.994241 -6.938302 -7.420353 -6.779147 -8.359337 -8.999429 -8.262935
42.040000 -5.494931 -6.492277 -7.140181 -6.273060 -5.950482 -6.445221 -5.892199 -6.067888 -6.426256 -5.982453 -6.925923 -7.406298 -6.765163 -8.346953 -8.984673 -8.250593
42.080000 -5.486122 -6.462592 -7.106343 -6.241579 -5.938447 -6.430672 -5.878412 -6.055851 -6.408332 -5.970986 -6.913887 -7.392683 -6.753127 -8.334913 -8.970407 -8.238595
42.120000 -5.476929 -6.430308 -7.061111 -6.208728 -5.926320 -6.415980 -5.866963 -6.043722 -6.390194 -5.959430 -6.901757 -7.378945 -6.741000 -8.322783 -8.956005 -8.226508
42.160000 -5.467379 -6.396101 -7.011463 -6.174440 -5.914115 -6.399896 -5.855446 -6.031518 -6.371895 -5.947803 -6.889550 -7.365108 -6.728797 -8.310581 -8.941497 -8.214347
42.200000 -5.458034 -6.364393 -6.966940 -6.142696 -5.902245 -6.383786 -5.844230 -6.019647 -6.354339 -5.936487 -6.877677 -7.351699 -6.716930 -8.298712 -8.927462 -8.202520
42.240000 -5.446349 -6.325579 -6.919048 -6.103034 -5.889866 -6.364142 -5.832557 -6.007269 -6.339255 -5.922222 -6.865303 -7.334347 -6.704890 -8.286334 -8.910758 -8.192011
42.280000 -5.434970 -6.289950 -6.875917 -6.075550 -5.877830 -6.345265 -5.821192 -5.995233 -6.325258 -5.907786 -6.853271 -7.316842 -6.693414 -8.274299 -8.893719 -8.181930
42.320000 -5.422208 -6.251867 -6.836257 -6.047855 -5.865703 -6.323174 -5.807611 -5.983104 -6.311130 -5.894088 -6.841141 -7.298568 -6.681858 -8.262169 -8.875736 -8.171786
42.360000 -5.408192 -6.212152 -6.799560 -6.012102 -5.853501 -6.298377 -5.791523 -5.970899 -6.296899 -5.880296 -6.828931 -7.280128 -6.670235 -8.249960 -8.857599 -8.161589
42.400000 -5.394614 -6.175765 -6.765759 -5.972503 -5.841632 -6.277647 -5.775217 -5.959027 -6.283122 -5.866937 -6.817055 -7.262438 -6.658915 -8.238086 -8.840189 -8.151629
42.440000 -5.378253 -6.140071 -6.727878 -5.937691 -5.825508 -6.253876 -5.747129 -5.946649 -6.268657 -5.852911 -6.804679 -7.243576 -6.647132 -8.225710 -8.821653 -8.141305
42.480000 -5.362487 -6.107088 -6.691766 -5.905501 -5.809962 -6.236286 -5.720640 -5.934615 -6.254660 -5.839333 -6.792646 -7.225500 -6.635713 -8.213678 -8.803876 -8.131224
42.520000 -5.345724 -6.077853 -6.657806 -5.876595 -5.790887 -6.217326 -5.693895 -5.922486 -6.240533 -5.825635 -6.780518 -7.207211 -6.625141 -8.201548 -8.785892 -8.121078
42.560000 -5.328097 -6.051798 -6.625729 -5.851485 -5.768751 -6.193056 -5.660974 -5.910281 -6.226301 -5.815008 -6.768313 -7.188765 -6.614508 -8.189339 -8.767754 -8.110488
42.600000 -5.311158 -6.027218 -6.595859 -5.827764 -5.747690 -6.165423 -5.640930 -5.898409 -6.212522 -5.803115 -6.756440 -7.171071 -6.604131 -8.177464 -8.750343 -8.096943
42.640000 -5.291110 -6.002310 -6.563749 -5.802324 -5.721023 -6.138618 -5.616976 -5.886032 -6.197900 -5.788438 -6.744060 -7.152220 -6.593371 -8.165089 -8.731819 -8.083162
42.680000 -5.271948 -5.978752 -6.537285 -5.778308 -5.695899 -6.113415 -5.584626 -5.873997 -6.183608 -5.774240 -6.732023 -7.134154 -6.582872 -8.153057 -8.715198 -8.069813
42.720000 -5.251580 -5.954961 -6.506424 -5.754317 -5.668811 -6.086565 -5.550781 -5.861870 -6.169179 -5.759914 -6.719895 -7.115865 -6.572302 -8.140929 -8.697154 -8.056350
42.760000 -5.230206 -5.931036 -6.475336 -5.730861 -5.640190 -6.058440 -5.516339 -5.849665 -6.154640 -5.745486 -6.707695 -7.101164 -6.561671 -8.128722 -8.678950 -8.042797
42.800000 -5.209835 -5.908361 -6.446340 -5.708607 -5.613340 -6.032026 -5.484428 -5.837794 -6.140579 -5.731521 -6.695827 -7.087711 -6.551295 -8.116849 -8.661872 -8.031748
42.840000 -5.187386 -5.884191 -6.418459 -5.685238 -5.582667 -6.000015 -5.449978 -5.825416 -6.125792 -5.716850 -6.683443 -7.073594 -6.540533 -8.104469 -8.643793 -8.021621
42.880000 -5.166041 -5.861296 -6.395733 -5.663063 -5.554018 -5.961908 -5.418886 -5.813382 -6.111497 -5.702965 -6.671401 -7.059926 -6.530032 -8.092432 -8.626439 -8.008695
42.920000 -5.143862 -5.838408 -6.372727 -5.634914 -5.523940 -5.921125 -5.382485 -5.801255 -6.097068 -5.689184 -6.659272 -7.046135 -6.516719 -8.080304 -8.608877 -7.995111
42.960000 -5.121022 -5.815583 -6.349542 -5.602389 -5.492832 -5.879033 -5.353016 -5.789053 -6.082534 -5.675308 -6.647071 -7.032809 -6.501504 -8.068101 -8.591059 -7.981435
43.000000 -5.099323 -5.793899 -6.327533 -5.572167 -5.463803 -5.847901 -5.322338 -5.777184 -6.068475 -5.663042 -6.635203 -7.019998 -6.486807 -8.056232 -8.573706 -7.968177
43.040000 -5.074115 -5.771446 -6.303956 -5.537664 -5.429119 -5.811526 -5.288378 -5.764809 -6.054050 -5.651143 -6.622823 -7.002253 -6.471330 -8.043849 -8.555264 -7.954279
43.080000 -5.050290 -5.750097 -6.281593 -5.512070 -5.397000 -5.778015 -5.256882 -5.752776 -6.040433 -5.639566 -6.610786 -6.985148 -6.458427 -8.031810 -8.537572 -7.940813
43.120000 -5.025775 -5.729184 -6.258792 -5.493006 -5.363933 -5.744491 -5.224520 -5.740651 -6.026698 -5.627905 -6.598656 -6.967846 -6.446012 -8.019683 -8.519662 -7.927228
43.160000 -5.000748 -5.708693 -6.235675 -5.474421 -5.330280 -5.710113 -5.190944 -5.728450 -6.012869 -5.616176 -6.586451 -6.950396 -6.433518 -8.007483 -8.502263 -7.913715
43.200000 -4.977086 -5.689125 -6.213728 -5.456599 -5.299049 -5.678258 -5.159306 -5.716582 -5.999468 -5.604759 -6.574579 -6.933628 -6.421378 -7.995617 -8.486274 -7.900721
43.240000 -4.951488 -5.669865 -6.187042 -5.437735 -5.264425 -5.642223 -5.125271 -5.704211 -5.965379 -5.588151 -6.562203 -6.915813 -6.407576 -7.983233 -8.469342 -7.887119
43.280000 -4.927316 -5.651422 -6.159955 -5.419657 -5.232360 -5.608950 -5.092250 -5.692182 -5.944442 -5.572998 -6.550170 -6.898665 -6.393203 -7.971192 -8.453046 -7.873930
43.320000 -4.903195 -5.633199 -6.132216 -5.400714 -5.200078 -5.578515 -5.058759 -5.680062 -5.901544 -5.550660 -6.538041 -6.883269 -6.378689 -7.959061 -8.436582 -7.860625
43.360000 -4.879185 -5.615198 -6.103504 -5.381046 -5.167782 -5.544524 -5.026584 -5.667867 -5.856256 -5.519004 -6.525832 -6.867748 -6.364063 -7.946858 -8.419990 -7.847224
43.400000 -4.856433 -5.597914 -6.076574 -5.363242 -5.137722 -5.508139 -4.996630 -5.656005 -5.841750 -5.490175 -6.513958 -6.852767 -6.350408 -7.934987 -8.404010 -7.833224
43.440000 -4.833307 -5.579334 -6.041054 -5.340764 -5.109055 -5.474413 -4.971564 -5.633436 -5.823046 -5.446307 -6.501583 -6.836964 -6.336249 -7.922610 -8.387073 -7.817609
43.480000 -4.811350 -5.561517 -6.004847 -5.309729 -5.082164 -5.444163 -4.947865 -5.611982 -5.801280 -5.409373 -6.489552 -6.821720 -6.322539 -7.910576 -8.370774 -7.802538
43.520000 -4.789767 -5.542564 -5.960772 -5.285396 -5.058075 -5.424619 -4.926361 -5.581868 -5.766320 -5.373534 -6.477425 -6.806326 -6.308706 -7.898445 -8.353148 -7.788364
43.560000 -4.768556 -5.522649 -5.914578 -5.255033 -5.036427 -5.404645 -4.906795 -5.544835 -5.723816 -5.333852 -6.465218 -6.790818 -6.294773 -7.886236 -8.335153 -7.775219
43.600000 -4.748332 -5.503608 -5.873033 -5.225832 -5.015806 -5.378445 -4.884076 -5.510714 -5.684406 -5.295211 -6.453346 -6.775848 -6.281277 -7.874361 -8.317688 -7.762463
43.640000 -4.728022 -5.478836 -5.823655 -5.195945 -4.996615 -5.352234 -4.863518 -5.471012 -5.640387 -5.253743 -6.440969 -6.759857 -6.267116 -7.861990 -8.299091 -7.749123
43.680000 -4.708620 -5.455401 -5.782076 -5.167983 -4.978236 -5.327993 -4.843891 -5.434637 -5.598005 -5.216126 -6.428935 -6.742330 -6.253403 -7.849961 -8.282213 -7.736692
43.720000 -4.690205 -5.429992 -5.730649 -5.144831 -4.961219 -5.304663 -4.824404 -5.398891 -5.563302 -5.181027 -6.416808 -6.724605 -6.241546 -7.837832 -8.265056 -7.724222
43.760000 -4.672691 -5.403004 -5.673189 -5.122408 -4.945438 -5.282172 -4.804179 -5.363850 -5.528826 -5.148049 -6.404607 -6.706734 -6.229992 -7.825620 -8.247261 -7.711667
43.800000 -4.655856 -5.377595 -5.625440 -5.096054 -4.930210 -5.260789 -4.784865 -5.331426 -5.496886 -5.113999 -6.392738 -6.689572 -6.218285 -7.813742 -8.230172 -7.699464
43.840000 -4.640648 -5.354149 -5.585547 -5.088100 -4.917953 -5.240580 -4.773788 -5.296839 -5.462053 -5.083393 -6.380360 -6.671315 -6.205229 -7.801366 -8.212018 -7.686169
43.880000 -4.625954 -5.331904 -5.541631 -5.080574 -4.906032 -5.221271 -4.763725 -5.264805 -5.424941 -5.055251 -6.368325 -6.653797 -6.195362 -7.789332 -8.194321 -7.673046
43.920000 -4.612588 -5.313566 -5.508424 -5.080056 -4.896182 -5.203511 -4.756369 -5.232900 -5.387655 -5.027556 -6.356201 -6.636078 -6.184162 -7.777206 -8.176379 -7.659816
43.960000 -4.600443 -5.298699 -5.488554 -5.086304 -4.888271 -5.187150 -4.751586 -5.201254 -5.360940 -4.997866 -6.344005 -6.618312 -6.172614 -7.765003 -8.158363 -7.646497
44.000000 -4.588628 -5.284324 -5.467757 -5.088343 -4.880501 -5.171383 -4.746855 -5.171758 -5.334486 -4.970134 -6.332142 -6.607941 -6.161366 -7.753133 -8.141198 -7.633575
44.040000 -4.579649 -5.283907 -5.455487 -5.100310 -4.877235 -5.159041 -4.750243 -5.141227 -5.296375 -4.942198 -6.319766 -6.597174 -6.149674 -7.740750 -8.126983 -7.620049
44.080000 -4.570851 -5.283490 -5.441789 -5.106859 -4.873994 -5.146586 -4.747798 -5.112703 -5.261722 -4.911806 -6.307732 -6.586676 -6.138290 -7.728709 -8.113499 -7.607625
44.120000 -4.563707 -5.288431 -5.436340 -5.129267 -4.873346 -5.134385 -4.751479 -5.084863 -5.226752 -4.882990 -6.295611 -6.575830 -6.126825 -7.716582 -8.099897 -7.597002
44.160000 -4.558138 -5.298918 -5.434955 -5.147794 -4.875281 -5.123473 -4.758050 -5.057693 -5.192101 -4.855578 -6.283417 -6.562778 -6.115099 -7.704384 -8.086201 -7.586376
44.200000 -4.552640 -5.309664 -5.442048 -5.185827 -4.877224 -5.116471 -4.764555 -5.032123 -5.164662 -4.829796 -6.271556 -6.546167 -6.103195 -7.692520 -8.072926 -7.574835
44.240000 -4.550562 -5.328528 -5.452305 -5.214491 -4.884503 -5.110837 -4.774146 -5.007230 -5.135402 -4.807280 -6.259191 -6.528190 -6.087627 -7.680135 -8.059003 -7.562097
44.280000 -4.548494 -5.348250 -5.485066 -5.234234 -4.891905 -5.106131 -4.783954 -4.983686 -5.106789 -4.784139 -6.247168 -6.510931 -6.065345 -7.668093 -8.045516 -7.549722
44.320000 -4.548297 -5.373876 -5.518924 -5.270418 -4.901527 -5.095829 -4.794875 -4.961886 -5.083380 -4.764339 -6.235002 -6.486223 -6.035550 -7.655964 -8.032024 -7.537254
44.360000 -4.549970 -5.406461 -5.541768 -5.337420 -4.913518 -5.095993 -4.813715 -4.941635 -5.065887 -4.750340 -6.222715 -6.441840 -6.015108 -7.643763 -8.018822 -7.524710
44.400000 -4.551650 -5.441691 -5.600391 -5.386963 -4.925848 -5.098884 -4.824775 -4.922288 -5.049952 -4.736778 -6.210765 -6.405543 -5.995376 -7.631895 -8.006010 -7.512519
44.440000 -4.556961 -5.489336 -5.634840 -5.450596 -4.942046 -5.105029 -4.834424 -4.907178 -5.038876 -4.730713 -6.180336 -6.376173 -5.945615 -7.619520 -7.992608 -7.499784
44.480000 -4.562338 -5.542859 -5.697578 -5.506654 -4.958870 -5.111206 -4.848880 -4.892576 -5.028075 -4.727702 -6.151901 -6.335572 -5.899359 -7.607488 -7.979607 -7.487412
44.520000 -4.569480 -5.602574 -5.790846 -5.580018 -4.978305 -5.111573 -4.866911 -4.881486 -5.015621 -4.725192 -6.110561 -6.293200 -5.855963 -7.595359 -7.966313 -7.475003
44.560000 -4.578475 -5.670260 -5.900168 -5.654073 -5.000682 -5.109935 -4.895961 -4.873655 -5.001418 -4.726741 -6.059805 -6.247656 -5.814565 -7.583151 -7.948862 -7.463724
44.600000 -4.587661 -5.750478 -6.045682 -5.739489 -5.024276 -5.118080 -4.922992 -4.865963 -4.987664 -4.727615 -6.014365 -6.210382 -5.776782 -7.571276 -7.932093 -7.450927
44.640000 -4.600317 -5.833713 -6.172996 -5.830009 -5.051649 -5.143271 -4.946472 -4.864617 -4.977971 -4.733701 -5.970772 -6.176175 -5.741475 -7.558906 -7.914287 -7.437568
44.680000 -4.613353 -5.936775 -6.361574 -5.966579 -5.080863 -5.170195 -4.962982 -4.863275 -4.968933 -4.739840 -5.931158 -6.142210 -5.704097 -7.546879 -7.897190 -7.425354
44.720000 -4.628157 -6.055835 -6.574852 -6.108002 -5.112022 -5.192000 -4.983199 -4.865523 -4.963403 -4.750200 -5.893663 -6.095145 -5.665263 -7.534754 -7.879892 -7.412374
44.760000 -4.644901 -6.197601 -6.777589 -6.249435 -5.145415 -5.221942 -5.009350 -4.871415 -4.965655 -4.762856 -5.858048 -6.051033 -5.634162 -7.522548 -7.862490 -7.399244
44.800000 -4.662317 -6.409439 -7.255437 -6.478615 -5.181591 -5.240295 -5.053278 -4.877388 -4.974852 -4.776026 -5.825134 -6.015772 -5.603887 -7.510675 -7.849543 -7.386499
44.840000 -4.682123 -6.568126 -7.453921 -6.639277 -5.220974 -5.273108 -5.091433 -4.890634 -4.983619 -4.794838 -5.792353 -5.978006 -5.572673 -7.498306 -7.835985 -7.373175
44.880000 -4.702875 -6.820771 -7.815524 -6.897059 -5.264288 -5.326528 -5.137293 -4.904297 -4.993257 -4.808353 -5.761874 -5.943265 -5.543571 -7.486280 -7.822539 -7.360247
44.920000 -4.725030 -7.120224 -8.348312 -7.206679 -5.310546 -5.374784 -5.177888 -4.921455 -5.008290 -4.825415 -5.732463 -5.909899 -5.519901 -7.474160 -7.808851 -7.347218
44.960000 -4.748757 -7.351534 -8.627173 -7.448270 -5.360238 -5.436147 -5.219612 -4.942523 -5.018751 -4.845260 -5.704045 -5.878423 -5.499007 -7.461964 -7.795070 -7.334108
45.000000 -4.773855 -7.879323 -9.718312 -8.037660 -5.416360 -5.502701 -5.265436 -4.964665 -5.038763 -4.865950 -5.677373 -5.849179 -5.475011 -7.450100 -7.781715 -7.321327
45.040000 -4.799846 -8.087152 -9.933808 -8.249202 -5.468810 -5.565482 -5.319088 -4.992271 -5.069723 -4.895172 -5.651229 -5.813151 -5.445899 -7.437731 -7.767712 -7.307872
45.080000 -4.827492 -8.500250 -10.380578 -8.642560 -5.528475 -5.640714 -5.368944 -5.021753 -5.101653 -4.927936 -5.626571 -5.780635 -5.418623 -7.425705 -7.754148 -7.295172
45.120000 -4.856086 -9.280794 -11.524926 -9.369376 -5.589626 -5.712137 -5.428445 -5.054305 -5.138373 -4.964806 -5.603406 -5.751448 -5.394683 -7.413592 -7.740390 -7.282168
45.160000 -4.885699 -9.565479 -11.823220 -9.654310 -5.651537 -5.783258 -5.488731 -5.090499 -5.177058 -4.996194 -5.581574 -5.723183 -5.373634 -7.401409 -7.726471 -7.268890
45.200000 -4.917480 -10.697013 -13.716831 -10.853868 -5.723766 -5.869806 -5.558991 -5.129986 -5.217432 -5.032707 -5.560787 -5.696653 -5.354541 -7.389559 -7.712987 -7.255649
45.240000 -4.948478 -10.917475 -13.937879 -11.071977 -5.789061 -5.958949 -5.629027 -5.171911 -5.263787 -5.076960 -5.543498 -5.672475 -5.347429 -7.377202 -7.677952 -7.241763
45.280000 -4.981860 -11.387725 -14.411015 -11.530872 -5.865941 -6.067927 -5.703412 -5.218319 -5.313557 -5.127453 -5.526870 -5.649286 -5.345092 -7.365187 -7.645703 -7.225296
45.320000 -5.015751 -13.112395 -16.645328 -12.848129 -5.947785 -6.175485 -5.791656 -5.267137 -5.360544 -5.173278 -5.513501 -5.629350 -5.340913 -7.351803 -7.598574 -7.192111
45.360000 -5.050054 -13.411727 -16.945824 -13.146221 -6.034473 -6.288512 -5.876516 -5.318598 -5.415416 -5.219318 -5.503116 -5.615128 -5.340096 -7.337184 -7.535979 -7.159876
45.400000 -5.087300 -15.519484 -20.676442 -15.453569 -6.142891 -6.428321 -5.998834 -5.376988 -5.478912 -5.268143 -5.492973 -5.601963 -5.338441 -7.323041 -7.496431 -7.122784
45.440000 -5.122021 -15.741186 -20.898241 -15.674830 -6.241798 -6.548523 -6.098374 -5.431951 -5.538099 -5.314403 -5.491308 -5.595013 -5.344405 -7.281354 -7.464081 -7.057291
45.480000 -5.159761 -16.217575 -21.375115 -16.149029 -6.370085 -6.716589 -6.228947 -5.494892 -5.606645 -5.370775 -5.489650 -5.588174 -5.353008 -7.243320 -7.417986 -7.005246
45.520000 -5.197609 -18.911613 -24.535834 -18.462191 -6.508014 -6.909342 -6.363957 -5.559875 -5.666954 -5.428081 -5.492855 -5.588689 -5.364178 -7.194348 -7.373738 -6.953419
45.560000 -5.235267 -19.212607 -24.836864 -18.763053 -6.647986 -7.073951 -6.502317 -5.626223 -5.725088 -5.488503 -5.501032 -5.600689 -5.380272 -7.138066 -7.331899 -6.906945
45.600000 -5.276504 -22.995972 -30.432454 -22.277134 -6.855800 -7.366166 -6.702384 -5.704568 -5.791700 -5.558727 -5.509366 -5.613082 -5.396675 -7.088249 -7.298111 -6.861723
45.640000 -5.313841 -23.217818 -30.654302 -22.498982 -6.996805 -7.524360 -6.850436 -5.773164 -5.858076 -5.621683 -5.526162 -5.632018 -5.418499 -7.044378 -7.262180 -6.826814
45.680000 -5.354693 -23.694927 -31.131423 -22.976096 -7.206929 -7.792767 -7.085126 -5.854665 -5.944058 -5.697342 -5.543634 -5.649900 -5.442301 -7.004534 -7.230603 -6.796966
45.720000 -5.395407 -28.145673 -37.105751 -27.701346 -7.442266 -8.105366 -7.339846 -5.937797 -6.022584 -5.765892 -5.564590 -5.667432 -5.470194 -6.967845 -7.190180 -6.769312
45.760000 -5.435526 -28.446703 -37.406781 -28.002373 -7.641991 -8.346044 -7.544861 -6.019744 -6.100523 -5.836774 -5.589523 -5.689489 -5.501734 -6.933833 -7.150016 -6.737963
45.800000 -5.479733 -34.877674 -45.521702 -33.835007 -8.022780 -8.970912 -7.963475 -6.120837 -6.205090 -5.933031 -5.615976 -5.719249 -5.535867 -6.902293 -7.112995 -6.707009
45.840000 -5.519074 -35.099522 -45.743551 -34.056856 -8.205709 -9.174552 -8.142871 -6.200633 -6.283826 -6.010479 -5.646750 -5.753340 -5.571171 -6.872116 -7.072816 -6.677071
45.880000 -5.562336 -35.576644 -46.220672 -34.533976 -8.527924 -9.569652 -8.453976 -6.298467 -6.382897 -6.100780 -5.679873 -5.789317 -5.612269 -6.843899 -7.035877 -6.649397
45.920000 -5.605400 -43.483834 -193.183653 -41.715430 -8.962565 -10.272553 -8.941709 -6.396759 -6.470754 -6.188749 -5.715359 -5.823174 -5.650732 -6.817133 -7.009785 -6.623697
45.960000 -5.647704 -43.784864 -193.484683 -42.016460 -9.220987 -10.557564 -9.192138 -6.488880 -6.553508 -6.272765 -5.753598 -5.853854 -5.690341 -6.791666 -6.985029 -6.599731
46.000000 -5.694578 -52.860225 nan -51.325344 -9.949382 -11.698395 -9.861140 -6.605953 -6.656398 -6.375677 -5.795532 -5.896338 -5.736803 -6.767609 -6.961637 -6.577021
46.040000 -5.736095 -53.082074 nan -51.547192 -10.160961 -11.917327 -10.066652 -6.692297 -6.738296 -6.457032 -5.837809 -5.939126 -5.781098 -6.745190 -6.938494 -6.558107
46.080000 -5.782005 -53.559195 nan -52.024314 -10.590091 -12.380314 -10.471582 -6.800178 -6.846118 -6.562529 -5.884651 -5.981433 -5.830015 -6.723872 -6.916499 -6.539984
46.120000 -5.827784 -inf nan nan -11.488456 -13.557542 -11.245050 -6.908249 -6.955063 -6.672143 -5.933572 -6.028822 -5.880605 -6.704565 -6.895091 -6.525342
46.160000 -5.872788 -inf nan nan -11.775544 -13.854050 -11.535526 -7.007024 -7.055043 -6.776452 -5.984672 -6.080501 -5.931980 -6.687054 -6.875426 -6.513862
46.200000 -5.923000 -inf nan nan -12.974915 -15.886644 -12.755612 -7.135089 -7.181574 -6.909794 -6.042597 -6.142070 -5.987597 -6.670222 -6.857977 -6.502677
46.240000 -5.967298 -inf nan nan -13.195388 -16.108037 -12.974303 -7.227919 -7.279494 -7.008303 -6.097290 -6.198064 -6.038290 -6.659029 -6.844715 -6.496902
46.280000 -6.016633 -inf nan nan -13.665692 -16.582891 -13.435973 -7.346142 -7.398277 -7.124857 -6.159877 -6.260413 -6.100983 -6.648118 -6.831703 -6.484756
46.320000 -6.065953 -inf nan nan -15.393701 -18.730190 -14.843541 -7.468313 -7.520733 -7.243150 -6.224507 -6.325798 -6.162874 -6.641590 -6.821314 -6.489640
46.360000 -6.114496 -inf nan nan -15.692627 -19.031133 -15.143367 -7.584772 -7.659359 -7.358067 -6.290531 -6.391213 -6.226403 -6.639254 -6.811188 -6.495059
46.400000 -6.169157 -inf nan nan -17.707321 -22.273614 -17.382757 -7.744384 -7.848643 -7.516145 -6.368424 -6.468465 -6.305544 -6.636931 -6.803870 -6.507072
46.440000 -6.217036 -inf nan nan -17.929116 -22.495456 -17.604489 -7.862368 -7.989218 -7.642218 -6.436206 -6.528621 -6.369912 -6.645744 -6.806465 -6.529558
46.480000 -6.270856 -inf nan nan -18.405965 -22.972541 -18.081031 -8.024874 -8.199725 -7.805630 -6.516559 -6.603586 -6.445595 -6.654740 -6.807123 -6.549026
46.520000 -6.324745 -inf nan nan -21.531110 -27.062902 -20.551742 -8.199117 -8.445581 -7.979268 -6.598281 -6.680802 -6.521702 -6.669319 -6.812358 -6.572651
46.560000 -6.377733 -inf nan nan -21.832068 -27.363928 -20.852759 -8.359920 -8.638002 -8.139368 -6.678554 -6.752866 -6.598391 -6.690059 -6.822809 -6.602195
46.600000 -6.438097 -inf nan nan -25.309840 -32.251104 -24.689647 -8.618072 -9.025476 -8.410726 -6.777107 -6.842136 -6.694597 -6.711840 -6.838849 -6.633967
46.640000 -6.490244 -inf nan nan -25.531688 -32.472952 -24.911491 -8.769763 -9.190252 -8.563399 -6.855063 -6.914385 -6.770044 -6.742423 -6.869296 -6.671915
46.680000 -6.549520 -inf nan nan -26.008807 -32.950072 -25.388583 -9.004874 -9.472074 -8.807764 -6.950142 -7.001515 -6.857006 -6.775324 -6.911231 -6.708708
46.720000 -6.608878 -inf nan nan -31.295014 -39.751183 -29.747842 -9.275706 -9.864250 -9.055480 -7.045552 -7.089872 -6.942701 -6.811932 -6.952934 -6.755536
46.760000 -6.666999 -inf nan nan -31.596043 -40.052213 -30.048870 -9.491179 -10.109033 -9.267228 -7.135200 -7.173882 -7.026696 -6.853022 -6.989121 -6.804720
46.800000 -6.734117 -inf nan nan -37.144425 -47.801218 -36.057753 -9.937751 -10.738073 -9.663098 -7.248299 -7.281725 -7.134819 -6.898409 -7.022932 -6.857944
46.840000 -6.790968 -inf nan nan -37.366274 -48.023066 -36.279602 -10.125489 -10.940298 -9.840835 -7.331311 -7.366052 -7.210425 -6.945013 -7.068286 -6.906030
46.880000 -6.856397 -inf nan nan -37.843395 -48.500188 -36.756723 -10.463460 -11.330804 -10.151645 -7.434032 -7.469419 -7.302836 -6.997226 -7.122756 -6.960110
46.920000 -6.921886 -inf nan nan -46.259266 nan -43.712728 -10.936946 -12.008699 -10.586111 -7.536622 -7.562099 -7.402637 -7.051385 -7.178698 -7.015543
46.960000 -6.985599 -inf nan nan -46.560296 nan -44.013758 -11.194014 -12.296823 -10.844417 -7.630811 -7.655833 -7.490505 -7.107352 -7.236166 -7.072651
47.000000 -7.060293 -inf nan nan -59.949492 nan -55.101344 -11.909488 -13.351551 -11.571691 -7.751253 -7.781000 -7.598978 -7.171615 -7.298107 -7.139715
47.040000 -7.122135 -inf nan nan -60.171341 nan -55.323193 -12.122584 -13.569953 -11.778741 -7.837691 -7.865169 -7.677641 -7.229582 -7.351438 -7.196816
47.080000 -7.194267 -inf nan nan -60.648462 nan -55.800314 -12.558410 -14.030242 -12.188603 -7.945718 -7.974109 -7.771114 -7.296496 -7.412247 -7.260396
47.120000 -7.266385 -inf nan nan -inf nan nan -13.519168 -15.370486 -12.964753 -8.053776 -8.081492 -7.868760 -7.364621 -7.476352 -7.325964
47.160000 -7.335924 -inf nan nan -inf nan nan -13.808257 -15.668568 -13.254788 -8.152213 -8.183361 -7.963758 -7.432555 -7.539436 -7.387713
47.200000 -7.418762 -inf nan nan -inf nan nan -15.073934 -17.537376 -14.627726 -8.279709 -8.316035 -8.080678 -7.513121 -7.611326 -7.467995
47.240000 -7.485660 -inf nan nan -inf nan nan -15.293239 -17.758382 -14.847628 -8.372374 -8.422198 -8.179433 -7.580662 -7.671649 -7.535415
47.280000 -7.564774 -inf nan nan -inf nan nan -15.757860 -18.231314 -15.315205 -8.490327 -8.560416 -8.307847 -7.660676 -7.744620 -7.605967
47.320000 -7.643801 -inf nan nan -inf nan nan -17.225706 -20.546820 -16.726336 -8.612479 -8.705485 -8.432656 -7.741184 -7.814794 -7.677208
47.360000 -7.719241 -inf nan nan -inf nan nan -17.526367 -20.847708 -17.025586 -8.729495 -8.843345 -8.559826 -7.818893 -7.887281 -7.754011
47.400000 -7.810600 -inf nan nan -inf nan nan -20.296393 -24.294685 -19.113483 -8.890161 -9.055634 -8.715232 -7.913603 -7.976222 -7.843408
47.440000 -7.882473 -inf nan nan -inf nan nan -20.517892 -24.516490 -19.335280 -9.008974 -9.194296 -8.832061 -7.988334 -8.047878 -7.912404
47.480000 -7.968648 -inf nan nan -inf nan nan -20.993268 -24.993389 -19.812145 -9.173067 -9.394165 -9.000052 -8.078653 -8.134281 -7.993822
47.520000 -8.054663 -inf nan nan -inf nan nan -23.310934 -28.424098 -22.886864 -9.348886 -9.604622 -9.164261 -8.169389 -8.219867 -8.078063
47.560000 -8.135854 -inf nan nan -inf nan nan -23.611950 -28.725127 -23.187800 -9.509946 -9.795683 -9.317498 -8.255484 -8.300712 -8.154686
47.600000 -8.235795 -inf nan nan -inf nan nan -27.806717 -34.315850 -26.486062 -9.768774 -10.134320 -9.570722 -8.362974 -8.403174 -8.243661
47.640000 -8.312324 -inf nan nan -inf nan nan -28.028565 -34.537698 -26.707888 -9.921852 -10.312297 -9.714370 -8.444877 -8.482931 -8.315896
47.680000 -8.405285 -inf nan nan -inf nan nan -28.505682 -35.014820 -27.184896 -10.160363 -10.619712 -9.955370 -8.545902 -8.587643 -8.402591
47.720000 -8.498097 -inf nan nan -inf nan nan -33.429950 -41.638398 -31.959755 -10.436686 -11.024484 -10.205343 -8.647383 -8.688210 -8.496453
47.760000 -8.584796 -inf nan nan -inf nan nan -33.730980 -41.939428 -32.260785 -10.655671 -11.266686 -10.406338 -8.741918 -8.776748 -8.585654
47.800000 -8.693232 -inf nan nan -inf nan nan -39.317095 -50.956500 -38.317562 -11.118751 -11.858280 -10.830280 -8.862927 -8.906868 -8.698932
47.840000 -8.774293 -inf nan nan -inf nan nan -39.538944 -51.178348 -38.539411 -11.303869 -12.063639 -11.018871 -8.951057 -8.995940 -8.782866
47.880000 -8.874037 -inf nan nan -inf nan nan -40.016065 -51.655470 -39.016532 -11.633162 -12.466608 -11.359818 -9.061745 -9.107561 -8.886745
47.920000 -8.973742 -inf nan nan -inf nan nan -49.745637 nan -45.996871 -12.085806 -13.191205 -11.779392 -9.172992 -9.221494 -8.992558
47.960000 -9.065969 -inf nan nan -inf nan nan -50.046667 nan -46.297901 -12.348808 -13.471417 -12.035330 -9.274737 -9.324652 -9.090970
48.000000 -9.183212 -inf nan nan -inf nan nan -79.581662 nan -65.119126 -13.124334 -14.542031 -12.784888 -9.407856 -9.460209 -9.218143
48.040000 -9.268853 -inf nan nan -inf nan nan -79.803511 nan -65.340974 -13.337914 -14.759328 -12.993090 -9.501671 -9.556512 -9.308935
48.080000 -9.375638 -inf nan nan -inf nan nan -80.280632 nan -65.818096 -13.775897 -15.214394 -13.407754 -9.621500 -9.680441 -9.426409
48.120000 -9.482608 -inf nan nan -inf nan nan -inf nan nan -14.758454 -16.501302 -14.199254 -9.742648 -9.806811 -9.543010
48.160000 -9.580599 -inf nan nan -inf nan nan -inf nan nan -15.045391 -16.800694 -14.488517 -9.852519 -9.922413 -9.649754
48.200000 -9.707345 -inf nan nan -inf nan nan -inf nan nan -16.240164 -18.888110 -15.795602 -9.999958 -10.084894 -9.791595
48.240000 -9.797804 -inf nan nan -inf nan nan -inf nan nan -16.460837 -19.109063 -16.016219 -10.102525 -10.195125 -9.896795
48.280000 -9.912200 -inf nan nan -inf nan nan -inf nan nan -16.932125 -19.581734 -16.487235 -10.237058 -10.343217 -10.024559
48.320000 -10.027147 -inf nan nan -inf nan nan -inf nan nan -18.727627 -22.023446 -18.037114 -10.376574 -10.500673 -10.170709
48.360000 -10.131363 -inf nan nan -inf nan nan -inf nan nan -19.027842 -22.324459 -18.336510 -10.505590 -10.644336 -10.315219
48.400000 -10.268759 -inf nan nan -inf nan nan -inf nan nan -21.453752 -25.537999 -20.657461 -10.689953 -10.875117 -10.494812
48.440000 -10.364318 -inf nan nan -inf nan nan -inf nan nan -21.675350 -25.759836 -20.879030 -10.815855 -11.016450 -10.618520
48.480000 -10.487013 -inf nan nan -inf nan nan -inf nan nan -22.151223 -26.236899 -21.354756 -10.993881 -11.227312 -10.789743
48.520000 -10.610710 -inf nan nan -inf nan nan -inf nan nan -24.614001 -30.260361 -24.059966 -11.185461 -11.458875 -10.966559
48.560000 -10.721416 -inf nan nan -inf nan nan -inf nan nan -24.915029 -30.561390 -24.360991 -11.353774 -11.652133 -11.140296
48.600000 -10.870368 -inf nan nan -inf nan nan -inf nan nan -29.951176 -35.930302 -28.074151 -11.632272 -12.017133 -11.407011
48.640000 -10.971165 -inf nan nan -inf nan nan -inf nan nan -30.173018 -36.152150 -28.295998 -11.790143 -12.194081 -11.570903
48.680000 -11.102659 -inf nan nan -inf nan nan -inf nan nan -30.650107 -36.629272 -28.773112 -12.040693 -12.497694 -11.811256
48.720000 -11.235906 -inf nan nan -inf nan nan -inf nan nan -34.697721 -43.834500 -33.656890 -12.334855 -12.886880 -12.080940
48.760000 -11.353712 -inf nan nan -inf nan nan -inf nan nan -34.998751 -44.135530 -33.957916 -12.557187 -13.126023 -12.293227
48.800000 -11.515880 -inf nan nan -inf nan nan -inf nan nan -41.121423 -53.819380 -40.501523 -13.036733 -13.726911 -12.746573
48.840000 -11.622511 -inf nan nan -inf nan nan -inf nan nan -41.343271 -54.041228 -40.723371 -13.223523 -13.933110 -12.931896
48.880000 -11.764150 -inf nan nan -inf nan nan -inf nan nan -41.820393 -54.518350 -41.200493 -13.558327 -14.339539 -13.261859
48.920000 -11.908634 -inf nan nan -inf nan nan -inf nan nan -51.610115 nan -48.262315 -14.026092 -15.069106 -13.708547
48.960000 -12.034510 -inf nan nan -inf nan nan -inf nan nan -51.911145 nan -48.563345 -14.294645 -15.348420 -13.973267
49.000000 -12.212480 -inf nan nan -inf nan nan -inf nan nan -302.460067 nan -75.794387 -15.135958 -16.538640 -14.770953
49.040000 -12.325824 -inf nan nan -inf nan nan -inf nan nan -302.681916 nan -76.016236 -15.348663 -16.754949 -14.981942
49.080000 -12.479614 -inf nan nan -inf nan nan -inf nan nan -303.159037 nan -76.493357 -15.782752 -17.205382 -15.408564
49.120000 -12.637974 -inf nan nan -inf nan nan -inf nan nan -inf nan nan -16.726477 -18.712427 -16.225404
49.160000 -12.773521 -inf nan nan -inf nan nan -inf nan nan -inf nan nan -17.015631 -19.011136 -16.518304
49.200000 -12.971640 -inf nan nan -inf nan nan -inf nan nan -inf nan nan -18.283632 -20.937669 -17.871756
49.240000 -13.093479 -inf nan nan -inf nan nan -inf nan nan -inf nan nan -18.504679 -21.159412 -18.091732
49.280000 -13.263435 -inf nan nan -inf nan nan -inf nan nan -inf nan nan -18.977813 -21.636003 -18.559606
49.320000 -13.441874 -inf nan nan -inf nan nan -inf nan nan -inf nan nan -20.937466 -24.016507 -20.154985
49.360000 -13.593024 -inf nan nan -inf nan nan -inf nan nan -inf nan nan -21.237347 -24.317335 -20.455088
49.400000 -13.826822 -inf nan nan -inf nan nan -inf nan nan -inf nan nan -23.514524 -27.784287 -22.668704
49.440000 -13.965229 -inf nan nan -inf nan nan -inf nan nan -inf nan nan -23.736239 -28.006134 -22.890364
49.480000 -14.169579 -inf nan nan -inf nan nan -inf nan nan -inf nan nan -24.212691 -28.483252 -23.366541
49.520000 -14.393201 -inf nan nan -inf nan nan -inf nan nan -inf nan nan -26.945640 -33.412372 -26.251066
49.560000 -14.574624 -inf nan nan -inf nan nan -inf nan nan -inf nan nan -27.246668 -33.713400 -26.552075
49.600000 -14.892055 -inf nan nan -inf nan nan -inf nan nan -inf nan nan -32.211390 -38.532848 -30.484331
