#Quasar bolometric luminosity function in different black hole mass bins from TRINITY PaperIII (Fig. 3, Zhang+2024, MNRAS, 529, 2777)
#z: 6.00
#log10(Lbol [erg/s])(0) log10(QLF_total [Mpc^-3 dex^-1])(1) log10(QLF(5<logMbh<6) [Mpc^-3 dex^-1])(2) log10(QLF(5<logMbh<6)_16th [Mpc^-3 dex^-1])(3) log10(QLF(5<logMbh<6)_84th [Mpc^-3 dex^-1])(4)
#log10(QLF(6<logMbh<7) [Mpc^-3 dex^-1])(5) log10(QLF(6<logMbh<7)_16th [Mpc^-3 dex^-1])(6) log10(QLF(6<logMbh<7)_84th [Mpc^-3 dex^-1])(7)
#log10(QLF(7<logMbh<8) [Mpc^-3 dex^-1])(8) log10(QLF(7<logMbh<8)_16th [Mpc^-3 dex^-1])(9) log10(QLF(7<logMbh<8)_84th [Mpc^-3 dex^-1])(10)
#log10(QLF(8<logMbh<9) [Mpc^-3 dex^-1])(11) log10(QLF(8<logMbh<9)_16th [Mpc^-3 dex^-1])(12) log10(QLF(8<logMbh<9)_84th [Mpc^-3 dex^-1])(13)
#log10(QLF(9<logMbh<10) [Mpc^-3 dex^-1])(14) log10(QLF(9<logMbh<10)_16th [Mpc^-3 dex^-1])(15) log10(QLF(9<logMbh<10)_84th [Mpc^-3 dex^-1])(16)
40.000000 -6.891875 -7.863762 -9.016453 -7.860853 -7.147871 -8.102950 -7.332790 -7.363924 -8.199745 -7.352118 -8.415678 -9.189470 -8.215693 -10.121923 -11.499721 -10.013524
40.040000 -6.878011 -7.848003 -8.992554 -7.842807 -7.134992 -8.086501 -7.317753 -7.350968 -8.180626 -7.339438 -8.402796 -9.172385 -8.203909 -10.067466 -11.189888 -9.932780
40.080000 -6.864576 -7.832797 -8.969908 -7.825481 -7.122484 -8.070653 -7.303224 -7.338387 -8.162314 -7.327117 -8.390285 -9.155773 -8.192085 -10.019083 -11.073537 -9.820303
40.120000 -6.851080 -7.818164 -8.951713 -7.808212 -7.109791 -8.054823 -7.288697 -7.325720 -8.143800 -7.314703 -8.377677 -9.138896 -8.178777 -9.978992 -10.983384 -9.789954
40.160000 -6.837540 -7.804065 -8.937479 -7.791611 -7.096939 -8.039026 -7.274189 -7.312985 -8.125140 -7.302213 -8.364990 -9.121879 -8.165561 -9.945473 -10.951358 -9.768719
40.200000 -6.824409 -7.790409 -8.923709 -7.775656 -7.084457 -8.023786 -7.260155 -7.300612 -8.107249 -7.290073 -8.352663 -9.105503 -8.152933 -9.914358 -10.887984 -9.746276
40.240000 -6.810702 -7.777375 -8.909206 -7.760129 -7.071264 -8.007744 -7.245557 -7.287708 -8.088213 -7.277401 -8.339777 -9.088140 -8.139727 -9.889252 -10.834362 -9.719082
40.280000 -6.797413 -7.764720 -8.895183 -7.746237 -7.058459 -7.992274 -7.232237 -7.275176 -8.069976 -7.265089 -8.327262 -9.071444 -8.126911 -9.865519 -10.783227 -9.693582
40.320000 -6.783939 -7.752041 -8.881025 -7.730473 -7.045591 -7.976584 -7.218552 -7.262552 -8.051515 -7.252680 -8.314652 -9.054572 -8.113964 -9.843956 -10.758450 -9.676702
40.360000 -6.770307 -7.739349 -8.866757 -7.710806 -7.032677 -7.960717 -7.204475 -7.249852 -8.032889 -7.240190 -8.301965 -9.037565 -8.100909 -9.824312 -10.712428 -9.661471
40.400000 -6.757090 -7.727017 -8.852958 -7.691454 -7.020135 -7.945407 -7.190962 -7.237513 -8.015029 -7.228050 -8.289637 -9.021200 -8.088234 -9.805519 -10.681384 -9.642012
40.440000 -6.742931 -7.714138 -8.838407 -7.673629 -7.007098 -7.928958 -7.176993 -7.224625 -7.996012 -7.215379 -8.276749 -9.003836 -8.074916 -9.788610 -10.658387 -9.627757
40.480000 -6.729219 -7.701630 -8.824343 -7.656506 -6.994442 -7.913108 -7.163466 -7.212108 -7.977793 -7.203068 -8.264232 -8.987140 -8.061995 -9.772335 -10.636552 -9.613955
40.520000 -6.715115 -7.689020 -8.810143 -7.639969 -6.981703 -7.897134 -7.149828 -7.199496 -7.959344 -7.190631 -8.251611 -8.970266 -8.048995 -9.756836 -10.615477 -9.600198
40.560000 -6.700670 -7.676327 -8.795836 -7.623978 -6.968900 -7.881070 -7.136103 -7.186806 -7.940722 -7.178454 -8.238905 -8.953258 -8.035935 -9.742054 -10.595103 -9.586493
40.600000 -6.686690 -7.663994 -8.781999 -7.608554 -6.956463 -7.865579 -7.122803 -7.174476 -7.922867 -7.167183 -8.226560 -8.936890 -8.023256 -9.727758 -10.575643 -9.573208
40.640000 -6.671017 -7.651116 -8.767452 -7.594649 -6.943499 -7.849384 -7.108861 -7.161595 -7.903839 -7.156943 -8.213671 -8.919533 -8.010019 -9.713874 -10.555907 -9.559283
40.680000 -6.655891 -7.638609 -8.753390 -7.581206 -6.930910 -7.832683 -7.095357 -7.149086 -7.885988 -7.146678 -8.201153 -8.902842 -7.997241 -9.700419 -10.537030 -9.545790
40.720000 -6.639606 -7.626000 -8.738756 -7.567590 -6.918236 -7.814342 -7.081337 -7.136476 -7.868597 -7.134140 -8.188536 -8.885968 -7.984689 -9.687167 -10.518294 -9.532185
40.760000 -6.622307 -7.613307 -8.723619 -7.553832 -6.905494 -7.795843 -7.066960 -7.123784 -7.851056 -7.121525 -8.175839 -8.868955 -7.972063 -9.674109 -10.499717 -9.518491
40.800000 -6.605671 -7.600974 -8.709000 -7.540314 -6.893115 -7.778043 -7.052985 -7.111453 -7.834006 -7.109265 -8.163502 -8.852919 -7.959797 -9.661433 -10.481902 -9.505215
40.840000 -6.583714 -7.587902 -8.692374 -7.526271 -6.880204 -7.758569 -7.038166 -7.098573 -7.814333 -7.096463 -8.150626 -8.836666 -7.946986 -9.648544 -10.463339 -9.493757
40.880000 -6.562815 -7.575211 -8.676365 -7.513421 -6.867666 -7.739931 -7.023835 -7.086064 -7.795513 -7.084028 -8.138121 -8.819820 -7.934546 -9.636027 -10.445538 -9.482963
40.920000 -6.536302 -7.562258 -8.660107 -7.500480 -6.855034 -7.721053 -7.009372 -7.073454 -7.776451 -7.071497 -8.125509 -8.802083 -7.922006 -9.623411 -10.427581 -9.472185
40.960000 -6.505202 -7.549074 -8.643647 -7.487027 -6.842326 -7.701998 -6.994804 -7.060761 -7.757213 -7.058887 -8.112811 -8.784654 -7.909384 -9.610716 -10.409518 -9.461430
41.000000 -6.476180 -7.536279 -8.627793 -7.473978 -6.829979 -7.683744 -6.980709 -7.048429 -7.738791 -7.046633 -8.100473 -8.768275 -7.897123 -9.598381 -10.392178 -9.450938
41.040000 -6.417888 -7.522894 -8.610802 -7.461256 -6.817088 -7.664239 -6.965892 -7.035552 -7.719583 -7.033835 -8.087598 -8.750930 -7.884317 -9.585503 -10.373787 -9.440042
41.080000 -6.366502 -7.509908 -8.594454 -7.448897 -6.804569 -7.645573 -6.951565 -7.023046 -7.701474 -7.021404 -8.075093 -8.734252 -7.871881 -9.572996 -10.358462 -9.429417
41.120000 -6.279645 -7.496869 -8.577858 -7.436909 -6.791954 -7.626669 -6.937103 -7.010434 -7.683146 -7.008874 -8.062484 -8.717379 -7.859341 -9.560387 -10.342988 -9.418720
41.160000 -6.175441 -7.483792 -8.561062 -7.425271 -6.779261 -7.607587 -6.922534 -6.997736 -7.664658 -6.996265 -8.049790 -8.701218 -7.846716 -9.547694 -10.327397 -9.407388
41.200000 -6.091465 -7.471097 -8.544579 -7.413940 -6.766929 -7.591399 -6.908438 -6.985399 -7.646924 -6.984011 -8.037457 -8.685839 -7.834452 -9.535361 -10.312346 -9.395249
41.240000 -6.066245 -7.457943 -8.524759 -7.403137 -6.754048 -7.576113 -6.893623 -6.972518 -7.628026 -6.971214 -8.024577 -8.668626 -7.823979 -9.522484 -10.296460 -9.382579
41.280000 -6.042410 -7.445175 -8.505807 -7.392725 -6.741539 -7.557487 -6.879297 -6.960009 -7.609917 -6.958783 -8.012069 -8.652071 -7.813837 -9.509977 -10.281137 -9.370686
41.320000 -6.032884 -7.432339 -8.485791 -7.379014 -6.728928 -7.538424 -6.865443 -6.947398 -7.591589 -6.946252 -7.999460 -8.635324 -7.803629 -9.497368 -10.265661 -9.358913
41.360000 -6.036746 -7.419450 -8.464891 -7.362326 -6.716236 -7.519185 -6.851706 -6.934704 -7.573099 -6.933640 -7.986769 -8.618432 -7.793367 -9.484674 -10.250066 -9.347068
41.400000 -6.040643 -7.406933 -8.444952 -7.345225 -6.703904 -7.500963 -6.838395 -6.922371 -7.555364 -6.921385 -7.974438 -8.602529 -7.783345 -9.472342 -10.234920 -9.335539
41.440000 -6.040075 -7.391892 -8.421824 -7.321319 -6.691025 -7.481958 -6.824432 -6.909490 -7.536471 -6.908590 -7.961556 -8.587809 -7.772963 -9.459461 -10.218474 -9.323522
41.480000 -6.039508 -7.377354 -8.399868 -7.298661 -6.678517 -7.463756 -6.810308 -6.896980 -7.518367 -6.896161 -7.949045 -8.573571 -7.762828 -9.446951 -10.202632 -9.311832
41.520000 -6.039581 -7.361171 -8.376443 -7.274327 -6.665907 -7.445830 -6.796032 -6.884370 -7.500039 -6.883632 -7.936437 -8.559200 -7.752625 -9.434342 -10.186618 -9.300057
41.560000 -6.040294 -7.343539 -8.351833 -7.248646 -6.653215 -7.428938 -6.781656 -6.871678 -7.481982 -6.871019 -7.923750 -8.544724 -7.742364 -9.421654 -10.170472 -9.288212
41.600000 -6.041009 -7.326595 -8.328546 -7.224399 -6.640883 -7.412679 -6.767740 -6.859346 -7.464604 -6.858763 -7.911423 -8.530715 -7.732345 -9.409325 -10.154908 -9.276684
41.640000 -6.039521 -7.306167 -8.299631 -7.197058 -6.628004 -7.395461 -6.753119 -6.846465 -7.445624 -6.845969 -7.898537 -8.515921 -7.721964 -9.396442 -10.138460 -9.264670
41.680000 -6.038039 -7.286657 -8.272529 -7.171337 -6.615496 -7.378901 -6.738973 -6.833955 -7.427439 -6.833541 -7.886022 -8.501256 -7.711829 -9.383929 -10.122347 -9.252982
41.720000 -6.038183 -7.265523 -8.242701 -7.144772 -6.602886 -7.362160 -6.724701 -6.821347 -7.409029 -6.821013 -7.873412 -8.486241 -7.701626 -9.371319 -10.104104 -9.241207
41.760000 -6.039955 -7.243032 -8.219631 -7.117595 -6.590192 -7.345282 -6.710329 -6.808658 -7.391557 -6.808403 -7.860725 -8.471782 -7.691366 -9.358629 -10.085704 -9.229363
41.800000 -6.041735 -7.221648 -8.197082 -7.092019 -6.577858 -7.328883 -6.696418 -6.796329 -7.374835 -6.796147 -7.848397 -8.456174 -7.681348 -9.346300 -10.068054 -9.218804
41.840000 -6.043145 -7.195814 -8.168590 -7.063370 -6.564980 -7.310984 -6.681797 -6.783445 -7.357679 -6.783352 -7.835515 -8.439264 -7.670965 -9.333418 -10.049239 -9.208570
41.880000 -6.044560 -7.171430 -8.141881 -7.036494 -6.552472 -7.293794 -6.667653 -6.770932 -7.341345 -6.770923 -7.823004 -8.422990 -7.660830 -9.320908 -10.031210 -9.198574
41.920000 -6.044286 -7.145123 -8.112919 -7.009666 -6.539861 -7.276404 -6.653381 -6.758322 -7.324834 -6.758395 -7.810393 -8.406532 -7.650628 -9.308299 -10.012967 -9.188516
41.960000 -6.042328 -7.117300 -8.077751 -6.980062 -6.527165 -7.258861 -6.639009 -6.745633 -7.308186 -6.745786 -7.797702 -8.389932 -7.640370 -9.295610 -9.996112 -9.176706
42.000000 -6.040378 -7.091151 -8.042433 -6.952557 -6.514830 -7.242001 -6.625097 -6.733304 -7.292156 -6.733531 -7.785372 -8.373945 -7.630352 -9.283281 -9.980422 -9.164488
42.040000 -6.034458 -7.060015 -7.996621 -6.921683 -6.501949 -7.224101 -6.609949 -6.720423 -7.275183 -6.720736 -7.772492 -8.357031 -7.619969 -9.270399 -9.963837 -9.151731
42.080000 -6.028617 -7.030963 -7.955191 -6.892903 -6.489439 -7.206911 -6.594486 -6.707914 -7.258422 -6.708306 -7.759984 -8.340618 -7.609831 -9.257889 -9.947861 -9.139338
42.120000 -6.021301 -6.999747 -7.907684 -6.864144 -6.476828 -7.189517 -6.578862 -6.695304 -7.241147 -6.695779 -7.747373 -8.323443 -7.599297 -9.245278 -9.931712 -9.126847
42.160000 -6.012583 -6.966931 -7.855952 -6.825114 -6.464136 -7.171967 -6.565316 -6.682612 -7.223724 -6.683170 -7.734679 -8.306120 -7.584739 -9.232585 -9.915431 -9.114273
42.200000 -6.004037 -6.936421 -7.809744 -6.783678 -6.451804 -7.155101 -6.553019 -6.670281 -7.206975 -6.670917 -7.722346 -8.289461 -7.570654 -9.220253 -9.899738 -9.102053
42.240000 -5.992880 -6.897153 -7.761998 -6.733853 -6.438924 -7.137239 -6.538215 -6.657401 -7.189192 -6.658120 -7.709471 -8.271787 -7.555846 -9.207376 -9.883156 -9.089298
42.280000 -5.982003 -6.861143 -7.718988 -6.694192 -6.426415 -7.120206 -6.523899 -6.644892 -7.173083 -6.645689 -7.696967 -8.254805 -7.541527 -9.194870 -9.867184 -9.076907
42.320000 -5.969804 -6.822423 -7.679846 -6.666383 -6.413805 -7.100005 -6.508885 -6.632282 -7.157613 -6.633159 -7.684356 -8.237632 -7.527073 -9.182260 -9.851036 -9.064415
42.360000 -5.956399 -6.781897 -7.643358 -6.640100 -6.401114 -7.076010 -6.493261 -6.619589 -7.140456 -6.622213 -7.671659 -8.220317 -7.512512 -9.169564 -9.834753 -9.051840
42.400000 -5.943396 -6.744833 -7.606328 -6.615349 -6.388782 -7.053276 -6.478178 -6.607258 -7.122819 -6.612276 -7.659321 -8.203667 -7.498424 -9.157229 -9.819059 -9.039619
42.440000 -5.930322 -6.704546 -7.569639 -6.579797 -6.373574 -7.025977 -6.446971 -6.594380 -7.104544 -6.601983 -7.646446 -8.185984 -7.483695 -9.144352 -9.802475 -9.026864
42.480000 -5.917631 -6.667682 -7.535809 -6.544987 -6.358881 -7.003386 -6.414866 -6.581874 -7.088097 -6.591052 -7.633942 -8.168993 -7.469542 -9.131845 -9.786499 -9.014473
42.520000 -5.903013 -6.634993 -7.501157 -6.510895 -6.340417 -6.978937 -6.382699 -6.569264 -7.071468 -6.578051 -7.621333 -8.150780 -7.455254 -9.119236 -9.770354 -9.001982
42.560000 -5.886669 -6.605799 -7.466052 -6.477567 -6.318664 -6.952988 -6.358613 -6.556568 -7.054702 -6.564980 -7.608639 -8.132149 -7.440857 -9.106543 -9.754077 -8.989408
42.600000 -5.870918 -6.578444 -7.433575 -6.446741 -6.297948 -6.928503 -6.336282 -6.544233 -7.038560 -6.552297 -7.596305 -8.114287 -7.426923 -9.094210 -9.738389 -8.977188
42.640000 -5.851248 -6.552377 -7.399672 -6.419338 -6.270608 -6.898445 -6.302613 -6.531356 -7.020821 -6.539032 -7.583426 -8.095240 -7.412295 -9.081332 -9.721801 -8.964433
42.680000 -5.832430 -6.527786 -7.372698 -6.393587 -6.244888 -6.870334 -6.271014 -6.518849 -7.003759 -6.526160 -7.570918 -8.076994 -7.398144 -9.068825 -9.705824 -8.952041
42.720000 -5.812476 -6.502897 -7.346366 -6.367420 -6.217240 -6.839830 -6.242559 -6.506241 -6.986502 -6.513182 -7.558308 -8.058532 -7.383857 -9.056216 -9.689676 -8.939550
42.760000 -5.791569 -6.477832 -7.319740 -6.340998 -6.188099 -6.809797 -6.213364 -6.493548 -6.969875 -6.498827 -7.545617 -8.039909 -7.369460 -9.043523 -9.673398 -8.926978
42.800000 -5.771623 -6.454135 -7.294651 -6.316110 -6.160792 -6.781796 -6.186027 -6.481216 -6.955854 -6.483866 -7.533286 -8.022731 -7.355528 -9.031191 -9.657708 -8.914760
42.840000 -5.748361 -6.428674 -7.267248 -6.286404 -6.128345 -6.749391 -6.153391 -6.468336 -6.941134 -6.471194 -7.520404 -8.008304 -7.340894 -9.018310 -9.641120 -8.900825
42.880000 -5.726283 -6.404623 -7.241472 -6.253220 -6.098154 -6.719236 -6.123672 -6.455827 -6.927692 -6.458882 -7.507893 -7.994343 -7.326306 -9.005799 -9.624844 -8.888329
42.920000 -5.702898 -6.380471 -7.215270 -6.219672 -6.067043 -6.686824 -6.086885 -6.443218 -6.914133 -6.446472 -7.495285 -7.980253 -7.310548 -8.993191 -9.608175 -8.875745
42.960000 -5.678463 -6.356304 -7.188800 -6.186017 -6.035333 -6.652766 -6.048847 -6.430526 -6.900479 -6.433984 -7.482598 -7.966062 -7.294663 -8.980502 -9.591366 -8.863082
43.000000 -5.655331 -6.333411 -7.163850 -6.156272 -6.005781 -6.621187 -6.013887 -6.418195 -6.887242 -6.421845 -7.470272 -7.952747 -7.279345 -8.968174 -9.575186 -8.850732
43.040000 -5.628746 -6.309442 -7.135996 -6.124361 -5.971675 -6.582925 -5.974733 -6.405315 -6.872134 -6.409171 -7.457385 -7.938876 -7.263162 -8.955290 -9.558041 -8.837546
43.080000 -5.603695 -6.286726 -7.106910 -6.094686 -5.940054 -6.547224 -5.938824 -6.392805 -6.855019 -6.396777 -7.444871 -7.925435 -7.247567 -8.942777 -9.541549 -8.824751
43.120000 -5.578006 -6.264309 -7.077294 -6.069482 -5.906465 -6.502587 -5.905780 -6.380197 -6.836782 -6.383991 -7.432260 -7.911876 -7.231809 -8.930167 -9.524880 -8.811854
43.160000 -5.551866 -6.242203 -7.047373 -6.043318 -5.871492 -6.456729 -5.867142 -6.367508 -6.817603 -6.369753 -7.419573 -7.898223 -7.215926 -8.917478 -9.508078 -8.798872
43.200000 -5.527209 -6.221167 -7.019385 -6.014621 -5.839127 -6.415253 -5.831372 -6.355180 -6.799236 -6.355957 -7.407246 -7.884986 -7.200609 -8.905150 -9.491903 -8.786270
43.240000 -5.499402 -6.200027 -6.986122 -5.980696 -5.802863 -6.372316 -5.793097 -6.342296 -6.764180 -6.340976 -7.394364 -7.871114 -7.187529 -8.892268 -9.474755 -8.773088
43.280000 -5.473269 -6.179868 -6.949243 -5.936466 -5.769395 -6.333245 -5.758037 -6.329783 -6.743368 -6.323878 -7.381852 -7.857671 -7.174876 -8.879757 -9.458260 -8.760296
43.320000 -5.446706 -6.159816 -6.901766 -5.909614 -5.735570 -6.296907 -5.722608 -6.317174 -6.717221 -6.297724 -7.369242 -7.840590 -7.162122 -8.867147 -9.441588 -8.747398
43.360000 -5.419876 -6.139895 -6.850623 -5.883287 -5.701647 -6.262919 -5.687096 -6.304485 -6.684840 -6.264502 -7.356551 -7.822253 -7.149286 -8.854458 -9.424783 -8.734546
43.400000 -5.394608 -6.120849 -6.805017 -5.860282 -5.670183 -6.231400 -5.654272 -6.292157 -6.658180 -6.235847 -7.344220 -7.804667 -7.136824 -8.842129 -9.408607 -8.721136
43.440000 -5.367940 -6.099861 -6.751610 -5.831811 -5.638533 -6.196555 -5.618888 -6.270493 -6.629848 -6.206668 -7.331341 -7.785927 -7.123008 -8.829248 -9.391464 -8.706171
43.480000 -5.342815 -6.079841 -6.722528 -5.804229 -5.609034 -6.166112 -5.586172 -6.249858 -6.590143 -6.170514 -7.318832 -7.767971 -7.108936 -8.816738 -9.374974 -8.691709
43.520000 -5.318122 -6.058322 -6.693907 -5.774232 -5.582272 -6.141730 -5.553835 -6.218660 -6.548846 -6.132485 -7.306222 -7.749794 -7.094738 -8.804127 -9.356900 -8.677102
43.560000 -5.293867 -6.035560 -6.660838 -5.742352 -5.557877 -6.117816 -5.521965 -6.179067 -6.514500 -6.090979 -7.293528 -7.731452 -7.080441 -8.791433 -9.338376 -8.662379
43.600000 -5.270895 -6.013932 -6.628844 -5.706300 -5.534781 -6.098586 -5.492281 -6.142784 -6.475497 -6.051653 -7.281195 -7.713861 -7.065841 -8.779101 -9.320612 -8.648145
43.640000 -5.247694 -5.984214 -6.581870 -5.675773 -5.513588 -6.072281 -5.464531 -6.098431 -6.432429 -6.015478 -7.268320 -7.695128 -7.049726 -8.766224 -9.301676 -8.633865
43.680000 -5.225669 -5.956400 -6.521894 -5.641669 -5.493381 -6.050067 -5.445799 -6.058191 -6.393250 -5.976431 -7.255816 -7.677178 -7.035773 -8.753719 -9.283534 -8.622325
43.720000 -5.204571 -5.924451 -6.467945 -5.592788 -5.474463 -6.025789 -5.430219 -6.018857 -6.348938 -5.936119 -7.243205 -7.659001 -7.023391 -8.741109 -9.265172 -8.608945
43.760000 -5.184321 -5.889336 -6.404505 -5.543964 -5.456711 -6.002266 -5.410560 -5.980497 -6.311052 -5.903827 -7.230508 -7.640235 -7.010603 -8.728412 -9.246648 -8.594233
43.800000 -5.164973 -5.856849 -6.323542 -5.502943 -5.439655 -5.979024 -5.388500 -5.945251 -6.277139 -5.869381 -7.218170 -7.622734 -6.999162 -8.716077 -9.231245 -8.580004
43.840000 -5.146916 -5.823692 -6.229479 -5.483500 -5.424948 -5.946308 -5.367595 -5.909814 -6.235997 -5.829845 -7.205295 -7.605055 -6.987246 -8.703200 -9.215806 -8.565037
43.880000 -5.129579 -5.792888 -6.159602 -5.465709 -5.410722 -5.922480 -5.348526 -5.877051 -6.200225 -5.793247 -7.192791 -7.588070 -6.975652 -8.690694 -9.200726 -8.550569
43.920000 -5.113576 -5.764658 -6.103009 -5.457319 -5.398278 -5.895994 -5.331513 -5.844439 -6.163633 -5.756364 -7.180182 -7.570895 -6.963968 -8.678085 -9.185262 -8.535964
43.960000 -5.098787 -5.738652 -6.054895 -5.455299 -5.387478 -5.869921 -5.318943 -5.812111 -6.126933 -5.719896 -7.167488 -7.553579 -6.952389 -8.665391 -9.169680 -8.521253
44.000000 -5.084485 -5.714115 -6.018374 -5.457212 -5.376940 -5.845341 -5.308412 -5.782024 -6.092973 -5.686255 -7.155155 -7.536927 -6.941404 -8.653058 -9.154641 -8.507023
44.040000 -5.072760 -5.704210 -5.992703 -5.470503 -5.369984 -5.821138 -5.303196 -5.749446 -6.057380 -5.650039 -7.142276 -7.519255 -6.929064 -8.640180 -9.136284 -8.492052
44.080000 -5.061343 -5.694525 -5.972317 -5.483505 -5.363138 -5.799884 -5.298044 -5.719142 -6.026636 -5.617316 -7.129768 -7.502274 -6.915417 -8.627673 -9.118304 -8.477581
44.120000 -5.051435 -5.691242 -5.952767 -5.499269 -5.358499 -5.784659 -5.285524 -5.689159 -5.995705 -5.585360 -7.117159 -7.485099 -6.901644 -8.615064 -9.100103 -8.462976
44.160000 -5.042941 -5.694218 -5.933941 -5.510273 -5.355999 -5.770837 -5.259188 -5.659567 -5.965009 -5.555000 -7.104468 -7.472146 -6.890794 -8.602372 -9.081738 -8.448266
44.200000 -5.034611 -5.697215 -5.922580 -5.519811 -5.353513 -5.756848 -5.249528 -5.631864 -5.940021 -5.530163 -7.092137 -7.460744 -6.882058 -8.590040 -9.064122 -8.434038
44.240000 -5.029500 -5.711517 -5.920660 -5.546223 -5.355841 -5.745040 -5.251191 -5.603118 -5.913758 -5.505337 -7.079256 -7.448840 -6.862734 -8.577158 -9.045340 -8.419337
44.280000 -5.024448 -5.726306 -5.919910 -5.584161 -5.358183 -5.733564 -5.245821 -5.576157 -5.889000 -5.481906 -7.066745 -7.437276 -6.844463 -8.564647 -9.026737 -8.404600
44.320000 -5.021290 -5.747550 -5.950666 -5.612090 -5.362539 -5.723358 -5.237344 -5.549896 -5.865537 -5.460309 -7.054138 -7.407622 -6.829367 -8.552039 -9.007886 -8.388917
44.360000 -5.019983 -5.776221 -5.954754 -5.652477 -5.368971 -5.708259 -5.233091 -5.524305 -5.843939 -5.435612 -7.041452 -7.357215 -6.797858 -8.539351 -8.988851 -8.373106
44.400000 -5.018680 -5.806921 -5.964309 -5.692520 -5.375501 -5.682788 -5.258336 -5.500138 -5.818702 -5.406135 -7.029125 -7.323356 -6.759936 -8.527023 -8.970616 -8.359223
44.440000 -5.021046 -5.849314 -6.005732 -5.744269 -5.387122 -5.679597 -5.273680 -5.477662 -5.792177 -5.379604 -7.001916 -7.276842 -6.703006 -8.514138 -8.951181 -8.346680
44.480000 -5.023425 -5.896298 -6.080295 -5.781349 -5.399062 -5.663780 -5.277382 -5.456292 -5.771031 -5.359504 -6.976311 -7.242723 -6.660000 -8.501625 -8.932579 -8.333594
44.520000 -5.027725 -5.948339 -6.137863 -5.841314 -5.414321 -5.645639 -5.276257 -5.437810 -5.744469 -5.345337 -6.935886 -7.200349 -6.610438 -8.489015 -8.917236 -8.318802
44.560000 -5.034002 -6.006732 -6.202041 -5.915755 -5.433250 -5.626582 -5.278908 -5.421899 -5.724199 -5.334483 -6.884503 -7.160247 -6.558252 -8.476326 -8.902507 -8.303899
44.600000 -5.040371 -6.074214 -6.300832 -5.986577 -5.453041 -5.624195 -5.276574 -5.406552 -5.707147 -5.321183 -6.838561 -7.122603 -6.522610 -8.463998 -8.888268 -8.289492
44.640000 -5.050809 -6.144323 -6.429440 -6.073827 -5.476298 -5.610583 -5.283298 -5.398391 -5.692483 -5.310099 -6.790940 -7.081153 -6.487425 -8.451116 -8.873284 -8.274325
44.680000 -5.061504 -6.227971 -6.555991 -6.169405 -5.500870 -5.616882 -5.316644 -5.390382 -5.677720 -5.299297 -6.748028 -7.038243 -6.454907 -8.438605 -8.858093 -8.259672
44.720000 -5.074166 -6.328464 -6.763342 -6.293004 -5.525269 -5.636371 -5.331564 -5.386742 -5.664411 -5.290719 -6.708354 -6.993999 -6.423355 -8.425996 -8.844367 -8.244877
44.760000 -5.088964 -6.455145 -6.959332 -6.423484 -5.549380 -5.658375 -5.341197 -5.387364 -5.652930 -5.284073 -6.671429 -6.950921 -6.392739 -8.413306 -8.830572 -8.229972
44.800000 -5.104284 -6.634741 -7.247434 -6.598405 -5.574908 -5.666375 -5.366279 -5.387987 -5.641194 -5.269780 -6.637399 -6.908951 -6.362276 -8.400977 -8.817335 -8.215562
44.840000 -5.122624 -6.790349 -7.444141 -6.759772 -5.603140 -5.680694 -5.389163 -5.397060 -5.630996 -5.274199 -6.602244 -6.863875 -6.326059 -8.388097 -8.803461 -8.201029
44.880000 -5.141772 -7.035159 -7.796186 -6.980240 -5.633336 -5.720972 -5.409070 -5.406327 -5.624736 -5.273903 -6.569722 -6.823042 -6.292639 -8.375587 -8.789984 -8.187074
44.920000 -5.162608 -7.322596 -8.348562 -7.254389 -5.667596 -5.752467 -5.437544 -5.419058 -5.613105 -5.273461 -6.537681 -6.783641 -6.259422 -8.362976 -8.776217 -8.172992
44.960000 -5.185341 -7.551082 -8.636337 -7.487679 -5.706768 -5.806063 -5.464731 -5.435561 -5.604763 -5.278303 -6.506182 -6.750080 -6.226543 -8.350283 -8.762359 -8.158809
45.000000 -5.209330 -8.063005 -9.696125 -7.994206 -5.749826 -5.850970 -5.521677 -5.452716 -5.601731 -5.284950 -6.476814 -6.718524 -6.195213 -8.337950 -8.748928 -8.145320
45.040000 -5.234714 -8.265234 -9.905958 -8.202763 -5.793512 -5.907746 -5.570352 -5.474722 -5.606509 -5.295921 -6.446541 -6.687903 -6.160744 -8.325074 -8.734837 -8.131609
45.080000 -5.261675 -8.655690 -10.360655 -8.615679 -5.842089 -5.960980 -5.616287 -5.497902 -5.622678 -5.307177 -6.418241 -6.658224 -6.128824 -8.312570 -8.721122 -8.118333
45.120000 -5.289787 -9.317681 -11.910994 -9.456850 -5.893380 -6.026680 -5.674256 -5.523363 -5.646173 -5.319804 -6.390279 -6.626401 -6.096883 -8.299960 -8.704964 -8.103950
45.160000 -5.319169 -9.611876 -12.210375 -9.754673 -5.947681 -6.106954 -5.722977 -5.551447 -5.652058 -5.335112 -6.362702 -6.591772 -6.065676 -8.287264 -8.687517 -8.089375
45.200000 -5.350683 -11.117341 -14.591404 -11.409911 -6.009755 -6.193909 -5.783748 -5.581473 -5.673265 -5.359366 -6.336772 -6.559711 -6.042383 -8.274928 -8.670034 -8.075272
45.240000 -5.382058 -11.338301 -14.813222 -11.631232 -6.069934 -6.285915 -5.861159 -5.613414 -5.705538 -5.380180 -6.310149 -6.525613 -6.011212 -8.262053 -8.621887 -8.055356
45.280000 -5.415876 -11.811008 -15.290188 -12.105734 -6.139812 -6.376187 -5.939008 -5.647893 -5.738710 -5.415840 -6.285064 -6.493036 -5.989045 -8.249548 -8.579939 -8.042207
45.320000 -5.450321 -13.726911 -18.352912 -13.945011 -6.215942 -6.472781 -6.008542 -5.684160 -5.774645 -5.446126 -6.260887 -6.460720 -5.971519 -8.236913 -8.540410 -8.019623
45.360000 -5.485314 -14.027755 -18.653927 -14.245777 -6.299583 -6.572956 -6.089770 -5.722438 -5.812082 -5.481297 -6.237547 -6.429154 -5.952390 -8.224170 -8.502020 -7.979737
45.400000 -5.523376 -17.095125 -22.750480 -17.033464 -6.403269 -6.713535 -6.187181 -5.764418 -5.856201 -5.522565 -6.215398 -6.399733 -5.932701 -8.211789 -8.469059 -7.939164
45.440000 -5.559214 -17.316953 -22.972329 -17.255206 -6.503106 -6.828518 -6.270795 -5.807460 -5.895884 -5.568149 -6.195774 -6.372160 -5.920497 -8.181942 -8.444874 -7.882722
45.480000 -5.598278 -17.793972 -23.449447 -17.731794 -6.632968 -6.966138 -6.366002 -5.855242 -5.936135 -5.612347 -6.176999 -6.342283 -5.908626 -8.154016 -8.404782 -7.837452
45.520000 -5.637634 -21.344658 -28.225629 -20.627094 -6.773156 -7.132258 -6.488651 -5.907232 -5.990543 -5.655729 -6.161903 -6.322189 -5.900477 -8.106007 -8.348891 -7.795328
45.560000 -5.677003 -21.645676 -28.526659 -20.928120 -6.916217 -7.339406 -6.616378 -5.964354 -6.048583 -5.708904 -6.150140 -6.306977 -5.896301 -8.043974 -8.295396 -7.747597
45.600000 -5.720301 -25.914163 -35.123844 -25.703327 -7.130991 -7.641078 -6.793675 -6.030145 -6.115688 -5.754593 -6.138686 -6.292280 -5.892165 -7.989703 -8.247790 -7.699441
45.640000 -5.759422 -26.136011 -35.345693 -25.925175 -7.269922 -7.803002 -6.933676 -6.096216 -6.179601 -5.815066 -6.136936 -6.290804 -5.894533 -7.940923 -8.202110 -7.652255
45.680000 -5.802419 -26.613133 -35.822814 -26.402294 -7.475429 -8.053899 -7.144572 -6.174175 -6.253900 -5.886843 -6.135193 -6.292517 -5.891487 -7.897072 -8.166827 -7.614071
45.720000 -5.845290 -33.093806 -44.616722 -31.596736 -7.701924 -8.401920 -7.420595 -6.255767 -6.331323 -5.956813 -6.139131 -6.296884 -5.910484 -7.856490 -8.131684 -7.574991
45.760000 -5.887507 -33.394836 -44.917752 -31.897766 -7.888881 -8.670912 -7.633114 -6.339887 -6.407003 -6.027747 -6.148907 -6.307324 -5.936943 -7.818685 -8.099424 -7.540203
45.800000 -5.934273 -41.867144 -57.879140 -38.855205 -8.224242 -9.190012 -8.022309 -6.444313 -6.496587 -6.111422 -6.158908 -6.316339 -5.957992 -7.783909 -8.063225 -7.508763
45.840000 -5.975420 -42.088993 -58.100989 -39.077054 -8.410591 -9.381008 -8.198235 -6.528554 -6.572235 -6.187186 -6.179171 -6.334533 -5.985010 -7.749899 -8.021665 -7.479022
45.880000 -6.020876 -42.566114 -58.578110 -39.554175 -8.743933 -9.739875 -8.499320 -6.633167 -6.661364 -6.269980 -6.200425 -6.342804 -6.007698 -7.718360 -7.983782 -7.448014
45.920000 -6.065979 -50.760132 nan -49.539057 -9.209462 -10.541417 -8.979756 -6.738883 -6.761909 -6.355183 -6.225664 -6.358792 -6.034172 -7.687886 -7.953690 -7.416467
45.960000 -6.110031 -51.061162 nan -49.840087 -9.484993 -10.829024 -9.264863 -6.837848 -6.858694 -6.443243 -6.255554 -6.386778 -6.067524 -7.658411 -7.926060 -7.391618
46.000000 -6.159061 -inf nan nan -10.427912 -12.225654 -10.255611 -6.966233 -6.984094 -6.550679 -6.287655 -6.412874 -6.110205 -7.630809 -7.900252 -7.368148
46.040000 -6.201573 -inf nan nan -10.640455 -12.444071 -10.467388 -7.058963 -7.072811 -6.634604 -6.323057 -6.438803 -6.147792 -7.602413 -7.875741 -7.340415
46.080000 -6.248702 -inf nan nan -11.073818 -12.904495 -10.897491 -7.177023 -7.193450 -6.738727 -6.361603 -6.466490 -6.186626 -7.575761 -7.843070 -7.310124
46.120000 -6.295475 -inf nan nan -12.012455 -14.661514 -12.027729 -7.296086 -7.318357 -6.843287 -6.402172 -6.504315 -6.234318 -7.549443 -7.809424 -7.281384
46.160000 -6.341118 -inf nan nan -12.310460 -14.961637 -12.322849 -7.403948 -7.431774 -6.942051 -6.445009 -6.549957 -6.278947 -7.523493 -7.775759 -7.254025
46.200000 -6.392128 -inf nan nan -14.168007 -17.508144 -14.051898 -7.547777 -7.582695 -7.070098 -6.492539 -6.600972 -6.332742 -7.499007 -7.751983 -7.228291
46.240000 -6.436274 -inf nan nan -14.389287 -17.729776 -14.272866 -7.648019 -7.687863 -7.169260 -6.538710 -6.649729 -6.384035 -7.474204 -7.731061 -7.207232
46.280000 -6.485420 -inf nan nan -14.863573 -18.205815 -14.745606 -7.778570 -7.842404 -7.297854 -6.590379 -6.704667 -6.440498 -7.450741 -7.709213 -7.187736
46.320000 -6.534275 -inf nan nan -16.970893 -21.324893 -16.521311 -7.914515 -7.983945 -7.433358 -6.643926 -6.761771 -6.491376 -7.428385 -7.687662 -7.173496
46.360000 -6.581990 -inf nan nan -17.271550 -21.625886 -16.821347 -8.042679 -8.123285 -7.564348 -6.699206 -6.820878 -6.545634 -7.407031 -7.664679 -7.164030
46.400000 -6.635602 -inf nan nan -20.036704 -25.462642 -19.554254 -8.225293 -8.354882 -7.765511 -6.762563 -6.886143 -6.615035 -7.386679 -7.636402 -7.154765
46.440000 -6.682082 -inf nan nan -20.258546 -25.684488 -19.776054 -8.353914 -8.501790 -7.902735 -6.822008 -6.946403 -6.681460 -7.370139 -7.616370 -7.138475
46.480000 -6.734140 -inf nan nan -20.735635 -26.161596 -20.252934 -8.537465 -8.743644 -8.112723 -6.890901 -7.014212 -6.758561 -7.354207 -7.601434 -7.118579
46.520000 -6.786034 -inf nan nan -24.780275 -31.251053 -23.416088 -8.738792 -9.015963 -8.342555 -6.962877 -7.090734 -6.837706 -7.342780 -7.583533 -7.121969
46.560000 -6.836809 -inf nan nan -25.081297 -31.552083 -23.717114 -8.921430 -9.217240 -8.510699 -7.037368 -7.161204 -6.907401 -7.335523 -7.571966 -7.124340
46.600000 -6.894316 -inf nan nan -29.495966 -38.733743 -28.314354 -9.242712 -9.647874 -8.884497 -7.127336 -7.250315 -7.007096 -7.328385 -7.554194 -7.126797
46.640000 -6.944045 -inf nan nan -29.717815 -38.955592 -28.536203 -9.411591 -9.842710 -9.047612 -7.206039 -7.313059 -7.078571 -7.333268 -7.548805 -7.149663
46.680000 -7.000213 -inf nan nan -30.194936 -39.432713 -29.013322 -9.691677 -10.187786 -9.324159 -7.302232 -7.395830 -7.174347 -7.338206 -7.554371 -7.173801
46.720000 -7.056309 -inf nan nan -36.314696 -47.860873 -34.803060 -10.035759 -10.685630 -9.658602 -7.401242 -7.488298 -7.270447 -7.349973 -7.559537 -7.202800
46.760000 -7.111162 -inf nan nan -36.615726 -48.161903 -35.104090 -10.269622 -10.946749 -9.878732 -7.498528 -7.583039 -7.364145 -7.369144 -7.565754 -7.234114
46.800000 -7.173959 -inf nan nan -43.916037 -74.423951 -42.505638 -10.812375 -11.734898 -10.482608 -7.624094 -7.704103 -7.484609 -7.389201 -7.577144 -7.269185
46.840000 -7.227645 -inf nan nan -44.137885 -74.645800 -42.727487 -11.014397 -11.953025 -10.683142 -7.717446 -7.793714 -7.576848 -7.420782 -7.603496 -7.305893
46.880000 -7.288917 -inf nan nan -44.615007 -75.122921 -43.204608 -11.404048 -12.412003 -11.067613 -7.836518 -7.912377 -7.689337 -7.454841 -7.620670 -7.345045
46.920000 -7.350163 -inf nan nan -59.807164 nan -52.978253 -12.058441 -13.366130 -11.606490 -7.956875 -8.023483 -7.802651 -7.493227 -7.645302 -7.387522
46.960000 -7.409860 -inf nan nan -60.108194 nan -53.279283 -12.333659 -13.657911 -11.878723 -8.066175 -8.123913 -7.906277 -7.536915 -7.688736 -7.436751
47.000000 -7.479092 -inf nan nan -inf nan nan -13.271450 -15.003977 -12.776814 -8.212584 -8.256409 -8.034243 -7.585494 -7.736983 -7.487224
47.040000 -7.537321 -inf nan nan -inf nan nan -13.487896 -15.225317 -12.991803 -8.312483 -8.355251 -8.124044 -7.634684 -7.788552 -7.541151
47.080000 -7.604584 -inf nan nan -inf nan nan -13.938969 -15.699908 -13.436164 -8.442450 -8.475192 -8.239928 -7.690167 -7.846566 -7.606779
47.120000 -7.671853 -inf nan nan -inf nan nan -15.094138 -17.621780 -14.492709 -8.573507 -8.610575 -8.366809 -7.747714 -7.900259 -7.663212
47.160000 -7.737095 -inf nan nan -inf nan nan -15.392081 -17.922571 -14.790034 -8.688572 -8.727623 -8.471039 -7.807096 -7.948710 -7.722816
47.200000 -7.813900 -inf nan nan -inf nan nan -17.240779 -20.283011 -16.516642 -8.845566 -8.897369 -8.622821 -7.875903 -8.003253 -7.790158
47.240000 -7.877169 -inf nan nan -inf nan nan -17.461544 -20.504735 -16.737154 -8.951665 -9.011278 -8.728380 -7.936916 -8.059582 -7.853107
47.280000 -7.951254 -inf nan nan -inf nan nan -17.933289 -20.981234 -17.207658 -9.092366 -9.173383 -8.884725 -8.007922 -8.130787 -7.927446
47.320000 -8.025384 -inf nan nan -inf nan nan -19.764083 -23.593269 -19.083528 -9.239349 -9.336128 -9.038521 -8.080261 -8.202070 -7.995039
47.360000 -8.096798 -inf nan nan -inf nan nan -20.065047 -23.894278 -19.383293 -9.375317 -9.489371 -9.181127 -8.152206 -8.270980 -8.065132
47.400000 -8.182312 -inf nan nan -inf nan nan -23.583569 -28.327360 -22.167342 -9.574343 -9.760970 -9.403219 -8.238483 -8.348342 -8.148354
47.440000 -8.251017 -inf nan nan -inf nan nan -23.805356 -28.549206 -22.389167 -9.709247 -9.913272 -9.539571 -8.311123 -8.410596 -8.221324
47.480000 -8.332671 -inf nan nan -inf nan nan -24.282168 -29.026319 -22.866172 -9.905980 -10.157097 -9.718527 -8.398403 -8.494658 -8.308251
47.520000 -8.414374 -inf nan nan -inf nan nan -27.349883 -33.601945 -26.297534 -10.122515 -10.441303 -9.936435 -8.487813 -8.587394 -8.397164
47.560000 -8.492324 -inf nan nan -inf nan nan -27.650912 -33.902975 -26.598500 -10.309188 -10.655285 -10.115343 -8.575980 -8.678656 -8.485927
47.600000 -8.587395 -inf nan nan -inf nan nan -33.309146 -40.858086 -31.102114 -10.643605 -11.095080 -10.421024 -8.686726 -8.786493 -8.593602
47.640000 -8.661646 -inf nan nan -inf nan nan -33.530994 -41.079934 -31.323962 -10.812298 -11.287389 -10.583204 -8.774149 -8.868332 -8.674756
47.680000 -8.751263 -inf nan nan -inf nan nan -34.008114 -41.557056 -31.801080 -11.091863 -11.633775 -10.851882 -8.883721 -8.966151 -8.777742
47.720000 -8.840935 -inf nan nan -inf nan nan -39.379809 -49.831471 -37.554425 -11.437299 -12.149441 -11.177361 -8.995189 -9.075718 -8.882032
47.760000 -8.925499 -inf nan nan -inf nan nan -39.680839 -50.132501 -37.855455 -11.680653 -12.420267 -11.406318 -9.099911 -9.179934 -8.979747
47.800000 -9.030612 -inf nan nan -inf nan nan -47.196677 -92.600695 -45.191283 -12.284925 -13.184206 -11.940426 -9.238191 -9.306506 -9.105073
47.840000 -9.110410 -inf nan nan -inf nan nan -47.418526 -92.822544 -45.413132 -12.484246 -13.395990 -12.140665 -9.335885 -9.398525 -9.193057
47.880000 -9.208248 -inf nan nan -inf nan nan -47.895647 -93.299665 -45.890253 -12.863505 -13.826016 -12.506741 -9.462135 -9.532784 -9.302441
47.920000 -9.306235 -inf nan nan -inf nan nan -66.215975 nan -57.960264 -13.474852 -14.733829 -13.078605 -9.590021 -9.666086 -9.418183
47.960000 -9.397524 -inf nan nan -inf nan nan -66.517005 nan -58.261294 -13.753329 -15.027386 -13.353541 -9.704628 -9.777970 -9.521891
48.000000 -9.513253 -inf nan nan -inf nan nan -inf nan nan -14.748120 -16.533262 -14.315547 -9.860764 -9.938819 -9.663394
48.040000 -9.598671 -inf nan nan -inf nan nan -inf nan nan -14.966681 -16.752350 -14.528385 -9.964457 -10.047165 -9.763544
48.080000 -9.705108 -inf nan nan -inf nan nan -inf nan nan -15.427729 -17.215926 -14.963081 -10.100943 -10.191860 -9.889704
48.120000 -9.811912 -inf nan nan -inf nan nan -inf nan nan -16.786895 -18.974888 -16.005011 -10.239903 -10.340838 -10.024831
48.160000 -9.910158 -inf nan nan -inf nan nan -inf nan nan -17.081329 -19.273361 -16.302435 -10.362340 -10.468040 -10.144170
48.200000 -10.037332 -inf nan nan -inf nan nan -inf nan nan -18.602088 -22.044097 -18.005183 -10.533469 -10.652399 -10.320322
48.240000 -10.128560 -inf nan nan -inf nan nan -inf nan nan -18.823596 -22.265669 -18.226684 -10.645871 -10.771890 -10.433191
48.280000 -10.244191 -inf nan nan -inf nan nan -inf nan nan -19.299018 -22.741408 -18.702075 -10.797925 -10.942469 -10.598055
48.320000 -10.360609 -inf nan nan -inf nan nan -inf nan nan -21.628025 -25.986904 -20.604359 -10.957536 -11.112803 -10.773119
48.360000 -10.466301 -inf nan nan -inf nan nan -inf nan nan -21.928858 -26.287913 -20.904523 -11.101931 -11.274456 -10.920067
48.400000 -10.606283 -inf nan nan -inf nan nan -inf nan nan -24.971976 -29.998290 -23.728733 -11.319761 -11.536164 -11.132506
48.440000 -10.703672 -inf nan nan -inf nan nan -inf nan nan -25.193797 -30.220139 -23.950564 -11.459452 -11.693547 -11.268764
48.480000 -10.829409 -inf nan nan -inf nan nan -inf nan nan -25.670781 -30.697260 -24.427595 -11.666642 -11.948901 -11.466540
48.520000 -10.956686 -inf nan nan -inf nan nan -inf nan nan -29.092991 -36.585545 -28.008800 -11.895647 -12.273301 -11.670702
48.560000 -11.070718 -inf nan nan -inf nan nan -inf nan nan -29.394021 -36.886575 -28.309820 -12.084656 -12.488004 -11.856336
48.600000 -11.225785 -inf nan nan -inf nan nan -inf nan nan -35.456676 -43.207729 -32.726876 -12.426915 -12.962430 -12.194334
48.640000 -11.329967 -inf nan nan -inf nan nan -inf nan nan -35.678524 -43.429578 -32.948725 -12.601174 -13.152450 -12.355512
48.680000 -11.467305 -inf nan nan -inf nan nan -inf nan nan -36.155641 -43.906699 -33.425846 -12.896751 -13.491246 -12.610041
48.720000 -11.607091 -inf nan nan -inf nan nan -inf nan nan -41.109214 -52.777511 -39.310073 -13.271566 -14.009477 -12.955232
48.760000 -11.729854 -inf nan nan -inf nan nan -inf nan nan -41.410244 -53.078541 -39.611102 -13.515320 -14.271420 -13.198592
48.800000 -11.901626 -inf nan nan -inf nan nan -inf nan nan -52.655770 nan -47.164016 -14.122424 -15.103393 -13.802913
48.840000 -12.012258 -inf nan nan -inf nan nan -inf nan nan -52.877619 nan -47.385865 -14.321110 -15.312537 -14.001563
48.880000 -12.161076 -inf nan nan -inf nan nan -inf nan nan -53.354740 nan -47.862986 -14.697968 -15.731174 -14.376087
48.920000 -12.313599 -inf nan nan -inf nan nan -inf nan nan -74.602691 nan -68.018735 -15.302130 -16.620066 -14.963846
48.960000 -12.444881 -inf nan nan -inf nan nan -inf nan nan -74.903721 nan -68.319765 -15.591027 -16.913605 -15.242490
49.000000 -12.633942 -inf nan nan -inf nan nan -inf nan nan -inf nan nan -16.849843 -18.450484 -16.224866
49.040000 -12.751103 -inf nan nan -inf nan nan -inf nan nan -inf nan nan -17.064238 -18.669763 -16.439178
49.080000 -12.912043 -inf nan nan -inf nan nan -inf nan nan -inf nan nan -17.505896 -19.134258 -16.880518
49.120000 -13.078887 -inf nan nan -inf nan nan -inf nan nan -inf nan nan -18.531644 -20.782152 -17.935509
49.160000 -13.220417 -inf nan nan -inf nan nan -inf nan nan -inf nan nan -18.829199 -21.081857 -18.234553
49.200000 -13.431722 -inf nan nan -inf nan nan -inf nan nan -inf nan nan -20.626760 -24.121822 -20.064279
49.240000 -13.557821 -inf nan nan -inf nan nan -inf nan nan -inf nan nan -20.848410 -24.343396 -20.285840
49.280000 -13.736241 -inf nan nan -inf nan nan -inf nan nan -inf nan nan -21.324542 -24.819149 -20.761527
49.320000 -13.926211 -inf nan nan -inf nan nan -inf nan nan -inf nan nan -23.887885 -27.645684 -22.754237
49.360000 -14.087723 -inf nan nan -inf nan nan -inf nan nan -inf nan nan -24.188302 -27.946680 -23.054797
49.400000 -14.347741 -inf nan nan -inf nan nan -inf nan nan -inf nan nan -26.738156 -32.529968 -25.678869
49.440000 -14.495819 -inf nan nan -inf nan nan -inf nan nan -inf nan nan -26.960003 -32.751811 -25.900693
49.480000 -14.722252 -inf nan nan -inf nan nan -inf nan nan -inf nan nan -27.437117 -33.228903 -26.377697
49.520000 -14.977951 -inf nan nan -inf nan nan -inf nan nan -inf nan nan -32.155608 -38.318975 -30.180280
49.560000 -15.178947 -inf nan nan -inf nan nan -inf nan nan -inf nan nan -32.456633 -38.620005 -30.481309
49.600000 -15.564613 -inf nan nan -inf nan nan -inf nan nan -inf nan nan -37.096591 -45.547316 -35.236622
