#Quasar bolometric luminosity function in different black hole mass bins from TRINITY PaperIII (Fig. 3, Zhang+2024, MNRAS, 529, 2777)
#z: 4.00
#log10(Lbol [erg/s])(0) log10(QLF_total [Mpc^-3 dex^-1])(1) log10(QLF(5<logMbh<6) [Mpc^-3 dex^-1])(2) log10(QLF(5<logMbh<6)_16th [Mpc^-3 dex^-1])(3) log10(QLF(5<logMbh<6)_84th [Mpc^-3 dex^-1])(4)
#log10(QLF(6<logMbh<7) [Mpc^-3 dex^-1])(5) log10(QLF(6<logMbh<7)_16th [Mpc^-3 dex^-1])(6) log10(QLF(6<logMbh<7)_84th [Mpc^-3 dex^-1])(7)
#log10(QLF(7<logMbh<8) [Mpc^-3 dex^-1])(8) log10(QLF(7<logMbh<8)_16th [Mpc^-3 dex^-1])(9) log10(QLF(7<logMbh<8)_84th [Mpc^-3 dex^-1])(10)
#log10(QLF(8<logMbh<9) [Mpc^-3 dex^-1])(11) log10(QLF(8<logMbh<9)_16th [Mpc^-3 dex^-1])(12) log10(QLF(8<logMbh<9)_84th [Mpc^-3 dex^-1])(13)
#log10(QLF(9<logMbh<10) [Mpc^-3 dex^-1])(14) log10(QLF(9<logMbh<10)_16th [Mpc^-3 dex^-1])(15) log10(QLF(9<logMbh<10)_84th [Mpc^-3 dex^-1])(16)
40.000000 -5.546680 -6.746513 -7.380391 -6.605290 -5.958904 -6.506091 -5.886980 -5.880013 -6.466922 -5.821571 -6.633672 -7.294798 -6.560973 -7.955788 -8.752049 -7.809679
40.040000 -5.534556 -6.734237 -7.364887 -6.591825 -5.947211 -6.488544 -5.875254 -5.868347 -6.449060 -5.811805 -6.622003 -7.276692 -6.550909 -7.944120 -8.734121 -7.799841
40.080000 -5.522761 -6.722298 -7.349918 -6.578770 -5.935826 -6.471679 -5.865108 -5.856986 -6.431904 -5.799315 -6.610639 -7.259311 -6.541074 -7.932758 -8.716904 -7.790222
40.120000 -5.510875 -6.710350 -7.334832 -6.565592 -5.924365 -6.454631 -5.855184 -5.845540 -6.414547 -5.787727 -6.599194 -7.241728 -6.530296 -7.921313 -8.699478 -7.780571
40.160000 -5.498914 -6.698404 -7.319657 -6.552313 -5.912842 -6.437446 -5.845224 -5.834025 -6.398270 -5.778019 -6.587682 -7.223993 -6.518079 -7.909798 -8.681893 -7.770895
40.200000 -5.487274 -6.686778 -7.304995 -6.539433 -5.901617 -6.420915 -5.835581 -5.822807 -6.383000 -5.768528 -6.576466 -7.206955 -6.506196 -7.898581 -8.664993 -7.761431
40.240000 -5.475137 -6.674762 -7.289603 -6.528235 -5.889939 -6.404856 -5.825799 -5.811142 -6.367086 -5.758710 -6.564800 -7.188838 -6.493806 -7.886915 -8.647051 -7.751647
40.280000 -5.463331 -6.663070 -7.274739 -6.518475 -5.878567 -6.387964 -5.816231 -5.799782 -6.350829 -5.749114 -6.553440 -7.171447 -6.481760 -7.875554 -8.629821 -7.742080
40.320000 -5.451368 -6.651333 -7.259749 -6.508605 -5.867117 -6.372491 -5.806619 -5.788338 -6.335174 -5.739459 -6.541995 -7.153862 -6.469618 -7.864110 -8.612398 -7.732454
40.360000 -5.439269 -6.639562 -7.244050 -6.498745 -5.855602 -6.358578 -5.796969 -5.776824 -6.319397 -5.729752 -6.530479 -7.136132 -6.457399 -7.852597 -8.594828 -7.722777
40.400000 -5.427497 -6.628103 -7.227876 -6.489479 -5.844384 -6.344731 -5.787529 -5.765607 -6.304172 -5.720263 -6.519260 -7.119097 -6.445514 -7.841381 -8.577943 -7.713313
40.440000 -5.414987 -6.616227 -7.213525 -6.479749 -5.832716 -6.329432 -5.777784 -5.753941 -6.288101 -5.710206 -6.507596 -7.100986 -6.433124 -7.829713 -8.559992 -7.703530
40.480000 -5.402828 -6.604668 -7.198441 -6.470231 -5.821353 -6.314654 -5.768253 -5.742579 -6.272604 -5.700452 -6.496237 -7.083599 -6.421080 -7.818351 -8.542753 -7.693962
40.520000 -5.390374 -6.593062 -7.181728 -6.460738 -5.809907 -6.299731 -5.753884 -5.731135 -6.256950 -5.690657 -6.484793 -7.066010 -6.408939 -7.806907 -8.525324 -7.684336
40.560000 -5.377662 -6.581419 -7.164836 -6.451271 -5.798392 -6.284693 -5.740264 -5.719622 -6.241174 -5.680811 -6.473278 -7.048269 -6.396720 -7.795395 -8.507752 -7.674660
40.600000 -5.365311 -6.570080 -7.148578 -6.442006 -5.787174 -6.270160 -5.729456 -5.708407 -6.225952 -5.671184 -6.462061 -7.031225 -6.384836 -7.784180 -8.490864 -7.665196
40.640000 -5.351724 -6.558331 -7.131359 -6.432606 -5.775510 -6.255555 -5.718905 -5.696739 -6.209880 -5.661226 -6.450394 -7.013125 -6.372444 -7.772512 -8.472924 -7.655412
40.680000 -5.338549 -6.546892 -7.115830 -6.423405 -5.764152 -6.242048 -5.709025 -5.685377 -6.194383 -5.651556 -6.439032 -6.995748 -6.360396 -7.761149 -8.455696 -7.645843
40.720000 -5.324590 -6.535386 -7.101126 -6.414235 -5.752707 -6.228425 -5.699084 -5.673932 -6.178729 -5.641858 -6.427589 -6.978162 -6.348256 -7.749704 -8.438266 -7.636217
40.760000 -5.309935 -6.523828 -7.086317 -6.405098 -5.741192 -6.214711 -5.689094 -5.662420 -6.162952 -5.632109 -6.416078 -6.960416 -6.336041 -7.738192 -8.423504 -7.626543
40.800000 -5.295758 -6.512569 -7.071995 -6.396151 -5.729975 -6.200884 -5.679328 -5.651204 -6.147731 -5.622575 -6.404864 -6.943368 -6.324160 -7.726976 -8.409326 -7.617080
40.840000 -5.278064 -6.500876 -7.056625 -6.387089 -5.718310 -6.186323 -5.669222 -5.639538 -6.131661 -5.612716 -6.393193 -6.927319 -6.311766 -7.715310 -8.394423 -7.606734
40.880000 -5.261063 -6.489490 -7.041701 -6.378213 -5.706950 -6.171416 -5.659345 -5.628177 -6.116164 -5.603075 -6.381828 -6.912752 -6.299717 -7.703950 -8.380006 -7.595689
40.920000 -5.240611 -6.478030 -7.026885 -6.369353 -5.695507 -6.154143 -5.649409 -5.616732 -6.100510 -5.593376 -6.370384 -6.898046 -6.287576 -7.692505 -8.365299 -7.585684
40.960000 -5.217203 -6.466511 -7.011260 -6.359042 -5.683994 -6.136722 -5.639423 -5.605218 -6.084731 -5.583629 -6.358874 -6.883231 -6.275360 -7.680989 -8.350478 -7.576029
41.000000 -5.194993 -6.455289 -6.994893 -6.347249 -5.672779 -6.119973 -5.629662 -5.594001 -6.069506 -5.574095 -6.347661 -6.868907 -6.263479 -7.669772 -8.336149 -7.566583
41.040000 -5.157302 -6.443624 -6.978279 -6.333251 -5.661110 -6.102195 -5.616741 -5.582336 -6.053439 -5.564236 -6.335992 -6.853830 -6.251374 -7.658106 -8.321078 -7.556822
41.080000 -5.122622 -6.432265 -6.964559 -6.322127 -5.649746 -6.085329 -5.601862 -5.570976 -6.037946 -5.554595 -6.324628 -6.839261 -6.239608 -7.646745 -8.305978 -7.547274
41.120000 -5.092693 -6.420822 -6.950712 -6.309067 -5.638303 -6.068392 -5.586834 -5.559532 -6.022292 -5.544897 -6.313183 -6.824555 -6.227751 -7.635301 -8.289116 -7.537668
41.160000 -5.066752 -6.409310 -6.936763 -6.295918 -5.626793 -6.051314 -5.571391 -5.548018 -6.005972 -5.533281 -6.301670 -6.809741 -6.215821 -7.623788 -8.272092 -7.528011
41.200000 -5.042274 -6.398096 -6.923247 -6.283158 -5.615581 -6.034882 -5.555910 -5.536801 -5.990214 -5.521926 -6.290454 -6.793389 -6.204212 -7.612571 -8.255410 -7.518564
41.240000 -5.036461 -6.386431 -6.907339 -6.267269 -5.603915 -6.018588 -5.539560 -5.525134 -5.973550 -5.510102 -6.278788 -6.776048 -6.192117 -7.600904 -8.238222 -7.508801
41.280000 -5.030725 -6.375071 -6.891994 -6.251941 -5.592554 -6.005751 -5.523803 -5.513773 -5.957503 -5.498594 -6.267428 -6.759376 -6.180354 -7.589543 -8.222853 -7.499253
41.320000 -5.024997 -6.363624 -6.875095 -6.234675 -5.581112 -5.992811 -5.507883 -5.502329 -5.941285 -5.487002 -6.255983 -6.742516 -6.168459 -7.578099 -8.207323 -7.489648
41.360000 -5.019277 -6.352103 -6.856833 -6.215717 -5.569602 -5.979786 -5.496194 -5.490819 -5.924935 -5.475391 -6.244469 -6.725513 -6.156101 -7.566587 -8.191670 -7.479994
41.400000 -5.013631 -6.340880 -6.838739 -6.197553 -5.558389 -5.965684 -5.484940 -5.479605 -5.909180 -5.464121 -6.233252 -6.709152 -6.144084 -7.555372 -8.175577 -7.470550
41.440000 -5.007115 -6.327288 -6.816954 -6.175709 -5.546727 -5.951720 -5.473232 -5.467937 -5.892515 -5.452393 -6.221585 -6.691811 -6.131547 -7.543703 -8.158019 -7.460784
41.480000 -5.000695 -6.314108 -6.796209 -6.155443 -5.535369 -5.939396 -5.461831 -5.456574 -5.876467 -5.440974 -6.210224 -6.675076 -6.119362 -7.532340 -8.141144 -7.451233
41.520000 -4.994520 -6.298826 -6.773849 -6.133517 -5.523930 -5.926973 -5.450595 -5.445131 -5.860249 -5.429471 -6.198780 -6.657698 -6.107085 -7.520896 -8.124025 -7.441627
41.560000 -4.988581 -6.281669 -6.750160 -6.110217 -5.512422 -5.914471 -5.440618 -5.433622 -5.843902 -5.417898 -6.187269 -6.640171 -6.094732 -7.509383 -8.106600 -7.431975
41.600000 -4.982721 -6.265164 -6.728357 -6.087594 -5.501210 -5.902319 -5.430465 -5.422410 -5.828148 -5.406627 -6.176055 -6.624829 -6.084799 -7.498168 -8.089848 -7.422533
41.640000 -4.975975 -6.244727 -6.702801 -6.059447 -5.489551 -5.889637 -5.416167 -5.410742 -5.811485 -5.394900 -6.164385 -6.608876 -6.075080 -7.486501 -8.072081 -7.412767
41.680000 -4.969331 -6.225209 -6.678668 -6.033013 -5.478197 -5.877315 -5.404445 -5.399380 -5.795438 -5.383482 -6.153020 -6.593488 -6.065577 -7.475140 -8.055011 -7.403215
41.720000 -4.961921 -6.204189 -6.652009 -6.004393 -5.466762 -5.864895 -5.392967 -5.387937 -5.779222 -5.371981 -6.141576 -6.577947 -6.056018 -7.463695 -8.037746 -7.393608
41.760000 -4.953785 -6.181916 -6.622114 -5.979898 -5.455261 -5.852386 -5.381421 -5.376428 -5.762876 -5.360412 -6.130067 -6.562286 -6.046413 -7.452180 -8.020332 -7.383954
41.800000 -4.945799 -6.160729 -6.593492 -5.959530 -5.444056 -5.839601 -5.370175 -5.365216 -5.747124 -5.349143 -6.118855 -6.547172 -6.037018 -7.440964 -8.003590 -7.374510
41.840000 -4.936395 -6.135653 -6.556876 -5.935238 -5.432400 -5.824250 -5.358478 -5.353552 -5.730463 -5.337416 -6.107186 -6.531214 -6.027300 -7.429298 -7.985809 -7.364747
41.880000 -4.927190 -6.111945 -6.523152 -5.912270 -5.421049 -5.809427 -5.347088 -5.342192 -5.714420 -5.325999 -6.095822 -6.515824 -6.017798 -7.417938 -7.968708 -7.355198
41.920000 -4.917463 -6.086327 -6.488650 -5.887802 -5.409620 -5.794457 -5.335620 -5.330751 -5.698206 -5.314501 -6.084377 -6.500280 -6.008239 -7.406494 -7.951354 -7.345592
41.960000 -4.907253 -6.059187 -6.455801 -5.859510 -5.398128 -5.779374 -5.324086 -5.319241 -5.681862 -5.302935 -6.072865 -6.484619 -5.998632 -7.394980 -7.933863 -7.335936
42.000000 -4.897277 -6.033644 -6.426246 -5.822033 -5.386932 -5.764801 -5.312850 -5.308029 -5.666111 -5.291671 -6.061650 -6.469504 -5.989351 -7.383763 -7.917050 -7.326319
42.040000 -4.886407 -6.002291 -6.390511 -5.776948 -5.375287 -5.749454 -5.301166 -5.296368 -5.649234 -5.279549 -6.049985 -6.452134 -5.979779 -7.372097 -7.899177 -7.316073
42.080000 -4.875802 -5.973051 -6.357495 -5.736120 -5.363945 -5.734634 -5.289595 -5.285012 -5.633801 -5.266810 -6.038625 -6.435250 -5.970415 -7.360736 -7.882010 -7.306067
42.120000 -4.864655 -5.941565 -6.321094 -5.695047 -5.352528 -5.719672 -5.278186 -5.273574 -5.616463 -5.253973 -6.027180 -6.418172 -5.960091 -7.349292 -7.864651 -7.295995
42.160000 -4.853013 -5.908421 -6.282285 -5.653398 -5.341047 -5.704597 -5.266816 -5.262069 -5.599635 -5.241057 -6.015664 -6.400947 -5.945873 -7.337778 -7.847145 -7.285869
42.200000 -4.841674 -5.877627 -6.246586 -5.617142 -5.329862 -5.690031 -5.255597 -5.250860 -5.586135 -5.229838 -6.004446 -6.384861 -5.932108 -7.326562 -7.830318 -7.275976
42.240000 -4.828832 -5.840907 -6.201378 -5.583050 -5.318239 -5.673997 -5.243501 -5.239202 -5.570071 -5.219062 -5.992783 -6.371243 -5.917642 -7.314895 -7.812464 -7.265729
42.280000 -4.816359 -5.807052 -6.160452 -5.551449 -5.306919 -5.660679 -5.231734 -5.227848 -5.554322 -5.207923 -5.981424 -6.358040 -5.903647 -7.303532 -7.795317 -7.255721
42.320000 -4.803403 -5.771200 -6.122878 -5.518808 -5.295523 -5.645524 -5.217180 -5.216415 -5.538411 -5.195925 -5.969981 -6.344727 -5.889522 -7.292088 -7.777960 -7.242485
42.360000 -4.790018 -5.734005 -6.088858 -5.486735 -5.284064 -5.630560 -5.206846 -5.204917 -5.522375 -5.183852 -5.958468 -6.331324 -5.875294 -7.280575 -7.760446 -7.228080
42.400000 -4.777034 -5.699746 -6.057311 -5.458154 -5.272899 -5.616210 -5.197453 -5.193715 -5.506910 -5.172108 -5.947252 -6.318435 -5.861563 -7.269360 -7.743610 -7.214139
42.440000 -4.762396 -5.666745 -6.032608 -5.432708 -5.258002 -5.596903 -5.182197 -5.182064 -5.490578 -5.159879 -5.935586 -6.305193 -5.847612 -7.257693 -7.727011 -7.199480
42.480000 -4.748236 -5.636076 -6.008717 -5.408682 -5.243600 -5.578426 -5.167195 -5.170718 -5.474838 -5.147984 -5.924226 -6.292342 -5.834108 -7.246331 -7.713537 -7.185301
42.520000 -4.733164 -5.609130 -5.982830 -5.385336 -5.226244 -5.558377 -5.147062 -5.159293 -5.458940 -5.136563 -5.912784 -6.279385 -5.821461 -7.234887 -7.699944 -7.171001
42.560000 -4.717287 -5.585367 -5.953305 -5.362629 -5.206294 -5.537005 -5.125235 -5.147803 -5.442923 -5.125119 -5.901275 -6.266341 -5.812031 -7.223375 -7.686257 -7.156605
42.600000 -4.701970 -5.562836 -5.925674 -5.341052 -5.187221 -5.516647 -5.098935 -5.136609 -5.427475 -5.113972 -5.890063 -6.253677 -5.802814 -7.212159 -7.672991 -7.142672
42.640000 -4.684364 -5.539954 -5.896221 -5.319036 -5.164372 -5.487773 -5.063093 -5.124975 -5.411164 -5.102389 -5.878396 -6.237784 -5.793563 -7.200494 -7.659087 -7.128015
42.680000 -4.667444 -5.518217 -5.868650 -5.298088 -5.142665 -5.455592 -5.029986 -5.113645 -5.395444 -5.092446 -5.867035 -6.221670 -5.784751 -7.189133 -7.645677 -7.113838
42.720000 -4.649878 -5.496395 -5.841067 -5.277476 -5.119658 -5.421243 -4.994629 -5.102236 -5.379569 -5.078774 -5.855593 -6.205387 -5.775890 -7.177689 -7.632718 -7.102751
42.760000 -4.631767 -5.474552 -5.813779 -5.256947 -5.095600 -5.391306 -4.959013 -5.090761 -5.363577 -5.066467 -5.844085 -6.190412 -5.766986 -7.166176 -7.619668 -7.093107
42.800000 -4.614382 -5.453755 -5.792110 -5.237177 -5.072805 -5.365828 -4.932807 -5.079582 -5.348152 -5.054500 -5.832875 -6.177363 -5.758263 -7.154959 -7.606999 -7.083982
42.840000 -4.594948 -5.432036 -5.769085 -5.217376 -5.045387 -5.333577 -4.903701 -5.067974 -5.331880 -5.042230 -5.821213 -6.163696 -5.749267 -7.143294 -7.591118 -7.074065
42.880000 -4.576347 -5.411352 -5.747237 -5.199074 -5.019598 -5.301675 -4.871894 -5.056667 -5.316195 -5.030724 -5.809855 -6.150447 -5.740457 -7.131933 -7.575455 -7.061348
42.920000 -4.556955 -5.390843 -5.726041 -5.180926 -4.992392 -5.276138 -4.836928 -5.045286 -5.300360 -5.019149 -5.798416 -6.137084 -5.731597 -7.120490 -7.559627 -7.051267
42.960000 -4.536906 -5.370529 -5.705013 -5.163094 -4.964107 -5.246581 -4.803156 -5.033843 -5.286747 -5.007519 -5.786908 -6.123194 -5.722463 -7.108977 -7.543671 -7.041990
43.000000 -4.517742 -5.351122 -5.679601 -5.145972 -4.937553 -5.216374 -4.776199 -5.022694 -5.274598 -4.996192 -5.775697 -6.109625 -5.710374 -7.097761 -7.528283 -7.032916
43.040000 -4.496395 -5.331501 -5.650675 -5.126281 -4.907124 -5.177937 -4.751210 -5.011126 -5.261936 -4.984439 -5.764041 -6.095304 -5.697761 -7.086095 -7.512025 -7.023975
43.080000 -4.476049 -5.312728 -5.623579 -5.097277 -4.878689 -5.139450 -4.724980 -4.999858 -5.249633 -4.972998 -5.752690 -6.081383 -5.685508 -7.074734 -7.496357 -7.015407
43.120000 -4.455153 -5.294492 -5.595403 -5.066665 -4.848956 -5.099282 -4.691423 -4.988526 -5.236387 -4.962206 -5.741256 -6.066546 -5.673164 -7.063292 -7.480531 -7.006792
43.160000 -4.433827 -5.276759 -5.568596 -5.036422 -4.818293 -5.058635 -4.657904 -4.977142 -5.221199 -4.951537 -5.729752 -6.049156 -5.660750 -7.051783 -7.464585 -6.998138
43.200000 -4.413499 -5.259722 -5.544095 -5.010098 -4.789652 -5.021471 -4.629564 -4.966048 -5.196697 -4.941126 -5.718545 -6.032436 -5.648683 -7.040570 -7.449207 -6.989652
43.240000 -4.391619 -5.243256 -5.511303 -4.987854 -4.757967 -4.981780 -4.601923 -4.954554 -5.166100 -4.926945 -5.706894 -6.014682 -5.636094 -7.028904 -7.432945 -6.980908
43.280000 -4.370789 -5.227390 -5.483603 -4.967357 -4.728438 -4.946977 -4.575937 -4.943357 -5.153384 -4.914179 -5.695548 -6.000054 -5.623863 -7.017542 -7.417273 -6.972336
43.320000 -4.349886 -5.211724 -5.463012 -4.949903 -4.698696 -4.914798 -4.553345 -4.932095 -5.125428 -4.896418 -5.684122 -5.987246 -5.611545 -7.006101 -7.401445 -6.963365
43.360000 -4.328965 -5.196257 -5.432026 -4.932446 -4.668906 -4.884791 -4.533711 -4.920781 -5.092439 -4.882208 -5.672631 -5.971398 -5.598745 -6.994594 -7.385498 -6.953819
43.400000 -4.309005 -5.181321 -5.400170 -4.917490 -4.641029 -4.856742 -4.511663 -4.909755 -5.072679 -4.860645 -5.661436 -5.956113 -5.585042 -6.983384 -7.370119 -6.940688
43.440000 -4.288477 -5.165133 -5.364275 -4.902227 -4.615487 -4.837719 -4.492704 -4.891170 -5.045694 -4.823277 -5.649793 -5.939880 -5.570682 -6.971719 -7.353176 -6.926925
43.480000 -4.268875 -5.149527 -5.334891 -4.887497 -4.591365 -4.821364 -4.474964 -4.873348 -5.009103 -4.797744 -5.638455 -5.923617 -5.556119 -6.960360 -7.336840 -6.913590
43.520000 -4.249758 -5.132933 -5.301074 -4.866555 -4.571711 -4.801492 -4.460389 -4.848072 -4.971639 -4.771842 -5.627043 -5.907189 -5.541316 -6.948920 -7.320324 -6.900140
43.560000 -4.231100 -5.115479 -5.273230 -4.843897 -4.555993 -4.778980 -4.448684 -4.816605 -4.943061 -4.739947 -5.615570 -5.890638 -5.526416 -6.937414 -7.305719 -6.886599
43.600000 -4.213210 -5.098700 -5.250353 -4.822362 -4.540825 -4.760764 -4.437448 -4.787265 -4.915128 -4.709151 -5.604392 -5.874695 -5.512011 -6.926205 -7.292021 -6.872269
43.640000 -4.196239 -5.078951 -5.224855 -4.806234 -4.530030 -4.744866 -4.430196 -4.751920 -4.880042 -4.670686 -5.592772 -5.857829 -5.496901 -6.914546 -7.277628 -6.858850
43.680000 -4.179906 -5.060060 -5.202622 -4.790683 -4.519496 -4.727641 -4.417503 -4.719236 -4.840269 -4.638256 -5.581454 -5.841594 -5.482790 -6.903191 -7.263702 -6.844594
43.720000 -4.164644 -5.041561 -5.180870 -4.781152 -4.510934 -4.717211 -4.406420 -4.686679 -4.800830 -4.606563 -5.570065 -5.825203 -5.473717 -6.891756 -7.249656 -6.830211
43.760000 -4.150362 -5.023438 -5.155645 -4.782238 -4.504234 -4.705657 -4.397672 -4.654386 -4.767781 -4.575823 -5.558618 -5.808696 -5.464625 -6.880253 -7.235515 -6.815727
43.800000 -4.136536 -5.006040 -5.124401 -4.775702 -4.497635 -4.694403 -4.389115 -4.624330 -4.736846 -4.547233 -5.547464 -5.792793 -5.450800 -6.869046 -7.221825 -6.801711
43.840000 -4.124917 -4.993620 -5.103608 -4.781381 -4.495503 -4.686532 -4.385267 -4.594795 -4.705543 -4.518201 -5.535886 -5.775995 -5.437654 -6.857394 -7.207438 -6.786988
43.880000 -4.113602 -4.981544 -5.083767 -4.789511 -4.493382 -4.678801 -4.380678 -4.567141 -4.678103 -4.490526 -5.524609 -5.762639 -5.426011 -6.846045 -7.193518 -6.773014
43.920000 -4.103584 -4.974981 -5.070905 -4.800216 -4.493640 -4.672911 -4.378936 -4.540621 -4.651869 -4.463864 -5.513263 -5.747760 -5.413576 -6.834618 -7.179475 -6.759453
43.960000 -4.094782 -4.973686 -5.064438 -4.813784 -4.496283 -4.666032 -4.381613 -4.515137 -4.626731 -4.438718 -5.501861 -5.732073 -5.400741 -6.823126 -7.165337 -6.745804
44.000000 -4.086155 -4.972395 -5.058809 -4.819998 -4.498942 -4.658428 -4.386396 -4.491066 -4.603659 -4.415442 -5.490751 -5.716952 -5.388311 -6.811930 -7.151649 -6.732574
44.040000 -4.080492 -4.981985 -5.068701 -4.847151 -4.506268 -4.657949 -4.399145 -4.468547 -4.582748 -4.394862 -5.479241 -5.701629 -5.374734 -6.800285 -7.137488 -6.720581
44.080000 -4.074903 -4.991792 -5.080637 -4.883841 -4.513721 -4.655645 -4.412280 -4.447139 -4.562797 -4.375212 -5.468028 -5.687751 -5.361291 -6.788943 -7.124332 -6.709453
44.120000 -4.071123 -5.005773 -5.096821 -4.915573 -4.523352 -4.653936 -4.429100 -4.428216 -4.544973 -4.358593 -5.456760 -5.672884 -5.346902 -6.777528 -7.111065 -6.697960
44.160000 -4.069108 -5.024337 -5.127506 -4.950779 -4.535306 -4.659921 -4.450495 -4.411508 -4.525641 -4.347232 -5.445448 -5.657547 -5.331673 -6.766052 -7.097698 -6.683162
44.200000 -4.067101 -5.043730 -5.153411 -4.985141 -4.547599 -4.669945 -4.465048 -4.395420 -4.510311 -4.333695 -5.434423 -5.642735 -5.316148 -6.754872 -7.084053 -6.668852
44.240000 -4.068591 -5.069493 -5.183712 -5.025849 -4.563162 -4.682078 -4.479659 -4.383820 -4.498886 -4.322465 -5.423029 -5.624692 -5.301232 -6.743246 -7.067217 -6.654134
44.280000 -4.070086 -5.096881 -5.215835 -5.074292 -4.579303 -4.693174 -4.495516 -4.372523 -4.483679 -4.315905 -5.411926 -5.593974 -5.286987 -6.731923 -7.050995 -6.640313
44.320000 -4.073348 -5.129636 -5.264417 -5.111121 -4.596626 -4.699683 -4.514444 -4.363846 -4.469432 -4.309674 -5.400144 -5.554151 -5.264196 -6.720528 -7.034613 -6.625562
44.360000 -4.078418 -5.168920 -5.334676 -5.157148 -4.615251 -4.704634 -4.538890 -4.357641 -4.458632 -4.309450 -5.387744 -5.527286 -5.244479 -6.709075 -7.018108 -6.610725
44.400000 -4.083548 -5.212115 -5.408250 -5.202555 -4.634711 -4.714351 -4.567289 -4.351523 -4.447506 -4.305770 -5.375688 -5.513606 -5.222980 -6.697916 -7.002212 -6.596378
44.440000 -4.092177 -5.265786 -5.494645 -5.261544 -4.655477 -4.727996 -4.591070 -4.352053 -4.442786 -4.312615 -5.346940 -5.480258 -5.177973 -6.686329 -6.985424 -6.582104
44.480000 -4.100982 -5.327039 -5.595706 -5.326764 -4.677285 -4.744177 -4.621160 -4.352584 -4.441522 -4.313788 -5.319978 -5.446947 -5.140318 -6.675044 -6.970715 -6.570428
44.520000 -4.111481 -5.396169 -5.696661 -5.403883 -4.700641 -4.760902 -4.651493 -4.356898 -4.439713 -4.316702 -5.283363 -5.405345 -5.099661 -6.663688 -6.958796 -6.554557
44.560000 -4.123796 -5.475778 -5.830853 -5.499884 -4.725741 -4.794769 -4.682631 -4.365108 -4.441698 -4.326023 -5.239461 -5.367809 -5.056675 -6.652274 -6.946816 -6.537546
44.600000 -4.136471 -5.573330 -6.042529 -5.606476 -4.752382 -4.816409 -4.702717 -4.373477 -4.452347 -4.340396 -5.199592 -5.334190 -5.022701 -6.641153 -6.935158 -6.523155
44.640000 -4.151917 -5.670233 -6.190571 -5.721014 -4.781668 -4.843230 -4.735153 -4.387240 -4.470581 -4.355140 -5.160912 -5.303048 -4.989239 -6.629628 -6.923043 -6.508423
44.680000 -4.167933 -5.795160 -6.416918 -5.852428 -4.813073 -4.878614 -4.772690 -4.401454 -4.482359 -4.370936 -5.125397 -5.271045 -4.958012 -6.618401 -6.911114 -6.494307
44.720000 -4.185330 -5.933954 -6.675114 -6.000953 -4.847105 -4.917217 -4.810020 -4.418380 -4.501022 -4.386966 -5.092509 -5.236585 -4.929324 -6.607115 -6.898702 -6.480377
44.760000 -4.204256 -6.085340 -6.886071 -6.155763 -4.884226 -4.959273 -4.842025 -4.438330 -4.523876 -4.405484 -5.061883 -5.200286 -4.902830 -6.595781 -6.886228 -6.466394
44.800000 -4.224044 -6.319710 -7.302535 -6.420940 -4.924819 -5.004509 -4.875852 -4.459239 -4.548000 -4.425158 -5.033275 -5.163189 -4.877861 -6.584735 -6.874657 -6.453141
44.840000 -4.245313 -6.476309 -7.486016 -6.581213 -4.968086 -5.053259 -4.915096 -4.484936 -4.575839 -4.456992 -5.007143 -5.135318 -4.858298 -6.573309 -6.863372 -6.439129
44.880000 -4.267677 -6.723620 -7.821940 -6.832104 -5.016147 -5.107575 -4.958501 -4.512249 -4.604339 -4.479830 -4.982494 -5.107648 -4.842441 -6.562176 -6.852186 -6.425555
44.920000 -4.291043 -7.014153 -8.300080 -7.129309 -5.066606 -5.166831 -5.005811 -4.542333 -4.632175 -4.508473 -4.960555 -5.080561 -4.829351 -6.551006 -6.840433 -6.411936
44.960000 -4.315513 -7.240750 -8.558917 -7.353839 -5.119651 -5.228163 -5.059028 -4.575666 -4.662190 -4.541070 -4.940995 -5.056733 -4.818635 -6.539809 -6.828491 -6.400898
45.000000 -4.341444 -7.742424 -9.298052 -7.844621 -5.180088 -5.298118 -5.109878 -4.611773 -4.698783 -4.580800 -4.922279 -5.037593 -4.808287 -6.528894 -6.815157 -6.390684
45.040000 -4.367512 -7.940373 -9.509551 -8.037191 -5.235505 -5.359235 -5.158491 -4.650362 -4.738497 -4.617962 -4.909022 -5.022728 -4.801063 -6.517646 -6.800186 -6.380007
45.080000 -4.395244 -8.314468 -9.938372 -8.411675 -5.299041 -5.432633 -5.218907 -4.692718 -4.781139 -4.656892 -4.896158 -5.007199 -4.793848 -6.506682 -6.785676 -6.368791
45.120000 -4.423579 -8.904814 -10.822134 -8.974663 -5.363826 -5.506897 -5.282663 -4.737321 -4.824327 -4.697891 -4.886806 -4.995095 -4.788552 -6.495709 -6.770413 -6.357607
45.160000 -4.452512 -9.177929 -11.110480 -9.248329 -5.428752 -5.580918 -5.347175 -4.784433 -4.869049 -4.743351 -4.880750 -4.988927 -4.787621 -6.484735 -6.749853 -6.347016
45.200000 -4.483511 -10.082735 -12.434211 -10.180289 -5.505120 -5.665577 -5.426340 -4.837285 -4.921959 -4.796192 -4.874778 -4.980533 -4.790986 -6.474031 -6.726825 -6.337979
45.240000 -4.513265 -10.299734 -12.653580 -10.393344 -5.571915 -5.746841 -5.499207 -4.886956 -4.970202 -4.838931 -4.876281 -4.978248 -4.797961 -6.463090 -6.702095 -6.324763
45.280000 -4.545207 -10.753387 -13.118516 -10.830691 -5.650883 -5.854897 -5.582792 -4.943051 -5.030774 -4.887421 -4.877790 -4.982224 -4.804701 -6.452418 -6.675930 -6.311408
45.320000 -4.577525 -11.951680 -14.778119 -11.853926 -5.733740 -5.966131 -5.670938 -4.999816 -5.086707 -4.937353 -4.882981 -4.986425 -4.817168 -6.441539 -6.638099 -6.296111
45.360000 -4.610110 -12.245200 -15.077702 -12.149236 -5.819435 -6.077837 -5.763793 -5.056391 -5.136424 -4.989665 -4.891988 -4.992454 -4.835686 -6.430475 -6.596202 -6.251931
45.400000 -4.645340 -13.710073 -17.298326 -13.806514 -5.926303 -6.224657 -5.873332 -5.121456 -5.197718 -5.052404 -4.901186 -5.000749 -4.855229 -6.419686 -6.558942 -6.226991
45.440000 -4.678286 -13.931469 -17.520110 -14.027825 -6.019988 -6.347817 -5.965644 -5.176994 -5.246565 -5.107252 -4.917302 -5.017779 -4.873370 -6.391403 -6.531147 -6.177027
45.480000 -4.713937 -14.406332 -17.996906 -14.500856 -6.139604 -6.524471 -6.089748 -5.240690 -5.301840 -5.166448 -4.934039 -5.037763 -4.895168 -6.364850 -6.490182 -6.123991
45.520000 -4.749752 -16.612195 -21.112282 -16.239538 -6.266650 -6.675749 -6.221571 -5.304549 -5.364016 -5.222169 -4.954293 -5.051666 -4.921213 -6.321315 -6.450788 -6.084954
45.560000 -4.785500 -16.912752 -21.413304 -16.540175 -6.394371 -6.834497 -6.354209 -5.366935 -5.429093 -5.277812 -4.978547 -5.075005 -4.949749 -6.265510 -6.408770 -6.039818
45.600000 -4.824456 -19.574175 -25.323586 -19.454039 -6.576080 -7.086034 -6.554516 -5.439812 -5.505021 -5.341856 -5.004236 -5.101537 -4.980996 -6.216067 -6.370414 -6.010780
45.640000 -4.860237 -19.796005 -25.545435 -19.675884 -6.706545 -7.235489 -6.684374 -5.501148 -5.569326 -5.399295 -5.033440 -5.131274 -5.013923 -6.174713 -6.338760 -5.992260
45.680000 -4.899233 -20.273036 -26.022555 -20.152987 -6.893903 -7.474393 -6.875040 -5.572594 -5.642160 -5.465504 -5.064751 -5.166895 -5.049452 -6.136957 -6.302292 -5.964459
45.720000 -4.938384 -23.873007 -31.260157 -23.372196 -7.099016 -7.822074 -7.079344 -5.644565 -5.715686 -5.532646 -5.098190 -5.204769 -5.085074 -6.104504 -6.269630 -5.938326
45.760000 -4.977375 -24.174035 -31.561187 -23.673222 -7.280970 -8.047843 -7.259220 -5.714858 -5.780373 -5.600312 -5.134086 -5.245111 -5.124084 -6.076447 -6.242885 -5.917747
45.800000 -5.020214 -29.347292 -37.624436 -28.328374 -7.600078 -8.521192 -7.567862 -5.798768 -5.855132 -5.680888 -5.173219 -5.283689 -5.164332 -6.050094 -6.222994 -5.901078
45.840000 -5.059185 -29.569140 -37.846285 -28.550223 -7.767067 -8.709613 -7.735310 -5.866972 -5.916789 -5.745258 -5.212941 -5.322422 -5.203399 -6.030906 -6.203516 -5.893213
45.880000 -5.102002 -30.046259 -38.323406 -29.027344 -8.041882 -9.052113 -8.011304 -5.947920 -5.988677 -5.823143 -5.256665 -5.365843 -5.246588 -6.012529 -6.183821 -5.885495
45.920000 -5.145007 -35.124430 -46.952780 -34.618624 -8.377682 -9.533940 -8.332409 -6.028744 -6.067595 -5.899427 -5.302179 -5.413096 -5.298159 -5.998376 -6.167068 -5.879536
45.960000 -5.187778 -35.425460 -47.253810 -34.919654 -8.614658 -9.796276 -8.571141 -6.105651 -6.146056 -5.972646 -5.349556 -5.455738 -5.348461 -5.988065 -6.153445 -5.880392
46.000000 -5.235225 -43.853377 nan -42.177578 -9.176497 -10.543250 -9.108255 -6.199173 -6.237389 -6.062159 -5.402742 -5.506222 -5.401879 -5.977993 -6.140236 -5.874555
46.040000 -5.277904 -44.075226 nan -42.399427 -9.374969 -10.755230 -9.305695 -6.271976 -6.304949 -6.133085 -5.452699 -5.554438 -5.450960 -5.976587 -6.134325 -5.876912
46.080000 -5.325239 -44.552347 nan -42.876548 -9.751026 -11.186141 -9.680865 -6.359491 -6.384901 -6.218710 -5.509159 -5.606678 -5.505595 -5.975185 -6.128498 -5.880840
46.120000 -5.372785 -54.816660 nan -52.116937 -10.349174 -12.098214 -10.246159 -6.446453 -6.464819 -6.297941 -5.566832 -5.661848 -5.561020 -5.978456 -6.126384 -5.894062
46.160000 -5.419951 -55.117690 nan -52.417967 -10.624136 -12.389665 -10.524074 -6.527713 -6.541822 -6.379297 -5.625065 -5.719240 -5.614825 -5.986507 -6.128363 -5.914823
46.200000 -5.472870 -inf nan nan -11.557758 -13.740940 -11.476482 -6.627759 -6.637665 -6.479152 -5.692332 -5.782485 -5.673420 -5.994711 -6.130350 -5.931567
46.240000 -5.519750 -inf nan nan -11.775171 -13.961508 -11.693364 -6.705281 -6.726186 -6.557754 -5.750668 -5.835827 -5.727579 -6.011850 -6.142034 -5.954411
46.280000 -5.572311 -inf nan nan -12.230768 -14.432282 -12.145955 -6.799715 -6.841670 -6.650605 -5.818074 -5.896484 -5.793544 -6.029693 -6.156920 -5.973800
46.320000 -5.625033 -inf nan nan -13.465758 -16.180499 -13.153200 -6.896715 -6.963262 -6.747134 -5.885523 -5.956574 -5.855036 -6.051492 -6.175625 -6.005637
46.360000 -5.677052 -inf nan nan -13.759823 -16.480642 -13.449813 -6.991911 -7.081003 -6.849134 -5.950985 -6.015573 -5.915442 -6.077832 -6.204073 -6.036674
46.400000 -5.736161 -inf nan nan -15.257129 -18.828288 -15.098674 -7.114008 -7.251257 -6.973518 -6.028096 -6.083483 -5.977311 -6.105873 -6.231739 -6.069338
46.440000 -5.787436 -inf nan nan -15.478395 -19.050081 -15.319718 -7.213283 -7.375639 -7.068002 -6.090514 -6.140028 -6.033307 -6.139092 -6.265049 -6.108060
46.480000 -5.845585 -inf nan nan -15.952615 -19.526929 -15.792834 -7.342193 -7.548565 -7.204303 -6.163432 -6.212650 -6.098205 -6.175063 -6.305757 -6.150500
46.520000 -5.903783 -inf nan nan -18.050095 -22.247411 -17.692653 -7.478291 -7.707057 -7.344966 -6.235791 -6.281626 -6.164550 -6.213815 -6.338875 -6.194416
46.560000 -5.960778 -inf nan nan -18.350776 -22.548435 -17.993202 -7.611006 -7.863968 -7.484804 -6.304653 -6.349643 -6.228682 -6.255850 -6.374047 -6.239977
46.600000 -6.026398 -inf nan nan -21.144373 -26.758442 -20.866348 -7.803081 -8.126801 -7.684324 -6.386531 -6.428576 -6.304355 -6.302393 -6.413298 -6.290292
46.640000 -6.082040 -inf nan nan -21.366197 -26.980290 -21.088143 -7.934488 -8.282674 -7.809739 -6.452088 -6.486635 -6.366678 -6.347815 -6.455064 -6.338816
46.680000 -6.145872 -inf nan nan -21.843198 -27.457412 -21.564999 -8.123814 -8.528183 -7.975738 -6.529332 -6.558454 -6.438562 -6.398548 -6.504865 -6.388881
46.720000 -6.209596 -inf nan nan -25.319423 -32.251586 -24.992836 -8.331036 -8.818125 -8.178078 -6.606112 -6.629503 -6.509996 -6.450677 -6.557257 -6.443067
46.760000 -6.271442 -inf nan nan -25.620450 -32.552615 -25.293866 -8.513080 -9.036998 -8.355059 -6.678980 -6.701077 -6.579131 -6.503903 -6.610151 -6.497221
46.800000 -6.343580 -inf nan nan -30.452361 -39.034135 -29.715586 -8.832476 -9.492314 -8.648165 -6.766589 -6.785660 -6.660542 -6.564576 -6.663983 -6.556028
46.840000 -6.403303 -inf nan nan -30.674210 -39.255984 -29.937435 -9.002478 -9.682822 -8.813964 -6.835507 -6.857849 -6.725142 -6.618657 -6.712775 -6.608715
46.880000 -6.472568 -inf nan nan -31.151331 -39.733105 -30.414556 -9.285736 -10.030218 -9.085504 -6.917462 -6.941789 -6.799402 -6.680442 -6.767752 -6.668939
46.920000 -6.541567 -inf nan nan -37.213891 -48.456696 -36.178118 -9.634991 -10.528206 -9.415863 -6.999041 -7.021125 -6.871919 -6.742720 -6.827372 -6.726560
46.960000 -6.607928 -inf nan nan -37.514921 -48.757726 -36.479148 -9.867164 -10.792531 -9.652941 -7.076152 -7.096500 -6.941624 -6.804163 -6.889588 -6.785041
47.000000 -6.686291 -inf nan nan -45.221686 nan -44.313335 -10.399946 -11.590062 -10.215420 -7.169974 -7.186603 -7.030585 -6.875755 -6.961073 -6.857786
47.040000 -6.749789 -inf nan nan -45.443534 nan -44.535183 -10.598533 -11.801474 -10.414773 -7.242431 -7.257272 -7.105451 -6.935985 -7.018394 -6.915154
47.080000 -6.824187 -inf nan nan -45.920656 nan -45.012305 -10.975022 -12.229241 -10.793326 -7.329446 -7.344495 -7.187344 -7.005934 -7.080236 -6.983243
47.120000 -6.898213 -inf nan nan -66.411144 nan -59.148686 -11.576505 -13.101120 -11.387305 -7.416393 -7.432323 -7.269816 -7.075698 -7.148316 -7.049751
47.160000 -6.968845 -inf nan nan -66.712174 nan -59.449716 -11.859364 -13.391899 -11.668886 -7.498514 -7.519292 -7.349348 -7.142871 -7.207815 -7.105876
47.200000 -7.053239 -inf nan nan -inf nan nan -12.945787 -14.822302 -12.613638 -7.599870 -7.636748 -7.445798 -7.222370 -7.280273 -7.173733
47.240000 -7.120288 -inf nan nan -inf nan nan -13.159423 -15.041699 -12.828130 -7.678864 -7.728521 -7.527072 -7.286031 -7.340744 -7.227422
47.280000 -7.199611 -inf nan nan -inf nan nan -13.597662 -15.506788 -13.270239 -7.775494 -7.840555 -7.626143 -7.360653 -7.409439 -7.288358
47.320000 -7.278501 -inf nan nan -inf nan nan -14.584978 -17.040932 -14.340579 -7.875012 -7.960435 -7.730184 -7.433925 -7.478426 -7.352960
47.360000 -7.353229 -inf nan nan -inf nan nan -14.881885 -17.341450 -14.636967 -7.972841 -8.077162 -7.834577 -7.502282 -7.544692 -7.416802
47.400000 -7.443544 -inf nan nan -inf nan nan -16.605529 -20.016822 -16.286124 -8.099317 -8.239025 -7.971690 -7.583447 -7.617089 -7.490182
47.440000 -7.513965 -inf nan nan -inf nan nan -16.827063 -20.238578 -16.507247 -8.200768 -8.358401 -8.080435 -7.646153 -7.676420 -7.542402
47.480000 -7.598056 -inf nan nan -inf nan nan -17.302616 -20.715234 -16.980755 -8.333383 -8.521273 -8.217183 -7.719466 -7.743817 -7.601598
47.520000 -7.681708 -inf nan nan -inf nan nan -19.666422 -23.541155 -18.957803 -8.473141 -8.697831 -8.352017 -7.792265 -7.814272 -7.669175
47.560000 -7.760442 -inf nan nan -inf nan nan -19.966700 -23.842107 -19.258387 -8.607774 -8.860370 -8.483295 -7.861590 -7.883967 -7.737825
47.600000 -7.856682 -inf nan nan -inf nan nan -22.427356 -27.875225 -22.062191 -8.803930 -9.111514 -8.672655 -7.944123 -7.965536 -7.817982
47.640000 -7.930671 -inf nan nan -inf nan nan -22.649195 -28.097074 -22.284024 -8.937978 -9.272393 -8.802418 -8.011629 -8.036834 -7.883720
47.680000 -8.019907 -inf nan nan -inf nan nan -23.126270 -28.574194 -22.761069 -9.132882 -9.521629 -8.989733 -8.091593 -8.122598 -7.957657
47.720000 -8.108853 -inf nan nan -inf nan nan -27.015687 -34.177585 -26.469045 -9.347555 -9.806234 -9.197237 -8.172456 -8.209370 -8.032558
47.760000 -8.192201 -inf nan nan -inf nan nan -27.316716 -34.478615 -26.770060 -9.534754 -10.020894 -9.379419 -8.251170 -8.292961 -8.108527
47.800000 -8.295437 -inf nan nan -inf nan nan -32.392935 -40.616815 -31.324119 -9.870922 -10.484190 -9.694431 -8.347379 -8.395208 -8.202791
47.840000 -8.373564 -inf nan nan -inf nan nan -32.614783 -40.838664 -31.545967 -10.038417 -10.676040 -9.857006 -8.424679 -8.476540 -8.277568
47.880000 -8.468896 -inf nan nan -inf nan nan -33.091902 -41.315785 -32.023087 -10.314635 -11.028101 -10.136173 -8.518782 -8.573890 -8.364388
47.920000 -8.564163 -inf nan nan -inf nan nan -38.225087 -49.278089 -37.563513 -10.652983 -11.543177 -10.476970 -8.613689 -8.672622 -8.452894
47.960000 -8.652941 -inf nan nan -inf nan nan -38.526117 -49.579119 -37.864543 -10.890684 -11.808821 -10.713894 -8.703843 -8.765323 -8.541864
48.000000 -8.764657 -inf nan nan -inf nan nan -48.524849 nan -46.023150 -11.457114 -12.607140 -11.275474 -8.817750 -8.882730 -8.654435
48.040000 -8.847590 -inf nan nan -inf nan nan -48.746698 nan -46.244998 -11.660326 -12.820958 -11.473650 -8.903271 -8.969647 -8.740162
48.080000 -8.950190 -inf nan nan -inf nan nan -49.223819 nan -46.722120 -12.054653 -13.260018 -11.848648 -9.009869 -9.081022 -8.846236
48.120000 -9.052984 -inf nan nan -inf nan nan -75.526574 nan -73.943949 -12.730300 -14.128611 -12.451003 -9.117454 -9.201699 -8.948560
48.160000 -9.147974 -inf nan nan -inf nan nan -75.827604 nan -74.244979 -13.003918 -14.422122 -12.726822 -9.217531 -9.315197 -9.044359
48.200000 -9.269732 -inf nan nan -inf nan nan -inf nan nan -13.916359 -15.874759 -13.663329 -9.347799 -9.449958 -9.168253
48.240000 -9.358064 -inf nan nan -inf nan nan -inf nan nan -14.132714 -16.095246 -13.880914 -9.442103 -9.546116 -9.261560
48.280000 -9.469072 -inf nan nan -inf nan nan -inf nan nan -14.583361 -16.565628 -14.337371 -9.562733 -9.683439 -9.380469
48.320000 -9.580622 -inf nan nan -inf nan nan -inf nan nan -15.731867 -18.388113 -15.495893 -9.686621 -9.824864 -9.504427
48.360000 -9.682543 -inf nan nan -inf nan nan -inf nan nan -16.030698 -18.688497 -15.792653 -9.802597 -9.956738 -9.634645
48.400000 -9.815963 -inf nan nan -inf nan nan -inf nan nan -18.026367 -21.118374 -17.491444 -9.961297 -10.134316 -9.793892
48.440000 -9.910220 -inf nan nan -inf nan nan -inf nan nan -18.246996 -21.340183 -17.712423 -10.074227 -10.258265 -9.901267
48.480000 -10.030774 -inf nan nan -inf nan nan -inf nan nan -18.718069 -21.817106 -18.185454 -10.227254 -10.436466 -10.058588
48.520000 -10.152443 -inf nan nan -inf nan nan -inf nan nan -20.498027 -25.022740 -20.076577 -10.388637 -10.646893 -10.216084
48.560000 -10.262180 -inf nan nan -inf nan nan -inf nan nan -20.798976 -25.323755 -20.377483 -10.535901 -10.806796 -10.372695
48.600000 -10.409377 -inf nan nan -inf nan nan -inf nan nan -24.226462 -29.482626 -23.607824 -10.760413 -11.094615 -10.591732
48.640000 -10.510066 -inf nan nan -inf nan nan -inf nan nan -24.448301 -29.704473 -23.829657 -10.901544 -11.254975 -10.730735
48.680000 -10.641377 -inf nan nan -inf nan nan -inf nan nan -24.925371 -30.181588 -24.306701 -11.111951 -11.509498 -10.942670
48.720000 -10.774560 -inf nan nan -inf nan nan -inf nan nan -28.778423 -35.009792 -27.695786 -11.345424 -11.805884 -11.167643
48.760000 -10.892621 -inf nan nan -inf nan nan -inf nan nan -29.079434 -35.310821 -27.996808 -11.537007 -12.026462 -11.357582
48.800000 -11.055276 -inf nan nan -inf nan nan -inf nan nan -33.120990 -42.179781 -32.694039 -11.888133 -12.494301 -11.694572
48.840000 -11.162580 -inf nan nan -inf nan nan -inf nan nan -33.342839 -42.401630 -32.915888 -12.059504 -12.685432 -11.854964
48.880000 -11.305414 -inf nan nan -inf nan nan -inf nan nan -33.819960 -42.878751 -33.393009 -12.346673 -13.039646 -12.134077
48.920000 -11.451277 -inf nan nan -inf nan nan -inf nan nan -40.470139 -51.315859 -39.446205 -12.706057 -13.564226 -12.506915
48.960000 -11.578210 -inf nan nan -inf nan nan -inf nan nan -40.771169 -51.616889 -39.747235 -12.951206 -13.825187 -12.744847
49.000000 -11.758315 -inf nan nan -inf nan nan -inf nan nan -49.443282 nan -47.414033 -13.568339 -14.660313 -13.330842
49.040000 -11.872645 -inf nan nan -inf nan nan -inf nan nan -49.665131 nan -47.635882 -13.769745 -14.872746 -13.530930
49.080000 -12.028266 -inf nan nan -inf nan nan -inf nan nan -50.142252 nan -48.113003 -14.156997 -15.305624 -13.917077
49.120000 -12.188639 -inf nan nan -inf nan nan -inf nan nan -87.660077 nan -102.147994 -14.801235 -16.239105 -14.546250
49.160000 -12.325275 -inf nan nan -inf nan nan -inf nan nan -87.961107 nan -102.449024 -15.078506 -16.534099 -14.825406
49.200000 -12.525751 -inf nan nan -inf nan nan -inf nan nan -inf nan nan -16.051250 -18.096190 -15.800420
49.240000 -12.647848 -inf nan nan -inf nan nan -inf nan nan -inf nan nan -16.269875 -18.316945 -16.018718
49.280000 -12.818312 -inf nan nan -inf nan nan -inf nan nan -inf nan nan -16.731229 -18.788642 -16.478522
49.320000 -12.996557 -inf nan nan -inf nan nan -inf nan nan -inf nan nan -18.099096 -20.496597 -17.652257
49.360000 -13.145481 -inf nan nan -inf nan nan -inf nan nan -inf nan nan -18.396030 -20.797057 -17.950789
49.400000 -13.373925 -inf nan nan -inf nan nan -inf nan nan -inf nan nan -20.122427 -23.362011 -19.698810
49.440000 -13.507509 -inf nan nan -inf nan nan -inf nan nan -inf nan nan -20.343411 -23.583803 -19.920245
49.480000 -13.701427 -inf nan nan -inf nan nan -inf nan nan -inf nan nan -20.816233 -24.060641 -20.395307
49.520000 -13.910071 -inf nan nan -inf nan nan -inf nan nan -inf nan nan -22.743580 -27.167493 -22.458068
49.560000 -14.079817 -inf nan nan -inf nan nan -inf nan nan -inf nan nan -23.044588 -27.468516 -22.759031
49.600000 -14.362349 -inf nan nan -inf nan nan -inf nan nan -inf nan nan -27.045888 -31.711541 -25.739957
