#Quasar bolometric luminosity function in different black hole mass bins from TRINITY PaperIII (Fig. 3, Zhang+2024, MNRAS, 529, 2777)
#z: 8.00
#log10(Lbol [erg/s])(0) log10(QLF_total [Mpc^-3 dex^-1])(1) log10(QLF(5<logMbh<6) [Mpc^-3 dex^-1])(2) log10(QLF(5<logMbh<6)_16th [Mpc^-3 dex^-1])(3) log10(QLF(5<logMbh<6)_84th [Mpc^-3 dex^-1])(4)
#log10(QLF(6<logMbh<7) [Mpc^-3 dex^-1])(5) log10(QLF(6<logMbh<7)_16th [Mpc^-3 dex^-1])(6) log10(QLF(6<logMbh<7)_84th [Mpc^-3 dex^-1])(7)
#log10(QLF(7<logMbh<8) [Mpc^-3 dex^-1])(8) log10(QLF(7<logMbh<8)_16th [Mpc^-3 dex^-1])(9) log10(QLF(7<logMbh<8)_84th [Mpc^-3 dex^-1])(10)
#log10(QLF(8<logMbh<9) [Mpc^-3 dex^-1])(11) log10(QLF(8<logMbh<9)_16th [Mpc^-3 dex^-1])(12) log10(QLF(8<logMbh<9)_84th [Mpc^-3 dex^-1])(13)
#log10(QLF(9<logMbh<10) [Mpc^-3 dex^-1])(14) log10(QLF(9<logMbh<10)_16th [Mpc^-3 dex^-1])(15) log10(QLF(9<logMbh<10)_84th [Mpc^-3 dex^-1])(16)
40.000000 -8.582155 -9.323937 -11.068104 -9.303812 -8.913576 -9.882015 -8.908078 -9.190088 -10.082845 -9.119391 -10.201809 -11.247060 -10.022905 -15.260902 -19.743468 -15.755488
40.040000 -8.565330 -9.303859 -11.031133 -9.283687 -8.900038 -9.860679 -8.892851 -9.175897 -10.065588 -9.102547 -10.178331 -11.219031 -9.987171 -15.115331 -19.150803 -15.527168
40.080000 -8.549132 -9.284667 -10.997227 -9.264454 -8.886909 -9.840343 -8.878144 -9.162154 -10.048992 -9.086334 -10.156058 -11.193014 -9.954222 -15.006496 -19.023127 -15.334084
40.120000 -8.532935 -9.267313 -10.957489 -9.245085 -8.873042 -9.820181 -8.863254 -9.148461 -10.032253 -9.070121 -10.134714 -11.153538 -9.925368 -14.810010 -18.743988 -14.152743
40.160000 -8.516760 -9.251614 -10.913781 -9.225633 -8.858519 -9.800211 -8.848221 -9.134826 -10.015410 -9.053930 -10.114221 -11.117432 -9.899962 -14.609479 -18.516384 -13.723767
40.200000 -8.501166 -9.236463 -10.874350 -9.208004 -8.844465 -9.781488 -8.833693 -9.121606 -9.999197 -9.038323 -10.094652 -11.084187 -9.875659 -14.472818 -18.331640 -13.506319
40.240000 -8.484885 -9.222928 -10.824743 -9.190245 -8.828989 -9.763708 -8.818707 -9.107999 -9.982068 -9.022063 -10.075137 -11.054319 -9.853944 -14.345745 -17.698898 -12.624345
40.280000 -8.469192 -9.209802 -10.799596 -9.173644 -8.814045 -9.746627 -8.805470 -9.094804 -9.965591 -9.006392 -10.056461 -11.023435 -9.833264 -14.247560 -17.534035 -12.427642
40.320000 -8.453324 -9.196562 -10.785078 -9.157599 -8.799053 -9.729342 -8.793456 -9.081535 -9.948951 -8.990676 -10.038654 -10.995878 -9.814026 -13.410185 -17.194860 -12.289120
40.360000 -8.437319 -9.183230 -10.769854 -9.141982 -8.784033 -9.711903 -8.781596 -9.068210 -9.932188 -8.974941 -10.021643 -10.973688 -9.796088 -12.982093 -16.933269 -12.112169
40.400000 -8.421884 -9.170295 -10.755217 -9.126907 -8.769515 -9.695138 -8.770055 -9.055282 -9.916049 -8.959759 -10.005274 -10.952622 -9.778861 -12.770751 -16.758332 -11.989980
40.440000 -8.405188 -9.156759 -10.737818 -9.112775 -8.754635 -9.677325 -8.758200 -9.041740 -9.898954 -8.943877 -9.990557 -10.932326 -9.763211 -12.297298 -15.735043 -11.852109
40.480000 -8.389111 -9.143633 -10.721158 -9.099088 -8.740247 -9.659933 -8.746665 -9.028608 -9.882133 -8.928559 -9.976323 -10.912136 -9.748105 -12.076186 -15.607290 -11.786606
40.520000 -8.372421 -9.130394 -10.703016 -9.085539 -8.725905 -9.642986 -8.735054 -9.015367 -9.864221 -8.913120 -9.962460 -10.888532 -9.733965 -11.917962 -14.588873 -11.717470
40.560000 -8.355209 -9.117063 -10.683593 -9.072125 -8.711617 -9.625553 -8.723381 -9.002041 -9.846156 -8.897591 -9.948947 -10.866136 -9.720714 -11.792966 -14.149340 -11.663816
40.600000 -8.338654 -9.104128 -10.665046 -9.059115 -8.697784 -9.608792 -8.712017 -8.989111 -9.828812 -8.882603 -9.935842 -10.846111 -9.707855 -11.696021 -13.956641 -11.618905
40.640000 -8.319350 -9.090592 -10.641205 -9.045489 -8.683539 -9.590306 -8.697924 -8.975572 -9.810357 -8.866831 -9.922217 -10.827281 -9.694544 -11.630066 -13.260623 -11.556732
40.680000 -8.300869 -9.077465 -10.618625 -9.032277 -8.669745 -9.572576 -8.682049 -8.962442 -9.792655 -8.851617 -9.909005 -10.809235 -9.681629 -11.572820 -12.993156 -11.485332
40.720000 -8.280322 -9.064225 -10.593858 -9.018954 -8.655945 -9.554017 -8.666004 -8.949202 -9.775784 -8.836266 -9.895700 -10.791020 -9.668637 -11.527305 -12.855919 -11.425531
40.760000 -8.258025 -9.050894 -10.567315 -9.005542 -8.642151 -9.534762 -8.649827 -8.935873 -9.759463 -8.820811 -9.882321 -10.772685 -9.655587 -11.490763 -12.792842 -11.353592
40.800000 -8.236817 -9.037961 -10.542304 -8.992531 -8.628783 -9.516325 -8.634233 -8.922941 -9.743732 -8.805894 -9.869342 -10.755094 -9.642918 -11.457058 -12.724895 -11.309706
40.840000 -8.206196 -9.024424 -10.510425 -8.978905 -8.614925 -9.496405 -8.617749 -8.909403 -9.726502 -8.790166 -9.855786 -10.738160 -9.629701 -11.428678 -12.664394 -11.275537
40.880000 -8.177592 -9.011296 -10.484121 -8.964230 -8.601496 -9.477358 -8.601080 -8.896274 -9.709640 -8.774993 -9.842640 -10.721995 -9.616875 -11.402039 -12.575676 -11.243916
40.920000 -8.139188 -8.998056 -10.467137 -8.947934 -8.588025 -9.458211 -8.584227 -8.883034 -9.692459 -8.759642 -9.829386 -10.705669 -9.603953 -11.377402 -12.519628 -11.216025
40.960000 -8.093507 -8.984727 -10.449496 -8.931563 -8.574527 -9.439011 -8.567235 -8.869706 -9.675019 -8.744148 -9.816045 -10.689218 -9.590955 -11.354528 -12.475182 -11.191294
41.000000 -8.052177 -8.971794 -10.432600 -8.915788 -8.561437 -9.420624 -8.550885 -8.856774 -9.656628 -8.729195 -9.803102 -10.673369 -9.578335 -11.332799 -12.445869 -11.167911
41.040000 -7.962671 -8.957473 -10.414810 -8.899341 -8.547785 -9.401128 -8.533485 -8.843236 -9.636848 -8.712775 -9.789563 -10.656608 -9.565144 -11.313163 -12.418413 -11.147264
41.080000 -7.888497 -8.943609 -10.397771 -8.884570 -8.534550 -9.382470 -8.516756 -8.830106 -9.617932 -8.696812 -9.776434 -10.640471 -9.552342 -11.294377 -12.386293 -11.127558
41.120000 -7.759246 -8.929481 -10.380674 -8.870423 -8.521241 -9.363643 -8.499830 -8.816834 -9.598785 -8.680711 -9.763192 -10.624157 -9.539434 -11.276616 -12.347975 -11.109054
41.160000 -7.613666 -8.915129 -10.362047 -8.856170 -8.507876 -9.344701 -8.482751 -8.803443 -9.579470 -8.664508 -9.749861 -10.607707 -9.526440 -11.259791 -12.323367 -11.091639
41.200000 -7.504826 -8.901236 -10.344113 -8.842370 -8.494911 -9.326550 -8.469616 -8.790453 -9.560981 -8.648888 -9.736927 -10.591857 -9.513823 -11.243592 -12.300079 -11.074895
41.240000 -7.349680 -8.886777 -10.327450 -8.821091 -8.481370 -9.307365 -8.457448 -8.776826 -9.541236 -8.632410 -9.723388 -10.575020 -9.500637 -11.227952 -12.277855 -11.058809
41.280000 -7.235605 -8.872785 -10.312200 -8.801802 -8.468239 -9.288991 -8.441700 -8.763614 -9.522353 -8.618810 -9.710259 -10.558812 -9.487840 -11.212855 -12.256713 -11.043297
41.320000 -7.192105 -8.858737 -10.296465 -8.784207 -8.455000 -9.270566 -8.425670 -8.750307 -9.503355 -8.605588 -9.697020 -10.542401 -9.474932 -11.198095 -12.236169 -11.028187
41.360000 -7.200155 -8.844654 -10.280315 -8.765927 -8.441673 -9.252630 -8.409549 -8.736927 -9.485278 -8.592282 -9.683693 -10.524993 -9.461933 -11.183655 -12.216187 -11.013707
41.400000 -7.208357 -8.831014 -10.263857 -8.748424 -8.428743 -9.237826 -8.395152 -8.723947 -9.467926 -8.579527 -9.670763 -10.508120 -9.449312 -11.169679 -12.197086 -10.999941
41.440000 -7.222119 -8.814304 -10.240941 -8.726360 -8.415203 -9.222416 -8.380011 -8.710386 -9.449478 -8.566538 -9.657221 -10.490199 -9.436127 -11.155987 -12.177791 -10.986254
41.480000 -7.236330 -8.798214 -10.219185 -8.706490 -8.402072 -9.207533 -8.365381 -8.697236 -9.431782 -8.553927 -9.644089 -10.474068 -9.423330 -11.142713 -12.159316 -10.972988
41.520000 -7.248489 -8.779582 -10.194325 -8.683992 -8.388832 -9.192584 -8.350083 -8.683977 -9.413883 -8.541214 -9.630850 -10.458414 -9.410423 -11.129403 -12.140977 -10.959947
41.560000 -7.258404 -8.758746 -10.166943 -8.659302 -8.375505 -9.177592 -8.333132 -8.670632 -9.395834 -8.528417 -9.617525 -10.442643 -9.397426 -11.116070 -12.122787 -10.947123
41.600000 -7.268551 -8.738863 -10.141214 -8.635945 -8.362574 -9.163100 -8.316819 -8.657685 -9.378505 -8.515989 -9.604597 -10.427425 -9.384807 -11.103135 -12.105329 -10.934667
41.640000 -7.275188 -8.714664 -10.108565 -8.607493 -8.349035 -9.147913 -8.299538 -8.644143 -9.360073 -8.503009 -9.591055 -10.411358 -9.371614 -11.089600 -12.087330 -10.921648
41.680000 -7.281928 -8.691742 -10.078248 -8.580797 -8.335906 -9.133238 -8.282918 -8.631011 -9.342392 -8.490535 -9.577921 -10.395864 -9.358811 -11.076473 -12.068206 -10.909008
41.720000 -7.286930 -8.667392 -10.045341 -8.552051 -8.322666 -9.118508 -8.266123 -8.617767 -9.324502 -8.476175 -9.564681 -10.380217 -9.345893 -11.063234 -12.048854 -10.896267
41.760000 -7.290133 -8.641904 -10.010556 -8.521739 -8.309336 -9.103744 -8.249195 -8.604434 -9.306455 -8.460742 -9.551356 -10.364451 -9.332883 -11.049902 -12.029340 -10.883444
41.800000 -7.293360 -8.617829 -9.977593 -8.495352 -8.296403 -9.089465 -8.232902 -8.591498 -9.289130 -8.448355 -9.538427 -10.349237 -9.320250 -11.036968 -12.010667 -10.870988
41.840000 -7.301842 -8.589218 -9.945657 -8.456993 -8.282867 -9.074636 -8.215631 -8.577960 -9.270706 -8.436841 -9.524887 -10.333025 -9.307039 -11.023434 -11.990673 -10.857974
41.880000 -7.310493 -8.562377 -9.917286 -8.423449 -8.269739 -9.060296 -8.199020 -8.564831 -9.253678 -8.425965 -9.511756 -10.317207 -9.294218 -11.010309 -11.971563 -10.845338
41.920000 -7.321017 -8.533562 -9.886239 -8.387438 -8.256499 -9.045899 -8.182318 -8.551590 -9.237586 -8.414200 -9.498516 -10.301223 -9.281299 -10.997068 -11.952221 -10.832598
41.960000 -7.333548 -8.503245 -9.853187 -8.349727 -8.243168 -9.031464 -8.170226 -8.538260 -9.221363 -8.401416 -9.485188 -10.285111 -9.268302 -10.983733 -11.932713 -10.819774
42.000000 -7.346451 -8.474907 -9.822509 -8.315045 -8.230234 -9.017494 -8.158373 -8.525327 -9.205723 -8.389121 -9.472257 -10.269576 -9.255683 -10.970795 -11.914081 -10.807318
42.040000 -7.351954 -8.440826 -9.783376 -8.272999 -8.216684 -9.002945 -8.145343 -8.511790 -9.189208 -8.376287 -9.458718 -10.253166 -9.242487 -10.957266 -11.897278 -10.794303
42.080000 -7.357527 -8.409226 -9.747542 -8.232758 -8.203544 -8.988867 -8.132710 -8.498662 -9.173298 -8.362004 -9.445588 -10.237353 -9.229680 -10.944147 -11.880805 -10.781668
42.120000 -7.361207 -8.375731 -9.708439 -8.189159 -8.190289 -8.974743 -8.120341 -8.485422 -9.157217 -8.345360 -9.432348 -10.221370 -9.216770 -10.930906 -11.864154 -10.768929
42.160000 -7.362945 -8.340909 -9.658008 -8.144730 -8.176940 -8.960590 -8.108982 -8.472092 -9.141002 -8.328576 -9.419020 -10.205255 -9.203778 -10.917568 -11.847366 -10.756106
42.200000 -7.364689 -8.308674 -9.607281 -8.104483 -8.163990 -8.946884 -8.098216 -8.459158 -9.125372 -8.315813 -9.406088 -10.189717 -9.191162 -10.904626 -11.831206 -10.743652
42.240000 -7.360826 -8.269347 -9.552273 -8.067186 -8.150445 -8.932619 -8.082228 -8.445621 -9.108858 -8.303345 -9.392550 -10.173309 -9.177972 -10.891094 -11.814080 -10.730636
42.280000 -7.356997 -8.233287 -9.503457 -8.034401 -8.137309 -8.918807 -8.064873 -8.432493 -9.092945 -8.291247 -9.379420 -10.157500 -9.165170 -10.877971 -11.797607 -10.718000
42.320000 -7.350262 -8.195166 -9.458733 -7.993506 -8.124061 -8.903294 -8.053630 -8.419254 -9.076294 -8.279057 -9.366180 -10.141517 -9.152263 -10.864733 -11.779836 -10.705260
42.360000 -7.340754 -8.155715 -9.417420 -7.949303 -8.110720 -8.886068 -8.040675 -8.405925 -9.059502 -8.266790 -9.352849 -10.125401 -9.139269 -10.851400 -11.760492 -10.692436
42.400000 -7.331450 -8.119551 -9.379698 -7.911432 -8.097778 -8.859674 -8.025956 -8.392994 -9.043340 -8.254861 -9.339916 -10.109860 -9.126653 -10.838465 -11.741976 -10.677987
42.440000 -7.314469 -8.081138 -9.337884 -7.873564 -8.080296 -8.822659 -8.001475 -8.379454 -9.026213 -8.242416 -9.326381 -10.093453 -9.113827 -10.824927 -11.722199 -10.662012
42.480000 -7.298128 -8.045849 -9.299749 -7.838757 -8.063490 -8.788626 -7.978319 -8.366323 -9.009741 -8.230317 -9.313255 -10.077642 -9.102102 -10.811799 -11.703287 -10.646691
42.520000 -7.279720 -8.013735 -9.260484 -7.808499 -8.041214 -8.752135 -7.946895 -8.353083 -8.993091 -8.218126 -9.300014 -10.061661 -9.090290 -10.798560 -11.683614 -10.634128
42.560000 -7.259523 -7.984321 -9.220641 -7.779816 -8.014297 -8.713977 -7.911868 -8.339757 -8.976339 -8.201423 -9.286681 -10.045545 -9.078405 -10.785232 -11.663671 -10.621482
42.600000 -7.240223 -7.956774 -9.184151 -7.752910 -7.988951 -8.683926 -7.879800 -8.326826 -8.960569 -8.185009 -9.273745 -10.030007 -9.066837 -10.772301 -11.644603 -10.609200
42.640000 -7.219341 -7.929079 -9.142451 -7.723260 -7.955881 -8.654240 -7.855076 -8.313286 -8.943884 -8.169270 -9.260212 -10.013597 -9.054790 -10.758762 -11.624215 -10.596362
42.680000 -7.199416 -7.903045 -9.112953 -7.695506 -7.925152 -8.626455 -7.832357 -8.300155 -8.927821 -8.156466 -9.247089 -9.997783 -9.042867 -10.745631 -11.604743 -10.583899
42.720000 -7.178811 -7.876529 -9.083450 -7.663082 -7.892848 -8.596143 -7.803559 -8.286915 -8.911584 -8.143554 -9.233849 -9.981802 -9.026283 -10.732392 -11.584999 -10.571336
42.760000 -7.157657 -7.849701 -9.053648 -7.628558 -7.859441 -8.562946 -7.770636 -8.273587 -8.895213 -8.130555 -9.220514 -9.965692 -9.010123 -10.719064 -11.565057 -10.558690
42.800000 -7.137487 -7.824435 -9.025776 -7.596678 -7.828422 -8.531570 -7.740034 -8.260656 -8.879442 -8.117933 -9.207576 -9.950158 -8.996849 -10.706133 -11.545990 -10.546408
42.840000 -7.116962 -7.796754 -8.996166 -7.560908 -7.792679 -8.492791 -7.697926 -8.247118 -8.861939 -8.104747 -9.194043 -9.933743 -8.982918 -10.692594 -11.525599 -10.533247
42.880000 -7.097364 -7.770733 -8.968657 -7.528230 -7.759656 -8.457270 -7.658200 -8.233989 -8.844194 -8.091949 -9.180919 -9.917926 -8.969425 -10.679464 -11.506121 -10.519924
42.920000 -7.075416 -7.744233 -8.940632 -7.501055 -7.726145 -8.423174 -7.617420 -8.220749 -8.828211 -8.079014 -9.167680 -9.901946 -8.955818 -10.666226 -11.486378 -10.506478
42.960000 -7.051499 -7.717425 -8.912287 -7.467052 -7.692423 -8.386994 -7.576156 -8.207420 -8.812107 -8.065470 -9.154347 -9.885538 -8.942118 -10.652900 -11.466441 -10.492934
43.000000 -7.028831 -7.692176 -8.885680 -7.434288 -7.661132 -8.353622 -7.538475 -8.194487 -8.796578 -8.052338 -9.141411 -9.869662 -8.928842 -10.639971 -11.447379 -10.479803
43.040000 -7.001766 -7.664558 -8.851781 -7.397704 -7.625809 -8.312282 -7.495792 -8.180950 -8.780160 -8.038588 -9.127876 -9.852854 -8.914913 -10.626427 -11.426986 -10.466050
43.080000 -6.976289 -7.638593 -8.814322 -7.363965 -7.593144 -8.274552 -7.456930 -8.167821 -8.764339 -8.025263 -9.114750 -9.836673 -8.901595 -10.613293 -11.407993 -10.452721
43.120000 -6.950439 -7.612207 -8.773688 -7.329481 -7.559304 -8.234214 -7.417409 -8.154582 -8.748356 -8.011817 -9.101510 -9.820323 -8.888822 -10.600055 -11.390277 -10.439277
43.160000 -6.924361 -7.585561 -8.739761 -7.294601 -7.524717 -8.192201 -7.377542 -8.141253 -8.732249 -7.998273 -9.088179 -9.803844 -8.875969 -10.586734 -11.374262 -10.425754
43.200000 -6.899761 -7.560455 -8.712747 -7.262575 -7.492683 -8.153902 -7.341267 -8.128321 -8.716717 -7.985142 -9.075244 -9.787969 -8.863485 -10.573810 -11.358821 -10.413108
43.240000 -6.873937 -7.533084 -8.682585 -7.226128 -7.457162 -8.106532 -7.301071 -8.114783 -8.699590 -7.968751 -9.061708 -9.770845 -8.850438 -10.560263 -11.342502 -10.399885
43.280000 -6.849562 -7.507337 -8.654388 -7.193549 -7.424328 -8.063826 -7.264282 -8.101653 -8.657161 -7.952955 -9.048581 -9.753469 -8.837771 -10.547126 -11.324720 -10.387053
43.320000 -6.824873 -7.480401 -8.624730 -7.160113 -7.391213 -8.019308 -7.226823 -8.088413 -8.619999 -7.929314 -9.035342 -9.735760 -8.825000 -10.533885 -11.305762 -10.374116
43.360000 -6.799992 -7.452572 -8.593494 -7.116748 -7.358046 -7.973594 -7.189361 -8.075085 -8.590099 -7.899069 -9.022012 -9.717440 -8.812144 -10.520561 -11.286629 -10.361091
43.400000 -6.776459 -7.426419 -8.563143 -7.082579 -7.327234 -7.933436 -7.160083 -8.062154 -8.561701 -7.870801 -9.009079 -9.699637 -8.799658 -10.507633 -11.268309 -10.348244
43.440000 -6.751833 -7.394922 -8.514299 -7.036478 -7.295467 -7.896513 -7.130280 -8.037861 -8.512668 -7.831464 -8.995541 -9.679611 -8.786609 -10.494093 -11.249594 -10.332951
43.480000 -6.728528 -7.365555 -8.463827 -6.994812 -7.265866 -7.870517 -7.102426 -8.014856 -8.468614 -7.793918 -8.982412 -9.660251 -8.773908 -10.480962 -11.232531 -10.318180
43.520000 -6.706044 -7.333151 -8.402899 -6.948270 -7.237415 -7.844932 -7.074665 -7.981711 -8.424054 -7.751589 -8.969173 -9.640557 -8.758311 -10.467721 -11.217853 -10.303254
43.560000 -6.684317 -7.298479 -8.336784 -6.894436 -7.210020 -7.819051 -7.046802 -7.940652 -8.379525 -7.704558 -8.955846 -9.620677 -8.742594 -10.454391 -11.203951 -10.288203
43.600000 -6.663626 -7.266371 -8.281079 -6.846087 -7.184252 -7.794627 -7.018169 -7.903141 -8.337963 -7.661527 -8.942915 -9.601666 -8.727431 -10.441459 -11.190480 -10.273658
43.640000 -6.642307 -7.222251 -8.189757 -6.804585 -7.156609 -7.767956 -6.986453 -7.860410 -8.291950 -7.615398 -8.929374 -9.581981 -8.711411 -10.427923 -11.176349 -10.258361
43.680000 -6.621986 -7.182203 -8.114459 -6.760598 -7.130621 -7.742828 -6.957168 -7.821510 -8.250390 -7.573336 -8.916242 -9.567717 -8.695965 -10.414796 -11.162664 -10.243585
43.720000 -6.601016 -7.136869 -8.046936 -6.714255 -7.104181 -7.717256 -6.927508 -7.783066 -8.210738 -7.531055 -8.903003 -9.553575 -8.680367 -10.401556 -11.148856 -10.228660
43.760000 -6.579529 -7.088083 -7.964714 -6.680075 -7.077455 -7.691393 -6.891201 -7.745237 -8.171837 -7.489053 -8.889679 -9.536255 -8.667018 -10.388225 -11.134951 -10.213617
43.800000 -6.559056 -7.044229 -7.836336 -6.634927 -7.052278 -7.666984 -6.857064 -7.710441 -8.136634 -7.450758 -8.876751 -9.518196 -8.653686 -10.375290 -11.121479 -10.199078
43.840000 -6.537541 -7.002072 -7.683154 -6.582792 -7.024915 -7.640359 -6.820189 -7.673807 -8.098867 -7.408743 -8.863208 -9.498932 -8.635892 -10.361755 -11.107351 -10.183774
43.880000 -6.517042 -6.963647 -7.576240 -6.530695 -6.999174 -7.615273 -6.786404 -7.640025 -8.062973 -7.370436 -8.850074 -9.480488 -8.618799 -10.348628 -11.093671 -10.168992
43.920000 -6.497257 -6.925665 -7.475502 -6.505553 -6.973182 -7.589775 -6.752331 -7.606286 -8.027984 -7.331828 -8.836834 -9.461813 -8.601507 -10.335389 -11.079863 -10.154067
43.960000 -6.478135 -6.888278 -7.392917 -6.502094 -6.947065 -7.563296 -6.718223 -7.572764 -7.987848 -7.299837 -8.823509 -9.442969 -8.584067 -10.322057 -11.065953 -10.139030
44.000000 -6.459820 -6.853856 -7.322852 -6.485371 -6.922430 -7.531382 -6.686631 -7.541644 -7.949748 -7.265259 -8.810581 -9.424909 -8.567301 -10.309123 -11.052476 -10.124497
44.040000 -6.444414 -6.838851 -7.267396 -6.482780 -6.896319 -7.495295 -6.653791 -7.508169 -7.907138 -7.226474 -8.797040 -9.405648 -8.550114 -10.295589 -11.038355 -10.109190
44.080000 -6.429535 -6.824347 -7.227113 -6.481715 -6.871690 -7.460557 -6.623272 -7.477090 -7.868359 -7.190870 -8.783908 -9.387207 -8.533823 -10.282465 -11.024245 -10.094405
44.120000 -6.416279 -6.818723 -7.154548 -6.487828 -6.847415 -7.428457 -6.594487 -7.446050 -7.839166 -7.155225 -8.770668 -9.368532 -8.517724 -10.269224 -11.009337 -10.079478
44.160000 -6.404515 -6.821639 -7.132722 -6.494269 -6.823511 -7.399565 -6.578167 -7.415185 -7.812268 -7.121339 -8.757341 -9.349686 -8.504059 -10.255888 -10.994324 -10.064442
44.200000 -6.393060 -6.824574 -7.125729 -6.506092 -6.800854 -7.372495 -6.565301 -7.386368 -7.786952 -7.094480 -8.744410 -9.331624 -8.491568 -10.242950 -10.979812 -10.049910
44.240000 -6.383860 -6.833695 -7.117722 -6.553771 -6.778828 -7.335989 -6.519266 -7.355640 -7.756179 -7.065962 -8.730871 -9.293236 -8.477554 -10.229421 -10.964526 -10.034771
44.280000 -6.374851 -6.843012 -7.110482 -6.598130 -6.757865 -7.308163 -6.480045 -7.326944 -7.717463 -7.039226 -8.717741 -9.271230 -8.463529 -10.216301 -10.949431 -10.020223
44.320000 -6.367507 -6.855540 -7.144573 -6.607139 -6.738409 -7.277928 -6.464984 -7.297957 -7.676900 -7.012648 -8.704121 -9.243973 -8.427195 -10.203061 -10.933547 -10.005537
44.360000 -6.361747 -6.871560 -7.136858 -6.621696 -6.720306 -7.242798 -6.456258 -7.268848 -7.636039 -6.978670 -8.690067 -9.217553 -8.402456 -10.189723 -10.915909 -9.990742
44.400000 -6.356063 -6.888194 -7.139317 -6.638010 -6.702927 -7.210313 -6.448844 -7.241569 -7.599155 -6.947203 -8.676455 -9.175707 -8.371270 -10.176782 -10.897616 -9.976438
44.440000 -6.353093 -6.909151 -7.154112 -6.683265 -6.690027 -7.175271 -6.447482 -7.212750 -7.572415 -6.912426 -8.638098 -9.130631 -8.317335 -10.163250 -10.878087 -9.961380
44.480000 -6.350144 -6.931171 -7.201479 -6.705057 -6.677499 -7.165610 -6.446112 -7.185725 -7.547274 -6.878986 -8.602855 -9.083884 -8.270475 -10.150126 -10.859405 -9.947849
44.520000 -6.348836 -6.957072 -7.273931 -6.749042 -6.667564 -7.143136 -6.440415 -7.158853 -7.516251 -6.845005 -8.557639 -9.040059 -8.224899 -10.136888 -10.840475 -9.935658
44.560000 -6.349156 -6.987516 -7.349945 -6.796439 -6.660053 -7.098950 -6.436444 -7.132202 -7.493212 -6.810780 -8.505517 -8.986097 -8.179646 -10.123556 -10.821360 -9.923387
44.600000 -6.349476 -7.020257 -7.423127 -6.883125 -6.652671 -7.058847 -6.432016 -7.107093 -7.471335 -6.779057 -8.458985 -8.949662 -8.139809 -10.110621 -10.803056 -9.911457
44.640000 -6.352132 -7.076281 -7.505179 -6.928717 -6.646450 -7.011354 -6.426254 -7.080008 -7.447621 -6.744658 -8.414050 -8.910012 -8.098181 -10.097083 -10.783529 -9.899047
44.680000 -6.354805 -7.140619 -7.636424 -7.000172 -6.640317 -6.967623 -6.421067 -7.054513 -7.423835 -6.712588 -8.373331 -8.871799 -8.060203 -10.083954 -10.764847 -9.883496
44.720000 -6.358883 -7.228832 -7.740519 -7.110426 -6.634876 -6.962206 -6.410026 -7.029144 -7.401283 -6.681035 -8.334566 -8.826732 -8.015554 -10.070715 -10.747021 -9.867738
44.760000 -6.364406 -7.356557 -7.913591 -7.233351 -6.630102 -6.907745 -6.414146 -7.003961 -7.374760 -6.650066 -8.297566 -8.782018 -7.970007 -10.057387 -10.731396 -9.851855
44.800000 -6.370001 -7.538276 -8.185319 -7.360089 -6.625381 -6.914379 -6.428183 -6.980158 -7.346882 -6.622358 -8.263472 -8.741481 -7.928794 -10.044456 -10.716314 -9.836533
44.840000 -6.378998 -7.690363 -8.356217 -7.481425 -6.638337 -6.946836 -6.421710 -6.957085 -7.317556 -6.595139 -8.228713 -8.697307 -7.886045 -10.030917 -10.700407 -9.820361
44.880000 -6.388186 -7.926445 -8.651525 -7.658134 -6.651691 -6.957755 -6.414258 -6.935177 -7.290086 -6.569466 -8.196531 -8.656640 -7.860022 -10.017787 -10.685062 -9.806697
44.920000 -6.399445 -8.193935 -9.103643 -7.854593 -6.673362 -6.962237 -6.431833 -6.915482 -7.264104 -6.546190 -8.164830 -8.614730 -7.834882 -10.004547 -10.669391 -9.793090
44.960000 -6.412937 -8.391628 -9.355570 -8.067285 -6.704647 -6.977948 -6.450997 -6.897757 -7.237165 -6.525563 -8.133667 -8.572739 -7.809452 -9.991220 -10.653487 -9.779387
45.000000 -6.426860 -8.764769 -10.308134 -8.513614 -6.738363 -6.983322 -6.481987 -6.880727 -7.210059 -6.505873 -8.104591 -8.534454 -7.784577 -9.978289 -10.638146 -9.766106
45.040000 -6.443790 -8.977032 -10.521620 -8.724149 -6.777523 -7.025068 -6.505721 -6.868891 -7.190973 -6.493028 -8.074167 -8.491282 -7.751186 -9.964749 -10.621952 -9.753301
45.080000 -6.461407 -9.409163 -10.959638 -9.121680 -6.820567 -7.047499 -6.525333 -6.857368 -7.172691 -6.480388 -8.045735 -8.452475 -7.719007 -9.951619 -10.606340 -9.741085
45.120000 -6.480644 -10.332666 -13.220134 -9.814250 -6.867954 -7.081571 -6.562848 -6.848892 -7.153135 -6.476940 -8.017167 -8.416974 -7.686281 -9.938381 -10.590565 -9.729562
45.160000 -6.501691 -10.612905 -13.521057 -10.107898 -6.920706 -7.145331 -6.582130 -6.843291 -7.132502 -6.476217 -7.988600 -8.384245 -7.652454 -9.925055 -10.574662 -9.710375
45.200000 -6.523810 -11.642130 -16.701007 -11.426035 -6.980762 -7.224504 -6.630436 -6.837761 -7.116778 -6.472758 -7.961796 -8.353624 -7.615438 -9.912126 -10.559321 -9.691275
45.240000 -6.548380 -11.863933 -16.922853 -11.645881 -7.043410 -7.301998 -6.696785 -6.837847 -7.113846 -6.488800 -7.932698 -8.323194 -7.573710 -9.898583 -10.537092 -9.670843
45.280000 -6.574423 -12.340828 -17.399962 -12.113149 -7.116643 -7.389572 -6.750587 -6.837933 -7.105230 -6.495363 -7.905428 -8.294768 -7.534498 -9.885448 -10.515951 -9.651330
45.320000 -6.601564 -15.543898 -21.513243 -15.371172 -7.196519 -7.500784 -6.815687 -6.841498 -7.095014 -6.491336 -7.877875 -8.264615 -7.500132 -9.870020 -10.478587 -9.625512
45.360000 -6.629912 -15.844915 -21.814266 -15.672192 -7.284340 -7.617980 -6.889191 -6.848627 -7.089561 -6.500006 -7.850190 -8.233976 -7.469610 -9.852546 -10.441065 -9.596770
45.400000 -6.660241 -20.070470 -27.396298 -19.532798 -7.394539 -7.765536 -6.945978 -6.855875 -7.101478 -6.509302 -7.824165 -8.205361 -7.441491 -9.835748 -10.407689 -9.569098
45.440000 -6.690661 -20.292314 -27.618147 -19.754647 -7.487768 -7.869978 -7.011279 -6.874122 -7.119601 -6.508414 -7.796284 -8.174061 -7.411761 -9.790132 -10.340907 -9.501585
45.480000 -6.723373 -20.769409 -28.095268 -20.231767 -7.606641 -8.006597 -7.105433 -6.893168 -7.127263 -6.523623 -7.770086 -8.144870 -7.381441 -9.748855 -10.282858 -9.443169
45.520000 -6.756740 -24.905015 -35.036780 -24.650424 -7.725755 -8.171052 -7.190736 -6.918539 -7.141198 -6.548593 -7.743771 -8.115376 -7.350922 -9.699233 -10.234780 -9.381270
45.560000 -6.790710 -25.206045 -35.337810 -24.951454 -7.831967 -8.302488 -7.295464 -6.951361 -7.160866 -6.569253 -7.717447 -8.085757 -7.320377 -9.644212 -10.184771 -9.318111
45.600000 -6.827565 -32.373028 -44.589160 -32.042584 -7.972866 -8.477416 -7.452717 -6.986868 -7.203400 -6.593404 -7.692628 -8.057615 -7.291841 -9.595384 -10.139933 -9.262982
45.640000 -6.862366 -32.594877 -44.811008 -32.264433 -8.074979 -8.627334 -7.602742 -7.028537 -7.224668 -6.622062 -7.666514 -8.024419 -7.262227 -9.550647 -10.098838 -9.207513
45.680000 -6.900200 -33.071998 -45.288130 -32.741554 -8.208730 -8.928433 -7.816512 -7.074633 -7.273838 -6.654837 -7.641882 -7.992106 -7.234505 -9.510091 -10.061305 -9.162404
45.720000 -6.938592 -42.206441 -57.992559 -40.682628 -8.361572 -9.302984 -7.978054 -7.124305 -7.328517 -6.704968 -7.618412 -7.955822 -7.208924 -9.472022 -10.022894 -9.123564
45.760000 -6.977367 -42.507471 -58.293589 -40.983658 -8.536032 -9.521316 -8.129260 -7.178245 -7.392984 -6.764725 -7.595994 -7.919477 -7.185218 -9.436121 -9.982991 -9.085209
45.800000 -7.019947 -53.442504 nan -50.634418 -8.832203 -10.135417 -8.443327 -7.239847 -7.465926 -6.833849 -7.574677 -7.891078 -7.162741 -9.402964 -9.946131 -9.049968
45.840000 -7.059196 -53.664353 nan -50.856267 -9.034393 -10.349118 -8.578016 -7.304015 -7.538112 -6.896075 -7.558867 -7.870744 -7.148191 -9.369594 -9.905237 -9.011507
45.880000 -7.102348 -54.141474 nan -51.333388 -9.424700 -10.787680 -8.893518 -7.379334 -7.620701 -6.965155 -7.543612 -7.861692 -7.136851 -9.338606 -9.870674 -8.976177
45.920000 -7.145682 -inf nan nan -10.080806 -11.528378 -9.438805 -7.459863 -7.692858 -7.006267 -7.534345 -7.855970 -7.143261 -9.308269 -9.835211 -8.940285
45.960000 -7.188762 -inf nan nan -10.350306 -11.818316 -9.700570 -7.545783 -7.770997 -7.082491 -7.530697 -7.854525 -7.142737 -9.278593 -9.799613 -8.904171
46.000000 -7.236590 -inf nan nan -11.204004 -13.171373 -10.438091 -7.653003 -7.875499 -7.176621 -7.527078 -7.839745 -7.143830 -9.250817 -9.766716 -8.873253
46.040000 -7.279054 -inf nan nan -11.420324 -13.390592 -10.657093 -7.740976 -7.969192 -7.235162 -7.538646 -7.832145 -7.159303 -9.221207 -9.729908 -8.845346
46.080000 -7.326125 -inf nan nan -11.870811 -13.854834 -11.120476 -7.851418 -8.088822 -7.300670 -7.550530 -7.823670 -7.175369 -9.193488 -9.704441 -8.819125
46.120000 -7.373066 -inf nan nan -13.016703 -16.301455 -12.780228 -7.963901 -8.210895 -7.368662 -7.568486 -7.821597 -7.196001 -9.165523 -9.676414 -8.792652
46.160000 -7.419183 -inf nan nan -13.315163 -16.601231 -13.080631 -8.069646 -8.325150 -7.451911 -7.593291 -7.837484 -7.223150 -9.137461 -9.645337 -8.766059
46.200000 -7.470786 -inf nan nan -15.243142 -19.997218 -14.920754 -8.209722 -8.474505 -7.553963 -7.619599 -7.850137 -7.252157 -9.111102 -9.616351 -8.741000
46.240000 -7.515265 -inf nan nan -15.464949 -20.219066 -15.142543 -8.313212 -8.576164 -7.647442 -7.651758 -7.886012 -7.285214 -9.082690 -9.584235 -8.713976
46.280000 -7.564825 -inf nan nan -15.941860 -20.696183 -15.619365 -8.449343 -8.751572 -7.766748 -7.686490 -7.922929 -7.320904 -9.056023 -9.553762 -8.687451
46.320000 -7.613879 -inf nan nan -19.178147 -25.341960 -18.669173 -8.594310 -8.920301 -7.895903 -7.723423 -7.961766 -7.339721 -9.029011 -9.522704 -8.660622
46.360000 -7.661482 -inf nan nan -19.479174 -25.642989 -18.970145 -8.736072 -9.075899 -8.035077 -7.762892 -8.002998 -7.371207 -9.001807 -9.491315 -8.633678
46.400000 -7.714953 -inf nan nan -24.354357 -31.622019 -22.770804 -8.947902 -9.334107 -8.190734 -7.806310 -8.048297 -7.404664 -8.976206 -9.463651 -8.602812
46.440000 -7.760574 -inf nan nan -24.576203 -31.843868 -22.992652 -9.094672 -9.489755 -8.343874 -7.850328 -8.094617 -7.449216 -8.948594 -9.439082 -8.569653
46.480000 -7.811556 -inf nan nan -25.053309 -32.320989 -23.469769 -9.318022 -9.732137 -8.478889 -7.899317 -8.146475 -7.510018 -8.922633 -9.412761 -8.541610
46.520000 -7.861983 -inf nan nan -29.444501 -40.561822 -28.962426 -9.570589 -10.036863 -8.657403 -7.950895 -8.201526 -7.573969 -8.896488 -9.378340 -8.512158
46.560000 -7.910815 -inf nan nan -29.745531 -40.862852 -29.263456 -9.774554 -10.236375 -8.831035 -8.005298 -8.260175 -7.634766 -8.870277 -9.343247 -8.483713
46.600000 -7.965842 -inf nan nan -36.618777 -48.945215 -35.003099 -10.171873 -10.700153 -9.165601 -8.067505 -8.326579 -7.703537 -8.845559 -9.309923 -8.457020
46.640000 -8.012759 -inf nan nan -36.840626 -49.167063 -35.224947 -10.334215 -10.912069 -9.346637 -8.126442 -8.386969 -7.770816 -8.819934 -9.276104 -8.437141
46.680000 -8.065366 -inf nan nan -37.317747 -49.644185 -35.702069 -10.596431 -11.261190 -9.626908 -8.194652 -8.456608 -7.850462 -8.795736 -9.245816 -8.418144
46.720000 -8.117512 -inf nan nan -46.736026 -64.947020 -44.200613 -10.908653 -11.829432 -10.083477 -8.266118 -8.525573 -7.934365 -8.773160 -9.215289 -8.406848
46.760000 -8.168100 -inf nan nan -47.037056 -65.248050 -44.501643 -11.132767 -12.109699 -10.322009 -8.340422 -8.587229 -8.015245 -8.752027 -9.184704 -8.402696
46.800000 -8.225367 -inf nan nan -59.595916 nan -54.517375 -11.621397 -12.931133 -10.846675 -8.430118 -8.667841 -8.115085 -8.731874 -9.156131 -8.380237
46.840000 -8.274176 -inf nan nan -59.817765 nan -54.739224 -11.826852 -13.142095 -11.046100 -8.512386 -8.754480 -8.196651 -8.718977 -9.129359 -8.376207
46.880000 -8.329173 -inf nan nan -60.294886 nan -55.216345 -12.230173 -13.595214 -11.439869 -8.613969 -8.854599 -8.304651 -8.706451 -9.114450 -8.368154
46.920000 -8.383773 -inf nan nan -inf nan nan -12.954756 -14.904833 -12.087332 -8.721858 -8.953519 -8.406315 -8.701618 -9.104073 -8.364328
46.960000 -8.436751 -inf nan nan -inf nan nan -13.244262 -15.204415 -12.352570 -8.833213 -9.038006 -8.506212 -8.704224 -9.092595 -8.368178
47.000000 -8.497101 -inf nan nan -inf nan nan -14.525182 -17.023434 -13.647274 -8.983349 -9.171759 -8.658060 -8.706845 -9.072872 -8.372179
47.040000 -8.548324 -inf nan nan -inf nan nan -14.745696 -17.245177 -13.865613 -9.096243 -9.277063 -8.766626 -8.728148 -9.066707 -8.404718
47.080000 -8.606408 -inf nan nan -inf nan nan -15.216200 -17.721770 -14.325673 -9.249203 -9.411109 -8.902250 -8.750550 -9.077722 -8.428819
47.120000 -8.664149 -inf nan nan -inf nan nan -16.957343 -20.464394 -16.152936 -9.408448 -9.554874 -9.051072 -8.779961 -9.100291 -8.467887
47.160000 -8.720135 -inf nan nan -inf nan nan -17.257803 -20.765423 -16.453584 -9.549104 -9.692667 -9.190209 -8.817823 -9.121418 -8.511943
47.200000 -8.784422 -inf nan nan -inf nan nan -19.838418 -24.409120 -18.911576 -9.758447 -9.901040 -9.398730 -8.859304 -9.143188 -8.560977
47.240000 -8.838702 -inf nan nan -inf nan nan -20.060189 -24.630968 -19.133325 -9.887136 -10.019339 -9.550005 -8.905081 -9.181991 -8.612481
47.280000 -8.900748 -inf nan nan -inf nan nan -20.536924 -25.108086 -19.609949 -10.070827 -10.201311 -9.757605 -8.956259 -9.224608 -8.685336
47.320000 -8.962546 -inf nan nan -inf nan nan -23.508380 -29.592305 -22.454562 -10.268296 -10.392494 -9.959293 -9.009537 -9.274236 -8.759209
47.360000 -9.022414 -inf nan nan -inf nan nan -23.809407 -29.893335 -22.755554 -10.436938 -10.561970 -10.156434 -9.064881 -9.331580 -8.830390
47.400000 -9.091875 -inf nan nan -inf nan nan -28.803704 -35.580707 -26.625553 -10.716358 -10.877158 -10.426460 -9.128323 -9.397704 -8.899257
47.440000 -9.150058 -inf nan nan -inf nan nan -29.025552 -35.802555 -26.847400 -10.877660 -11.058889 -10.579921 -9.185658 -9.457371 -8.959290
47.480000 -9.217258 -inf nan nan -inf nan nan -29.502669 -36.279677 -27.324516 -11.137124 -11.323771 -10.851733 -9.251730 -9.526597 -9.028979
47.520000 -9.284230 -inf nan nan -inf nan nan -34.441769 -44.458690 -32.753504 -11.444786 -11.725712 -11.177564 -9.319329 -9.597169 -9.099882
47.560000 -9.348831 -inf nan nan -inf nan nan -34.742799 -44.759720 -33.054533 -11.667706 -11.969338 -11.404424 -9.387284 -9.656694 -9.171344
47.600000 -9.424749 -inf nan nan -inf nan nan -41.515306 -53.545305 -39.437056 -12.150224 -12.710598 -11.849075 -9.467881 -9.728817 -9.261094
47.640000 -9.487294 -inf nan nan -inf nan nan -41.737155 -53.767154 -39.658905 -12.342652 -12.913866 -12.025112 -9.537099 -9.794559 -9.346381
47.680000 -9.560387 -inf nan nan -inf nan nan -42.214276 -54.244275 -40.136026 -12.696739 -13.308417 -12.333626 -9.619480 -9.874968 -9.443729
47.720000 -9.633335 -inf nan nan -inf nan nan -50.714222 -inf -48.285879 -13.219956 -14.013827 -12.874467 -9.704686 -9.963268 -9.535608
47.760000 -9.703397 -inf nan nan -inf nan nan -51.015252 -inf -48.586909 -13.494829 -14.305422 -13.161490 -9.790544 -10.046678 -9.623989
47.800000 -9.786978 -inf nan nan -inf nan nan -65.553403 nan -61.706932 -14.427006 -15.699972 -13.897985 -9.897664 -10.151604 -9.731599
47.840000 -9.854303 -inf nan nan -inf nan nan -65.775251 nan -61.928781 -14.637345 -15.918933 -14.107040 -9.987683 -10.240459 -9.819065
47.880000 -9.934016 -inf nan nan -inf nan nan -66.252373 nan -62.405902 -15.061088 -16.379224 -14.525359 -10.101375 -10.339674 -9.929680
47.920000 -10.013653 -inf nan nan -inf nan nan -inf nan nan -15.918167 -17.686372 -15.354342 -10.220857 -10.463681 -10.056602
47.960000 -10.089637 -inf nan nan -inf nan nan -inf nan nan -16.216304 -17.982650 -15.648044 -10.339676 -10.578694 -10.170990
48.000000 -10.181794 -inf nan nan -inf nan nan -inf nan nan -18.093126 -20.393137 -17.123674 -10.503782 -10.722719 -10.329092
48.040000 -10.254345 -inf nan nan -inf nan nan -inf nan nan -18.312552 -20.614581 -17.343098 -10.620230 -10.833089 -10.446917
48.080000 -10.341494 -inf nan nan -inf nan nan -inf nan nan -18.777760 -21.089681 -17.808306 -10.779823 -10.980995 -10.606893
48.120000 -10.428714 -inf nan nan -inf nan nan -inf nan nan -20.266240 -23.487266 -19.265038 -10.946849 -11.143217 -10.762267
48.160000 -10.511309 -inf nan nan -inf nan nan -inf nan nan -20.567127 -23.788238 -19.565847 -11.092943 -11.294463 -10.895466
48.200000 -10.613391 -inf nan nan -inf nan nan -inf nan nan -23.746930 -27.667957 -22.092483 -11.314711 -11.524493 -11.110900
48.240000 -10.691739 -inf nan nan -inf nan nan -inf nan nan -23.968684 -27.889805 -22.314313 -11.446186 -11.671833 -11.234951
48.280000 -10.787404 -inf nan nan -inf nan nan -inf nan nan -24.445334 -28.366920 -22.791337 -11.635652 -11.872810 -11.419327
48.320000 -10.883344 -inf nan nan -inf nan nan -inf nan nan -27.330971 -32.976874 -25.810070 -11.840696 -12.125510 -11.633059
48.360000 -10.973298 -inf nan nan -inf nan nan -inf nan nan -27.631964 -33.277904 -26.111089 -12.014547 -12.326999 -11.818467
48.400000 -11.086887 -inf nan nan -inf nan nan -inf nan nan -31.397824 -39.085854 -30.238412 -12.308925 -12.710703 -12.137212
48.440000 -11.171512 -inf nan nan -inf nan nan -inf nan nan -31.619672 -39.307703 -30.460250 -12.472668 -12.892539 -12.298655
48.480000 -11.276719 -inf nan nan -inf nan nan -inf nan nan -32.096793 -39.784823 -30.937322 -12.738629 -13.168564 -12.550228
48.520000 -11.382652 -inf nan nan -inf nan nan -inf nan nan -38.566172 -48.025179 -35.613438 -13.056934 -13.549189 -12.849680
48.560000 -11.481005 -inf nan nan -inf nan nan -inf nan nan -38.867202 -48.326209 -35.914468 -13.281721 -13.793782 -13.077943
48.600000 -11.608361 -inf nan nan -inf nan nan -inf nan nan -44.840046 -63.535741 -42.627429 -13.773842 -14.531550 -13.532033
48.640000 -11.701211 -inf nan nan -inf nan nan -inf nan nan -45.061895 -63.757590 -42.849278 -13.969498 -14.741013 -13.721905
48.680000 -11.819468 -inf nan nan -inf nan nan -inf nan nan -45.539016 -64.234711 -43.326399 -14.335144 -15.161006 -14.075718
48.720000 -11.940075 -inf nan nan -inf nan nan -inf nan nan -56.438334 -inf -50.552255 -14.894887 -15.987443 -14.582161
48.760000 -12.051919 -inf nan nan -inf nan nan -inf nan nan -56.739364 -inf -50.853285 -15.166050 -16.271059 -14.850071
48.800000 -12.202950 -inf nan nan -inf nan nan -inf nan nan -73.066091 nan -72.321519 -16.042454 -17.490065 -15.606429
48.840000 -12.310307 -inf nan nan -inf nan nan -inf nan nan -73.287940 nan -72.543368 -16.256252 -17.707529 -15.815073
48.880000 -12.453235 -inf nan nan -inf nan nan -inf nan nan -73.765061 nan -73.020489 -16.695217 -18.163376 -16.235421
48.920000 -12.602108 -inf nan nan -inf nan nan -inf nan nan -inf nan nan -17.690247 -19.695984 -17.077078
48.960000 -12.738003 -inf nan nan -inf nan nan -inf nan nan -inf nan nan -17.986581 -19.994081 -17.364643
49.000000 -12.936873 -inf nan nan -inf nan nan -inf nan nan -inf nan nan -19.653956 -22.333584 -18.859677
49.040000 -13.062785 -inf nan nan -inf nan nan -inf nan nan -inf nan nan -19.874462 -22.555163 -19.079506
49.080000 -13.240827 -inf nan nan -inf nan nan -inf nan nan -inf nan nan -20.344934 -23.030936 -19.546670
49.120000 -13.428774 -inf nan nan -inf nan nan -inf nan nan -inf nan nan -22.083996 -25.462873 -21.124950
49.160000 -13.584828 -inf nan nan -inf nan nan -inf nan nan -inf nan nan -22.384838 -25.763803 -21.424987
49.200000 -13.830760 -inf nan nan -inf nan nan -inf nan nan -inf nan nan -25.447995 -29.771693 -24.158346
49.240000 -13.969469 -inf nan nan -inf nan nan -inf nan nan -inf nan nan -25.669781 -29.993538 -24.380104
49.280000 -14.174485 -inf nan nan -inf nan nan -inf nan nan -inf nan nan -26.146589 -30.470640 -24.856775
49.320000 -14.399402 -inf nan nan -inf nan nan -inf nan nan -inf nan nan -29.209580 -34.823258 -27.406085
49.360000 -14.582716 -inf nan nan -inf nan nan -inf nan nan -inf nan nan -29.510608 -35.124288 -27.707106
49.400000 -14.906163 -inf nan nan -inf nan nan -inf nan nan -inf nan nan -34.680048 -41.656577 -32.041548
49.440000 -15.074026 -inf nan nan -inf nan nan -inf nan nan -inf nan nan -34.901895 -41.878426 -32.263396
49.480000 -15.351266 -inf nan nan -inf nan nan -inf nan nan -inf nan nan -35.379007 -42.355547 -32.740516
49.520000 -15.690472 -inf nan nan -inf nan nan -inf nan nan -inf nan nan -39.982259 -49.818524 -37.635868
49.560000 -15.924490 -inf nan nan -inf nan nan -inf nan nan -inf nan nan -40.283289 -50.119554 -37.936898
49.600000 -16.468169 -inf nan nan -inf nan nan -inf nan nan -inf nan nan -47.173379 -74.836804 -44.533656
