#Quasar bolometric luminosity function in different black hole mass bins from TRINITY PaperIII (Fig. 3, Zhang+2024, MNRAS, 529, 2777)
#z: 7.00
#log10(Lbol [erg/s])(0) log10(QLF_total [Mpc^-3 dex^-1])(1) log10(QLF(5<logMbh<6) [Mpc^-3 dex^-1])(2) log10(QLF(5<logMbh<6)_16th [Mpc^-3 dex^-1])(3) log10(QLF(5<logMbh<6)_84th [Mpc^-3 dex^-1])(4)
#log10(QLF(6<logMbh<7) [Mpc^-3 dex^-1])(5) log10(QLF(6<logMbh<7)_16th [Mpc^-3 dex^-1])(6) log10(QLF(6<logMbh<7)_84th [Mpc^-3 dex^-1])(7)
#log10(QLF(7<logMbh<8) [Mpc^-3 dex^-1])(8) log10(QLF(7<logMbh<8)_16th [Mpc^-3 dex^-1])(9) log10(QLF(7<logMbh<8)_84th [Mpc^-3 dex^-1])(10)
#log10(QLF(8<logMbh<9) [Mpc^-3 dex^-1])(11) log10(QLF(8<logMbh<9)_16th [Mpc^-3 dex^-1])(12) log10(QLF(8<logMbh<9)_84th [Mpc^-3 dex^-1])(13)
#log10(QLF(9<logMbh<10) [Mpc^-3 dex^-1])(14) log10(QLF(9<logMbh<10)_16th [Mpc^-3 dex^-1])(15) log10(QLF(9<logMbh<10)_84th [Mpc^-3 dex^-1])(16)
40.000000 -7.827800 -8.657681 -10.065574 -8.608853 -8.138283 -9.053502 -8.149104 -8.330293 -9.186312 -8.271188 -9.341198 -10.223955 -9.096070 -13.330114 -15.811216 -11.666829
40.040000 -7.812644 -8.638798 -10.016836 -8.591912 -8.125014 -9.033062 -8.134932 -8.316769 -9.167412 -8.258211 -9.325033 -10.202195 -9.078328 -12.436071 -15.282105 -11.514752
40.080000 -7.798000 -8.620702 -9.989082 -8.575607 -8.112139 -9.013541 -8.122145 -8.303654 -9.151337 -8.245611 -9.309448 -10.181517 -9.061286 -12.163680 -15.149693 -11.299545
40.120000 -7.783340 -8.603202 -9.958774 -8.558824 -8.099049 -8.993955 -8.109355 -8.290493 -9.135262 -8.232906 -9.294763 -10.160951 -9.045288 -11.785371 -14.564084 -11.170413
40.160000 -7.768683 -8.586258 -9.926558 -8.541639 -8.085775 -8.974351 -8.093580 -8.277301 -9.119210 -8.220116 -9.280908 -10.136409 -9.030243 -11.491340 -14.367076 -11.105626
40.200000 -7.754505 -8.569949 -9.896625 -8.525109 -8.072895 -8.955593 -8.077754 -8.264499 -9.103731 -8.207692 -9.267481 -10.115928 -9.015703 -11.317607 -14.263150 -11.021227
40.240000 -7.739775 -8.555642 -9.860021 -8.507708 -8.058752 -8.935842 -8.061097 -8.251166 -9.087242 -8.194714 -9.254212 -10.097923 -9.001900 -11.169922 -13.604009 -10.957417
40.280000 -7.725529 -8.541791 -9.839787 -8.491580 -8.045055 -8.916448 -8.043185 -8.238229 -9.071357 -8.182113 -9.241337 -10.080460 -8.988523 -11.059914 -13.396651 -10.894228
40.320000 -7.711090 -8.528342 -9.823393 -8.477475 -8.031201 -8.896780 -8.024785 -8.225207 -9.055346 -8.169408 -9.228297 -10.062660 -8.975664 -10.979541 -12.891905 -10.848231
40.360000 -7.696493 -8.515271 -9.806846 -8.460806 -8.017217 -8.876927 -8.006368 -8.212118 -9.039240 -8.156620 -9.215117 -10.044882 -8.963292 -10.918111 -12.605034 -10.773304
40.400000 -7.682371 -8.502582 -9.790911 -8.442452 -8.003669 -8.859383 -7.989189 -8.199411 -9.023712 -8.144197 -9.202326 -10.027803 -8.951263 -10.864302 -12.430062 -10.731638
40.440000 -7.667138 -8.489314 -9.773673 -8.427594 -7.989688 -8.841693 -7.970888 -8.186141 -9.007376 -8.131217 -9.188875 -10.010026 -8.940092 -10.824434 -12.086536 -10.691143
40.480000 -7.652420 -8.476439 -9.756399 -8.413813 -7.976143 -8.824812 -7.955321 -8.173264 -8.991632 -8.118614 -9.175829 -9.992949 -8.929207 -10.787921 -12.019000 -10.626097
40.520000 -7.637196 -8.463456 -9.739194 -8.399909 -7.962582 -8.807754 -7.941120 -8.160281 -8.975750 -8.105909 -9.162719 -9.975724 -8.918385 -10.756571 -11.899227 -10.598701
40.560000 -7.621534 -8.450385 -9.722070 -8.385906 -7.949018 -8.790463 -7.926880 -8.147212 -8.959762 -8.093123 -9.149563 -9.958394 -8.907630 -10.729525 -11.827600 -10.578152
40.600000 -7.606417 -8.437696 -9.705480 -8.372340 -7.935865 -8.773833 -7.913100 -8.134524 -8.944342 -8.080702 -9.136794 -9.942381 -8.897138 -10.704064 -11.785047 -10.558531
40.640000 -7.589083 -8.424428 -9.687453 -8.358107 -7.922277 -8.755392 -7.898702 -8.121254 -8.928071 -8.067503 -9.123491 -9.926864 -8.886289 -10.681783 -11.735625 -10.540040
40.680000 -7.572415 -8.411553 -9.670170 -8.344326 -7.909101 -8.737703 -7.884284 -8.108378 -8.912389 -8.054694 -9.110583 -9.911885 -8.875744 -10.660589 -11.692208 -10.522304
40.720000 -7.554119 -8.398569 -9.651983 -8.330422 -7.895869 -8.719655 -7.867945 -8.095394 -8.896557 -8.041664 -9.097575 -9.896759 -8.865397 -10.640881 -11.665308 -10.505114
40.760000 -7.534420 -8.385498 -9.633025 -8.316418 -7.882597 -8.701320 -7.852264 -8.082325 -8.880611 -8.028443 -9.084486 -9.881194 -8.855000 -10.622507 -11.606036 -10.488434
40.800000 -7.515576 -8.372808 -9.616133 -8.302853 -7.869718 -8.683727 -7.837587 -8.069637 -8.865232 -8.015613 -9.071780 -9.866615 -8.844848 -10.604878 -11.574053 -10.472372
40.840000 -7.489360 -8.359540 -9.600598 -8.288619 -7.856304 -8.665128 -7.822106 -8.056369 -8.848849 -8.003199 -9.058508 -9.850165 -8.834334 -10.588387 -11.546955 -10.456099
40.880000 -7.464638 -8.346665 -9.585631 -8.274838 -7.843291 -8.647292 -7.807165 -8.043494 -8.833062 -7.989197 -9.045628 -9.833449 -8.824068 -10.572500 -11.521463 -10.440415
40.920000 -7.432271 -8.333682 -9.570612 -8.260934 -7.830193 -8.629408 -7.792065 -8.030510 -8.817074 -7.975819 -9.032641 -9.816550 -8.813738 -10.557153 -11.497683 -10.424785
40.960000 -7.393940 -8.320611 -9.555562 -8.246932 -7.817027 -8.611786 -7.776838 -8.017438 -8.800925 -7.962898 -9.019566 -9.799513 -8.803354 -10.542312 -11.475413 -10.409224
41.000000 -7.358719 -8.307923 -9.541040 -8.233368 -7.804249 -8.594853 -7.762757 -8.004747 -8.785355 -7.950362 -9.006874 -9.783120 -8.793212 -10.527961 -11.454232 -10.394201
41.040000 -7.285422 -8.294094 -9.524966 -8.219134 -7.790917 -8.577101 -7.750844 -7.991480 -8.768991 -7.937317 -8.993604 -9.765727 -8.782707 -10.513867 -11.433824 -10.378733
41.080000 -7.222727 -8.280693 -9.509471 -8.205352 -7.777981 -8.559986 -7.739255 -7.978607 -8.753220 -7.924654 -8.980728 -9.749006 -8.772450 -10.500216 -11.414334 -10.363797
41.120000 -7.113203 -8.267040 -9.492163 -8.191360 -7.764956 -8.542549 -7.727602 -7.965620 -8.737136 -7.911912 -8.967746 -9.732102 -8.762103 -10.486827 -11.395267 -10.348813
41.160000 -6.985664 -8.253170 -9.473374 -8.177191 -7.751860 -8.526788 -7.715896 -7.952541 -8.720860 -7.899212 -8.954677 -9.714904 -8.751675 -10.473691 -11.376607 -10.335450
41.200000 -6.887202 -8.239731 -9.455394 -8.163471 -7.739147 -8.510518 -7.704505 -7.939843 -8.705148 -7.886873 -8.941989 -9.698344 -8.741493 -10.460941 -11.358716 -10.323735
41.240000 -6.805273 -8.225729 -9.436664 -8.143711 -7.725871 -8.491233 -7.692677 -7.926556 -8.688279 -7.874014 -8.928717 -9.680778 -8.730925 -10.447666 -11.340323 -10.311548
41.280000 -6.736375 -8.212165 -9.418710 -8.124812 -7.712988 -8.473229 -7.681169 -7.913662 -8.672045 -7.861501 -8.915839 -9.664374 -8.720609 -10.434786 -11.322678 -10.299696
41.320000 -6.712216 -8.198554 -9.400034 -8.103974 -7.700002 -8.457178 -7.669581 -7.900663 -8.655642 -7.848774 -8.902856 -9.649019 -8.709411 -10.421803 -11.305094 -10.287756
41.360000 -6.725688 -8.184913 -9.380755 -8.093203 -7.686933 -8.441378 -7.657928 -7.887578 -8.638227 -7.835971 -8.889789 -9.633548 -8.696785 -10.408738 -11.287591 -10.275741
41.400000 -6.739591 -8.171687 -9.362297 -8.082775 -7.674245 -8.425450 -7.646586 -7.874875 -8.620073 -7.823534 -8.877104 -9.618609 -8.684516 -10.396054 -11.271031 -10.264052
41.440000 -6.746173 -8.155484 -9.339684 -8.069694 -7.660975 -8.408562 -7.633575 -7.861599 -8.600420 -7.810549 -8.863831 -9.602858 -8.671703 -10.382780 -11.254214 -10.251863
41.480000 -6.752856 -8.139863 -9.318193 -8.057106 -7.648099 -8.392312 -7.620293 -7.848717 -8.581340 -7.797940 -8.850952 -9.587659 -8.659257 -10.369898 -11.238028 -10.240011
41.520000 -6.758383 -8.122029 -9.294860 -8.033440 -7.635115 -8.375032 -7.606897 -7.835729 -8.562007 -7.785230 -8.837969 -9.572310 -8.646714 -10.356914 -11.221669 -10.228070
41.560000 -6.762707 -8.102265 -9.270018 -8.003861 -7.622046 -8.355938 -7.588311 -7.822655 -8.543109 -7.772437 -8.824903 -9.556805 -8.634092 -10.343847 -11.205178 -10.216058
41.600000 -6.767076 -8.083362 -9.249333 -7.976180 -7.609358 -8.337653 -7.570467 -7.809964 -8.528117 -7.760010 -8.812219 -9.541605 -8.621827 -10.331161 -11.189294 -10.203767
41.640000 -6.765672 -8.060514 -9.226120 -7.946280 -7.596088 -8.319273 -7.551442 -7.796693 -8.509793 -7.747033 -8.798945 -9.525560 -8.609007 -10.317891 -11.172480 -10.190426
41.680000 -6.764273 -8.038807 -9.204112 -7.918308 -7.583212 -8.302676 -7.533218 -7.783816 -8.491435 -7.734431 -8.786066 -9.510088 -8.596555 -10.305015 -11.156297 -10.177485
41.720000 -6.762847 -8.015651 -9.180038 -7.889986 -7.570228 -8.285903 -7.515142 -7.770832 -8.472844 -7.721726 -8.773082 -9.494457 -8.584009 -10.292031 -11.139939 -10.164429
41.760000 -6.761395 -7.991318 -9.154294 -7.861487 -7.557158 -8.268997 -7.497070 -7.757764 -8.454082 -7.708937 -8.760016 -9.478702 -8.571385 -10.278960 -11.123448 -10.151279
41.800000 -6.759948 -7.968278 -9.130021 -7.834743 -7.544470 -8.252725 -7.479732 -7.745076 -8.436103 -7.696513 -8.747331 -9.463501 -8.559118 -10.266270 -11.107564 -10.138516
41.840000 -6.758980 -7.940465 -9.099559 -7.805218 -7.531201 -8.235487 -7.461271 -7.731804 -8.416478 -7.683535 -8.734059 -9.447457 -8.546301 -10.253003 -11.090750 -10.125175
41.880000 -6.758014 -7.914326 -9.071122 -7.777580 -7.518326 -8.218908 -7.443575 -7.718924 -8.397678 -7.670934 -8.721180 -9.431986 -8.533851 -10.240129 -11.074568 -10.112233
41.920000 -6.758576 -7.886281 -9.039456 -7.748900 -7.505343 -8.202142 -7.425663 -7.705941 -8.378321 -7.658229 -8.708196 -9.416356 -8.521305 -10.227146 -11.058210 -10.099178
41.960000 -6.760672 -7.856768 -9.005341 -7.719488 -7.492273 -8.185234 -7.407592 -7.692874 -8.358763 -7.645440 -8.695127 -9.399214 -8.508680 -10.214074 -11.041718 -10.086030
42.000000 -6.762778 -7.829135 -8.973922 -7.691955 -7.479584 -8.168959 -7.390254 -7.680189 -8.340047 -7.633018 -8.682440 -9.382535 -8.496412 -10.201383 -11.025833 -10.073271
42.040000 -6.765909 -7.795761 -8.930128 -7.661122 -7.466307 -8.151718 -7.376086 -7.666916 -8.320039 -7.620039 -8.669172 -9.364846 -8.483600 -10.188118 -11.009021 -10.059926
42.080000 -6.769062 -7.764769 -8.887499 -7.632359 -7.453423 -8.135135 -7.362628 -7.654038 -8.300912 -7.607526 -8.656297 -9.347852 -8.471155 -10.175245 -10.992839 -10.046980
42.120000 -6.770360 -7.731351 -8.843553 -7.597980 -7.440433 -8.118354 -7.349504 -7.641054 -8.281537 -7.594942 -8.643313 -9.330661 -8.458610 -10.162261 -10.976482 -10.033925
42.160000 -6.769786 -7.696181 -8.797517 -7.560519 -7.427356 -8.101420 -7.337265 -7.627986 -8.261981 -7.582276 -8.630240 -9.313323 -8.445983 -10.149186 -10.959990 -10.020781
42.200000 -6.769212 -7.663646 -8.759175 -7.526039 -7.414661 -8.085121 -7.325362 -7.615299 -8.243267 -7.569970 -8.617550 -9.296651 -8.433714 -10.136494 -10.944104 -10.008025
42.240000 -6.764012 -7.623919 -8.705921 -7.484923 -7.401385 -8.067771 -7.312950 -7.602029 -8.223254 -7.557115 -8.604284 -9.278957 -8.420901 -10.123230 -10.926749 -9.994678
42.280000 -6.758874 -7.587523 -8.658644 -7.447281 -7.388503 -8.051088 -7.300884 -7.589152 -8.204123 -7.544630 -8.591411 -9.261958 -8.408457 -10.110358 -10.908230 -9.981730
42.320000 -6.751127 -7.549143 -8.615245 -7.412471 -7.375517 -8.032580 -7.288453 -7.576169 -8.184749 -7.532047 -8.578427 -9.244767 -8.395913 -10.097375 -10.889484 -9.968652
42.360000 -6.740912 -7.509503 -8.572325 -7.371967 -7.362446 -8.012498 -7.275697 -7.563100 -8.165199 -7.519384 -8.565353 -9.227433 -8.383286 -10.084301 -10.870570 -9.952812
42.400000 -6.730931 -7.473181 -8.533269 -7.334242 -7.349757 -7.993305 -7.265255 -7.550412 -8.146491 -7.507078 -8.552662 -9.210765 -8.371017 -10.071608 -10.852449 -9.937531
42.440000 -6.715839 -7.435458 -8.495279 -7.296808 -7.332471 -7.968395 -7.227098 -7.537142 -8.126473 -7.494223 -8.539397 -9.193066 -8.358205 -10.058341 -10.833097 -9.921382
42.480000 -6.701255 -7.400752 -8.460353 -7.262362 -7.315847 -7.944845 -7.184902 -7.524266 -8.107338 -7.481736 -8.526525 -9.176061 -8.345762 -10.045467 -10.814431 -9.905813
42.520000 -6.685003 -7.369436 -8.425041 -7.227665 -7.294510 -7.919486 -7.159826 -7.511282 -8.087960 -7.469151 -8.513542 -9.158873 -8.333216 -10.032485 -10.796510 -9.890090
42.560000 -6.667281 -7.340996 -8.389173 -7.192988 -7.269151 -7.892689 -7.135196 -7.498213 -8.068409 -7.456488 -8.500468 -9.141546 -8.320588 -10.019415 -10.779286 -9.874247
42.600000 -6.650255 -7.314305 -8.358900 -7.160907 -7.245191 -7.868278 -7.102313 -7.485525 -8.049699 -7.444185 -8.487776 -9.124886 -8.308317 -10.006728 -10.762721 -9.858964
42.640000 -6.629129 -7.287189 -8.326432 -7.124824 -7.214855 -7.838745 -7.067466 -7.472257 -8.031582 -7.431330 -8.474510 -9.107179 -8.294344 -9.993456 -10.745157 -9.843162
42.680000 -6.608983 -7.261667 -8.296224 -7.091545 -7.186500 -7.811092 -7.038420 -7.459382 -8.015805 -7.418844 -8.461637 -9.090168 -8.278403 -9.980579 -10.728278 -9.828098
42.720000 -6.588321 -7.235683 -8.265466 -7.057477 -7.156771 -7.780671 -7.007747 -7.446398 -7.999861 -7.406260 -8.448654 -9.072974 -8.262294 -9.967596 -10.711203 -9.812885
42.760000 -6.567253 -7.209397 -8.234403 -7.022982 -7.126048 -7.748139 -6.975894 -7.433326 -7.983788 -7.393595 -8.435582 -9.055644 -8.246058 -9.954529 -10.693981 -9.797556
42.800000 -6.547160 -7.184612 -8.205414 -6.989988 -7.097356 -7.717874 -6.946893 -7.420635 -7.968293 -7.381290 -8.422891 -9.038982 -8.230416 -9.941843 -10.677229 -9.782755
42.840000 -6.524692 -7.157542 -8.173411 -6.952042 -7.064810 -7.680004 -6.914690 -7.407368 -7.951920 -7.368435 -8.409623 -9.021285 -8.213852 -9.928571 -10.657653 -9.767150
42.880000 -6.503329 -7.132060 -8.143607 -6.921001 -7.034533 -7.645173 -6.884713 -7.394495 -7.933327 -7.353441 -8.396747 -9.003853 -8.197904 -9.915693 -10.638923 -9.752092
42.920000 -6.480588 -7.106143 -8.113246 -6.885586 -7.002560 -7.607511 -6.852820 -7.381512 -7.914493 -7.340736 -8.383765 -8.986013 -8.181774 -9.902710 -10.619948 -9.736879
42.960000 -6.456726 -7.079947 -8.082567 -6.850721 -6.969381 -7.567913 -6.819817 -7.368440 -7.897584 -7.327760 -8.370696 -8.968018 -8.166382 -9.889644 -10.600793 -9.721545
43.000000 -6.434108 -7.055241 -8.053914 -6.820244 -6.938558 -7.531625 -6.790336 -7.355749 -7.883814 -7.314675 -8.358010 -8.950740 -8.154368 -9.876960 -10.582449 -9.706739
43.040000 -6.408540 -7.028350 -8.022172 -6.791262 -6.902853 -7.486449 -6.757868 -7.342481 -7.869352 -7.300961 -8.344737 -8.932363 -8.141814 -9.863685 -10.562631 -9.691139
43.080000 -6.384395 -7.003027 -7.992487 -6.764094 -6.869862 -7.445532 -6.727668 -7.329606 -7.855356 -7.287673 -8.331859 -8.915833 -8.129622 -9.850804 -10.543485 -9.676086
43.120000 -6.358980 -6.977360 -7.961204 -6.734983 -6.835803 -7.401568 -6.696950 -7.316624 -7.840242 -7.274268 -8.318876 -8.901064 -8.117333 -9.837821 -10.524074 -9.660873
43.160000 -6.332579 -6.951486 -7.931363 -6.704401 -6.801084 -7.356640 -6.665965 -7.303553 -7.824137 -7.260772 -8.305810 -8.886181 -8.102394 -9.824756 -10.504467 -9.645536
43.200000 -6.307691 -6.927066 -7.905270 -6.675831 -6.768937 -7.316071 -6.635746 -7.290865 -7.808608 -7.247687 -8.293125 -8.871800 -8.085837 -9.812073 -10.485706 -9.630727
43.240000 -6.279840 -6.900547 -7.874878 -6.640923 -6.733017 -7.266919 -6.593572 -7.277595 -7.776947 -7.232534 -8.279851 -8.856657 -8.068294 -9.798799 -10.465681 -9.615126
43.280000 -6.253669 -6.875555 -7.846020 -6.608613 -6.699843 -7.229181 -6.555134 -7.264720 -7.757689 -7.217894 -8.266971 -8.842032 -8.051433 -9.785918 -10.446541 -9.600072
43.320000 -6.227214 -6.849609 -7.816218 -6.563028 -6.666101 -7.193029 -6.516638 -7.251737 -7.709863 -7.196900 -8.253989 -8.827263 -8.034377 -9.772934 -10.427131 -9.585953
43.360000 -6.200614 -6.822952 -7.785775 -6.526690 -6.632092 -7.157643 -6.478364 -7.238666 -7.658887 -7.170476 -8.240924 -8.812379 -8.017174 -9.759866 -10.407524 -9.573500
43.400000 -6.175550 -6.797836 -7.757327 -6.492271 -6.600554 -7.124925 -6.443192 -7.225978 -7.626887 -7.145600 -8.228240 -8.798156 -8.000626 -9.747180 -10.388764 -9.561398
43.440000 -6.149947 -6.768316 -7.724204 -6.447804 -6.568450 -7.092143 -6.407105 -7.201410 -7.594193 -7.109549 -8.214966 -8.783924 -7.983631 -9.733911 -10.368730 -9.548763
43.480000 -6.125770 -6.740675 -7.681116 -6.407501 -6.538557 -7.060362 -6.373791 -7.178157 -7.566970 -7.069765 -8.202086 -8.770143 -7.967568 -9.721035 -10.352672 -9.536489
43.520000 -6.101844 -6.710867 -7.638570 -6.362511 -6.510438 -7.027809 -6.340352 -7.145335 -7.531481 -7.029926 -8.189102 -8.756239 -7.951336 -9.708051 -10.336757 -9.524118
43.560000 -6.078198 -6.679422 -7.574534 -6.314756 -6.483885 -7.000270 -6.306999 -7.105033 -7.483649 -6.992126 -8.176036 -8.741349 -7.934975 -9.694980 -10.320717 -9.511665
43.600000 -6.055774 -6.650100 -7.518681 -6.284297 -6.458863 -6.974405 -6.276037 -7.068155 -7.437169 -6.957353 -8.163351 -8.723354 -7.919215 -9.682291 -10.305254 -9.499565
43.640000 -6.033893 -6.611356 -7.427948 -6.249559 -6.432327 -6.946184 -6.241623 -7.028133 -7.391055 -6.917518 -8.150079 -8.704140 -7.905244 -9.669024 -10.286366 -9.486930
43.680000 -6.013063 -6.575786 -7.352935 -6.219586 -6.407319 -6.919685 -6.209750 -6.991490 -7.354290 -6.882570 -8.137201 -8.685750 -7.892694 -9.656150 -10.267897 -9.472023
43.720000 -5.992695 -6.536060 -7.266119 -6.188433 -6.382257 -6.893414 -6.178899 -6.954761 -7.317993 -6.848180 -8.124217 -8.666872 -7.880044 -9.643167 -10.249201 -9.456842
43.760000 -5.972770 -6.493458 -7.193586 -6.135073 -6.357225 -6.866360 -6.152330 -6.918196 -7.282295 -6.814107 -8.111147 -8.647208 -7.867314 -9.630094 -10.230340 -9.441552
43.800000 -5.953720 -6.454665 -7.132448 -6.071517 -6.333557 -6.841282 -6.127293 -6.884473 -7.250049 -6.779661 -8.098460 -8.628396 -7.854955 -9.617404 -10.212268 -9.426782
43.840000 -5.934674 -6.416730 -6.974607 -6.025355 -6.309065 -6.814655 -6.101456 -6.846832 -7.217299 -6.736599 -8.085192 -8.608260 -7.842024 -9.604138 -10.192974 -9.411210
43.880000 -5.916428 -6.381844 -6.897753 -6.000266 -6.285881 -6.789157 -6.077071 -6.812195 -7.186459 -6.697988 -8.072317 -8.589016 -7.829475 -9.591266 -10.175377 -9.396177
43.920000 -5.898855 -6.348874 -6.831975 -5.978656 -6.263198 -6.763444 -6.053384 -6.777828 -7.152827 -6.666221 -8.059333 -8.569531 -7.816149 -9.578282 -10.158395 -9.380997
43.960000 -5.881904 -6.317599 -6.760927 -5.958804 -6.241001 -6.740251 -6.030355 -6.743866 -7.117061 -6.639278 -8.046260 -8.549869 -7.801133 -9.565207 -10.141277 -9.365701
44.000000 -5.865591 -6.288426 -6.679335 -5.982604 -6.219884 -6.721689 -6.008486 -6.712368 -7.082701 -6.607265 -8.033570 -8.531059 -7.786620 -9.552513 -10.124809 -9.350926
44.040000 -5.849470 -6.272336 -6.638484 -5.995701 -6.199073 -6.700453 -5.987618 -6.678938 -7.046566 -6.570686 -8.020304 -8.510922 -7.771349 -9.539249 -10.107326 -9.335356
44.080000 -5.833926 -6.256822 -6.603497 -6.002579 -6.179213 -6.677628 -5.967707 -6.647899 -7.011939 -6.532504 -8.007431 -8.491677 -7.756597 -9.526378 -10.090521 -9.320326
44.120000 -5.819669 -6.248518 -6.574501 -6.006634 -6.160288 -6.653147 -5.950019 -6.616951 -6.972879 -6.493599 -7.994448 -8.472190 -7.741701 -9.513395 -10.073539 -9.305145
44.160000 -5.806593 -6.247022 -6.544444 -6.003392 -6.142216 -6.628768 -5.935160 -6.586220 -6.933372 -6.454536 -7.981374 -8.452525 -7.726691 -9.500321 -10.056423 -9.289849
44.200000 -5.793899 -6.245532 -6.528735 -6.019730 -6.124867 -6.609330 -5.915378 -6.557521 -6.897161 -6.418698 -7.968682 -8.433713 -7.712429 -9.487629 -10.039957 -9.275073
44.240000 -5.784219 -6.254685 -6.527539 -6.027666 -6.109011 -6.584676 -5.896239 -6.526922 -6.858447 -6.379401 -7.955417 -8.415479 -7.691783 -9.474362 -10.022475 -9.259507
44.280000 -5.774751 -6.264035 -6.521749 -6.078467 -6.093714 -6.561092 -5.880147 -6.498338 -6.822903 -6.343367 -7.942546 -8.396003 -7.680687 -9.461487 -10.005670 -9.244479
44.320000 -5.767339 -6.280052 -6.543247 -6.115585 -6.079484 -6.533354 -5.876704 -6.469725 -6.787393 -6.313388 -7.929559 -8.357500 -7.652677 -9.448505 -9.988687 -9.229297
44.360000 -5.761883 -6.303499 -6.551437 -6.140979 -6.066234 -6.497680 -5.866680 -6.441201 -6.752119 -6.289506 -7.916478 -8.320140 -7.614411 -9.435436 -9.971567 -9.213996
44.400000 -5.756494 -6.328285 -6.545682 -6.159663 -6.053376 -6.468038 -5.856884 -6.414435 -6.725011 -6.262511 -7.903779 -8.292730 -7.586680 -9.422748 -9.955097 -9.199216
44.440000 -5.754480 -6.361543 -6.570678 -6.193138 -6.045393 -6.428055 -5.850277 -6.386707 -6.701123 -6.230365 -7.871921 -8.263736 -7.535406 -9.409477 -9.938704 -9.183657
44.480000 -5.752476 -6.397560 -6.626916 -6.222609 -6.037553 -6.418542 -5.844878 -6.360643 -6.678481 -6.197226 -7.842242 -8.231999 -7.488073 -9.396600 -9.924460 -9.168637
44.520000 -5.752558 -6.438150 -6.685104 -6.262883 -6.033935 -6.392590 -5.839680 -6.335277 -6.656188 -6.165025 -7.799488 -8.188968 -7.442328 -9.383618 -9.910084 -9.153456
44.560000 -5.754728 -6.484389 -6.773328 -6.329723 -6.034435 -6.360050 -5.836142 -6.310576 -6.631069 -6.133351 -7.747315 -8.135443 -7.398028 -9.370550 -9.895606 -9.138148
44.600000 -5.756908 -6.536143 -6.813054 -6.403914 -6.034936 -6.329779 -5.832634 -6.287205 -6.605007 -6.107922 -7.700744 -8.090359 -7.356987 -9.357864 -9.881490 -9.123458
44.640000 -5.762553 -6.599055 -6.899544 -6.470087 -6.041427 -6.294645 -5.834969 -6.264220 -6.579639 -6.084881 -7.654058 -8.044737 -7.315022 -9.344592 -9.866075 -9.108408
44.680000 -5.768271 -6.672649 -7.035886 -6.584554 -6.048016 -6.264604 -5.846527 -6.242391 -6.560282 -6.058749 -7.611907 -8.000655 -7.277826 -9.331713 -9.851197 -9.093864
44.720000 -5.775752 -6.767176 -7.219377 -6.680782 -6.055995 -6.250825 -5.855375 -6.222834 -6.532641 -6.034329 -7.571724 -7.955977 -7.243306 -9.318730 -9.836171 -9.079566
44.760000 -5.785087 -6.896044 -7.340313 -6.774925 -6.065439 -6.265349 -5.870342 -6.205298 -6.504042 -6.007755 -7.533331 -7.912169 -7.209855 -9.305665 -9.821030 -9.065539
44.800000 -5.794627 -7.080102 -7.645789 -6.941814 -6.075092 -6.301513 -5.880765 -6.188444 -6.477212 -5.981022 -7.498059 -7.872267 -7.175981 -9.292982 -9.806407 -9.051966
44.840000 -5.807237 -7.237876 -7.820008 -7.075464 -6.095643 -6.292513 -5.866788 -6.178133 -6.453435 -5.958625 -7.462583 -7.828088 -7.136209 -9.279706 -9.790990 -9.037707
44.880000 -5.820225 -7.488180 -8.110402 -7.272314 -6.117215 -6.306456 -5.894154 -6.168061 -6.431764 -5.937525 -7.429787 -7.785115 -7.098462 -9.266824 -9.776111 -9.023917
44.920000 -5.834589 -7.777386 -8.548290 -7.508374 -6.143923 -6.331225 -5.919176 -6.162183 -6.415319 -5.921470 -7.397723 -7.742416 -7.061364 -9.253841 -9.761086 -9.009997
44.960000 -5.850457 -7.981778 -8.820986 -7.740884 -6.176702 -6.365431 -5.954931 -6.160332 -6.400506 -5.912724 -7.366401 -7.700441 -7.034428 -9.240776 -9.745948 -8.995976
45.000000 -5.866926 -8.380807 -9.921838 -8.251913 -6.212158 -6.386216 -5.975375 -6.158488 -6.386189 -5.897572 -7.337186 -7.666720 -7.011365 -9.228092 -9.730285 -8.984890
45.040000 -5.886354 -8.582640 -10.142931 -8.461137 -6.250833 -6.412025 -5.996175 -6.164151 -6.381111 -5.893808 -7.306548 -7.632103 -6.972686 -9.214819 -9.711193 -8.975598
45.080000 -5.906691 -8.971552 -10.616293 -8.876941 -6.293291 -6.485849 -6.042181 -6.169889 -6.375380 -5.894755 -7.277929 -7.603030 -6.933058 -9.201940 -9.692914 -8.966515
45.120000 -5.928781 -9.626491 -12.482466 -9.619593 -6.339236 -6.552869 -6.091270 -6.178419 -6.373716 -5.892804 -7.249376 -7.572182 -6.892818 -9.188956 -9.674403 -8.957379
45.160000 -5.952850 -9.920059 -12.783226 -9.916905 -6.389367 -6.627783 -6.135565 -6.189906 -6.370729 -5.894126 -7.220988 -7.539142 -6.853581 -9.175887 -9.655720 -8.946861
45.200000 -5.978332 -11.387648 -15.564978 -11.522798 -6.446049 -6.673562 -6.196107 -6.201706 -6.373611 -5.904915 -7.194343 -7.507705 -6.825119 -9.163200 -9.637814 -8.930600
45.240000 -6.005392 -11.609313 -15.786824 -11.744071 -6.505280 -6.741552 -6.242143 -6.217317 -6.391328 -5.915627 -7.165925 -7.473390 -6.794422 -9.149931 -9.620300 -8.913000
45.280000 -6.034250 -12.085517 -16.263930 -12.218326 -6.573884 -6.844270 -6.308231 -6.233510 -6.404950 -5.917556 -7.139254 -7.441594 -6.766403 -9.137056 -9.604848 -8.897012
45.320000 -6.064352 -14.681978 -20.200947 -14.616026 -6.650466 -6.937254 -6.361604 -6.251265 -6.413271 -5.931728 -7.112479 -7.409310 -6.738635 -9.123691 -9.576758 -8.880836
45.360000 -6.095824 -14.982843 -20.501963 -14.916986 -6.737476 -7.034108 -6.425217 -6.270754 -6.429794 -5.945959 -7.085713 -7.376797 -6.710034 -9.109893 -9.541189 -8.838285
45.400000 -6.129757 -18.103906 -25.248693 -18.543518 -6.846400 -7.164116 -6.532577 -6.291160 -6.444966 -5.974217 -7.060501 -7.346555 -6.682543 -9.096519 -9.493292 -8.823571
45.440000 -6.163194 -18.325751 -25.470542 -18.765307 -6.950623 -7.287997 -6.623128 -6.317508 -6.464177 -6.000204 -7.034069 -7.313410 -6.655170 -9.058574 -9.428940 -8.783096
45.480000 -6.199423 -18.802855 -25.947663 -19.242124 -7.088029 -7.436019 -6.719042 -6.345558 -6.491875 -6.025297 -7.009154 -7.281839 -6.629442 -9.023679 -9.386668 -8.746074
45.520000 -6.236183 -23.122454 -31.810042 -23.320239 -7.232245 -7.578261 -6.815042 -6.379503 -6.530471 -6.054301 -6.984968 -7.249335 -6.607732 -8.973375 -9.345619 -8.685792
45.560000 -6.273330 -23.423484 -32.111072 -23.621268 -7.368305 -7.741242 -6.942993 -6.420676 -6.580980 -6.092861 -6.961468 -7.216817 -6.590487 -8.912681 -9.303204 -8.618857
45.600000 -6.313953 -29.491875 -40.002197 -29.040128 -7.567531 -8.006659 -7.099054 -6.466166 -6.632789 -6.147595 -6.939175 -7.186571 -6.573911 -8.859439 -9.264568 -8.560826
45.640000 -6.351711 -29.713724 -40.224045 -29.261977 -7.690299 -8.205993 -7.222866 -6.519137 -6.680627 -6.197583 -6.919446 -7.154983 -6.561533 -8.812270 -9.193225 -8.503440
45.680000 -6.393067 -30.190845 -40.701167 -29.739097 -7.862081 -8.536564 -7.393679 -6.579478 -6.734472 -6.254083 -6.900575 -7.125543 -6.548200 -8.769725 -9.150643 -8.452760
45.720000 -6.434599 -38.416300 -50.737396 -35.945993 -8.049988 -8.826606 -7.574915 -6.644422 -6.799570 -6.311107 -6.885809 -7.100468 -6.540676 -8.730307 -9.106782 -8.403855
45.760000 -6.475928 -38.717330 -51.038426 -36.247023 -8.227091 -9.050321 -7.782878 -6.714746 -6.869143 -6.352967 -6.874767 -7.091944 -6.538667 -8.693552 -9.075161 -8.364066
45.800000 -6.521608 -49.693985 nan -44.533316 -8.531173 -9.678487 -8.135581 -6.798699 -6.952033 -6.420265 -6.863998 -7.085744 -6.536669 -8.659667 -9.042913 -8.329353
45.840000 -6.562418 -49.915834 nan -44.755165 -8.718110 -9.891261 -8.324443 -6.875510 -7.027919 -6.493888 -6.865150 -7.092222 -6.550251 -8.626230 -9.008672 -8.296326
45.880000 -6.607464 -50.392955 nan -45.232286 -9.053403 -10.294906 -8.668418 -6.968888 -7.119935 -6.578604 -6.866306 -7.098802 -6.562760 -8.595184 -8.976940 -8.268521
45.920000 -6.652415 -117.319651 nan -57.010431 -9.523785 -10.931111 -9.129140 -7.065343 -7.214198 -6.646877 -6.874300 -7.106878 -6.578400 -8.564840 -8.946208 -8.239692
45.960000 -6.696671 -117.620681 nan -57.311461 -9.798569 -11.220138 -9.402356 -7.161089 -7.302581 -6.734617 -6.889522 -7.110337 -6.594769 -8.535199 -8.918086 -8.213060
46.000000 -6.745955 -inf nan nan -10.729311 -12.624072 -10.302407 -7.284094 -7.413542 -6.823193 -6.905296 -7.105728 -6.613736 -8.507452 -8.891374 -8.187971
46.040000 -6.789165 -inf nan nan -10.943455 -12.844903 -10.520620 -7.375413 -7.503533 -6.896732 -6.931749 -7.114163 -6.636923 -8.478258 -8.862064 -8.161109
46.080000 -6.837155 -inf nan nan -11.383979 -13.316977 -10.980006 -7.491191 -7.618990 -6.987138 -6.959919 -7.132317 -6.660895 -8.450904 -8.825970 -8.135653
46.120000 -6.884691 -inf nan nan -12.397082 -15.304499 -12.225992 -7.608223 -7.736940 -7.107949 -6.991488 -7.149157 -6.693850 -8.423494 -8.791794 -8.109279
46.160000 -6.930927 -inf nan nan -12.697018 -15.604883 -12.522832 -7.715331 -7.846082 -7.222464 -7.027099 -7.176166 -6.727826 -8.396135 -8.762030 -8.082304
46.200000 -6.982679 -inf nan nan -14.995434 -18.789606 -14.555026 -7.857818 -8.000021 -7.332863 -7.065894 -7.202132 -6.764688 -8.370399 -8.732759 -8.056929
46.240000 -7.027208 -inf nan nan -15.217002 -19.011210 -14.776689 -7.959387 -8.112029 -7.426477 -7.105719 -7.240599 -6.804259 -8.342774 -8.702681 -8.029982
46.280000 -7.076829 -inf nan nan -15.692724 -19.487107 -15.252884 -8.092204 -8.275103 -7.546048 -7.149569 -7.286125 -6.846304 -8.316801 -8.674580 -8.004634
46.320000 -7.125903 -inf nan nan -18.106046 -23.448028 -17.790001 -8.231833 -8.433416 -7.674837 -7.194926 -7.334823 -6.898925 -8.290691 -8.646312 -7.979706
46.360000 -7.173465 -inf nan nan -18.407031 -23.749055 -18.090718 -8.365554 -8.591825 -7.807067 -7.241767 -7.385048 -6.951046 -8.264550 -8.618013 -7.953147
46.400000 -7.226884 -inf nan nan -22.087112 -28.758112 -22.019519 -8.559763 -8.891631 -7.964873 -7.294278 -7.441855 -7.010292 -8.239895 -8.593300 -7.923219
46.440000 -7.272542 -inf nan nan -22.308958 -28.979961 -22.241363 -8.696758 -9.031499 -8.113360 -7.344316 -7.495586 -7.069487 -8.214127 -8.571234 -7.891649
46.480000 -7.323571 -inf nan nan -22.786068 -29.457082 -22.718462 -8.898015 -9.246267 -8.324058 -7.400880 -7.556918 -7.138055 -8.189803 -8.542779 -7.862345
46.520000 -7.374158 -inf nan nan -27.291454 -36.001674 -26.103259 -9.122136 -9.539074 -8.516963 -7.460172 -7.620362 -7.200220 -8.166375 -8.512128 -7.834281
46.560000 -7.423303 -inf nan nan -27.592484 -36.302704 -26.404274 -9.318127 -9.758342 -8.695407 -7.522209 -7.686465 -7.264599 -8.143772 -8.486081 -7.807234
46.600000 -7.478727 -inf nan nan -34.095281 -43.785478 -31.950529 -9.684990 -10.223130 -9.041384 -7.594610 -7.766066 -7.340228 -8.122287 -8.461514 -7.783189
46.640000 -7.526194 -inf nan nan -34.317130 -44.007327 -32.172377 -9.862698 -10.412436 -9.214161 -7.662547 -7.836426 -7.412643 -8.104748 -8.438883 -7.785232
46.680000 -7.579493 -inf nan nan -34.794251 -44.484448 -32.649496 -10.168614 -10.748702 -9.526901 -7.743118 -7.919522 -7.502122 -8.087890 -8.417749 -7.774452
46.720000 -7.632511 -inf nan nan -41.221702 -55.544668 -39.605940 -10.562164 -11.252576 -9.867245 -7.828208 -8.009455 -7.594585 -8.076037 -8.400081 -7.780495
46.760000 -7.684174 -inf nan nan -41.522732 -55.845698 -39.906970 -10.797874 -11.530531 -10.112243 -7.917001 -8.093541 -7.690669 -8.068802 -8.385508 -7.799274
46.800000 -7.742824 -inf nan nan -53.111152 nan -48.542227 -11.351836 -12.460319 -10.715427 -8.028740 -8.188848 -7.812289 -8.061686 -8.371407 -7.799979
46.840000 -7.792902 -inf nan nan -53.333001 nan -48.764076 -11.552426 -12.676623 -10.916552 -8.122101 -8.276215 -7.907187 -8.069756 -8.368073 -7.813946
46.880000 -7.849518 -inf nan nan -53.810122 nan -49.241197 -11.936524 -13.127218 -11.302744 -8.241190 -8.392871 -8.024427 -8.077980 -8.365040 -7.826539
46.920000 -7.905956 -inf nan nan -322.005185 nan -67.563717 -12.570186 -14.205227 -12.002923 -8.364530 -8.506523 -8.151716 -8.094215 -8.367749 -7.846376
46.960000 -7.960973 -inf nan nan -322.306215 nan -67.864747 -12.861191 -14.501834 -12.294291 -8.482440 -8.611036 -8.266872 -8.119399 -8.379331 -7.885622
47.000000 -8.023985 -inf nan nan -inf nan nan -14.201857 -16.171552 -13.562145 -8.644804 -8.752651 -8.417539 -8.146133 -8.389785 -7.929642
47.040000 -8.077344 -inf nan nan -inf nan nan -14.419788 -16.393052 -13.782878 -8.754979 -8.863068 -8.519597 -8.183574 -8.414947 -7.976036
47.080000 -8.138190 -inf nan nan -inf nan nan -14.877832 -16.868430 -14.254888 -8.902969 -9.002558 -8.656548 -8.224549 -8.440360 -8.027988
47.120000 -8.198923 -inf nan nan -inf nan nan -16.165318 -19.309417 -15.541071 -9.055241 -9.137970 -8.805244 -8.269269 -8.471211 -8.082100
47.160000 -8.258020 -inf nan nan -inf nan nan -16.465823 -19.609962 -15.837615 -9.187993 -9.264531 -8.932906 -8.318537 -8.521410 -8.138337
47.200000 -8.326444 -inf nan nan -inf nan nan -19.082648 -22.319745 -18.010414 -9.380147 -9.445545 -9.112402 -8.374117 -8.574180 -8.203608
47.240000 -8.383725 -inf nan nan -inf nan nan -19.303965 -22.541589 -18.231851 -9.498715 -9.556202 -9.235256 -8.427393 -8.622668 -8.262992
47.280000 -8.449725 -inf nan nan -inf nan nan -19.778441 -23.018691 -18.706923 -9.662340 -9.723265 -9.411688 -8.488131 -8.676903 -8.328699
47.320000 -8.515672 -inf nan nan -inf nan nan -21.915773 -27.271824 -20.870160 -9.835939 -9.911289 -9.596168 -8.550297 -8.733774 -8.394813
47.360000 -8.579622 -inf nan nan -inf nan nan -22.216787 -27.572852 -21.171066 -9.991109 -10.088339 -9.759393 -8.613072 -8.787813 -8.464293
47.400000 -8.654643 -inf nan nan -inf nan nan -26.372795 -32.345591 -24.820534 -10.234817 -10.399813 -10.020687 -8.686480 -8.853986 -8.549942
47.440000 -8.716509 -inf nan nan -inf nan nan -26.594634 -32.567440 -25.042358 -10.383111 -10.567618 -10.171554 -8.750674 -8.921235 -8.623971
47.480000 -8.788675 -inf nan nan -inf nan nan -27.071705 -33.044561 -25.519357 -10.610054 -10.843674 -10.401119 -8.826031 -9.002174 -8.702258
47.520000 -8.860813 -inf nan nan -inf nan nan -30.936510 -39.211683 -29.882660 -10.868554 -11.189079 -10.685711 -8.903336 -9.077886 -8.786995
47.560000 -8.930348 -inf nan nan -inf nan nan -31.237539 -39.512713 -30.183683 -11.077732 -11.434992 -10.888769 -8.980743 -9.148445 -8.869578
47.600000 -9.013179 -inf nan nan -inf nan nan -37.904391 -48.765837 -35.129307 -11.496516 -12.008004 -11.267622 -9.075005 -9.241657 -8.964891
47.640000 -9.080109 -inf nan nan -inf nan nan -38.126240 -48.987685 -35.351155 -11.681501 -12.208742 -11.441565 -9.154585 -9.322205 -9.034822
47.680000 -9.159267 -inf nan nan -inf nan nan -38.603361 -49.464807 -35.828277 -12.010360 -12.598742 -11.748703 -9.252093 -9.415642 -9.127046
47.720000 -9.238372 -inf nan nan -inf nan nan -45.772062 -61.247411 -43.524126 -12.459909 -13.223481 -12.115678 -9.353010 -9.513997 -9.220292
47.760000 -9.313938 -inf nan nan -inf nan nan -46.073092 -61.548441 -43.825156 -12.713913 -13.511981 -12.367098 -9.452973 -9.611949 -9.316256
47.800000 -9.405480 -inf nan nan -inf nan nan -56.564919 nan -52.198825 -13.401631 -14.601783 -13.054552 -9.583049 -9.733314 -9.450875
47.840000 -9.477754 -inf nan nan -inf nan nan -56.786768 nan -52.420674 -13.614064 -14.816106 -13.259027 -9.682993 -9.830710 -9.555188
47.880000 -9.564506 -inf nan nan -inf nan nan -57.263889 nan -52.897795 -14.046944 -15.257437 -13.651392 -9.813036 -9.959426 -9.684795
47.920000 -9.651229 -inf nan nan -inf nan nan -inf nan -94.905048 -14.978338 -16.338089 -14.360567 -9.947032 -10.086330 -9.810738
47.960000 -9.733236 -inf nan nan -inf nan nan -inf nan -95.206078 -15.263165 -16.636129 -14.641847 -10.070578 -10.205845 -9.928972
48.000000 -9.834421 -inf nan nan -inf nan nan -inf nan nan -16.398383 -18.596769 -15.813596 -10.243896 -10.370010 -10.087647
48.040000 -9.912310 -inf nan nan -inf nan nan -inf nan nan -16.618268 -18.818203 -16.033840 -10.357830 -10.486731 -10.189268
48.080000 -10.007288 -inf nan nan -inf nan nan -inf nan nan -17.085702 -19.293257 -16.503043 -10.512715 -10.645903 -10.325376
48.120000 -10.102374 -inf nan nan -inf nan nan -inf nan nan -18.662730 -21.540862 -17.861961 -10.672179 -10.813171 -10.463836
48.160000 -10.191343 -inf nan nan -inf nan nan -inf nan nan -18.962696 -21.841155 -18.161657 -10.808074 -10.958029 -10.590987
48.200000 -10.303361 -inf nan nan -inf nan nan -inf nan nan -21.272808 -24.478871 -20.294531 -11.006943 -11.170655 -10.784418
48.240000 -10.387162 -inf nan nan -inf nan nan -inf nan nan -21.494325 -24.700718 -20.516296 -11.129539 -11.302032 -10.918973
48.280000 -10.491096 -inf nan nan -inf nan nan -inf nan nan -21.969793 -25.177828 -20.992998 -11.300981 -11.495576 -11.105700
48.320000 -10.595464 -inf nan nan -inf nan nan -inf nan nan -24.310947 -29.725594 -23.285149 -11.483652 -11.695816 -11.271949
48.360000 -10.692086 -inf nan nan -inf nan nan -inf nan nan -24.611971 -30.026611 -23.586048 -11.643967 -11.872790 -11.424915
48.400000 -10.816547 -inf nan nan -inf nan nan -inf nan nan -29.180368 -34.323085 -27.094575 -11.900840 -12.185074 -11.675529
48.440000 -10.907018 -inf nan nan -inf nan nan -inf nan nan -29.402207 -34.544934 -27.316423 -12.053407 -12.352227 -11.829514
48.480000 -11.021433 -inf nan nan -inf nan nan -inf nan nan -29.879279 -35.022055 -27.793539 -12.290664 -12.627507 -12.053708
48.520000 -11.137098 -inf nan nan -inf nan nan -inf nan nan -33.742524 -42.314994 -31.824663 -12.563443 -13.011198 -12.314499
48.560000 -11.243298 -inf nan nan -inf nan nan -inf nan nan -34.043554 -42.616024 -32.125692 -12.775223 -13.248694 -12.522203
48.600000 -11.384176 -inf nan nan -inf nan nan -inf nan nan -41.100049 -50.448261 -37.804669 -13.205230 -13.838522 -12.934004
48.640000 -11.483609 -inf nan nan -inf nan nan -inf nan nan -41.321897 -50.670110 -38.026517 -13.389866 -14.035553 -13.119797
48.680000 -11.612784 -inf nan nan -inf nan nan -inf nan nan -41.799019 -51.147231 -38.503637 -13.717585 -14.410505 -13.450481
48.720000 -11.744911 -inf nan nan -inf nan nan -inf nan nan -48.587976 -72.765627 -45.388396 -14.166692 -15.121539 -13.862213
48.760000 -11.865008 -inf nan nan -inf nan nan -inf nan nan -48.889006 -73.066656 -45.689426 -14.431130 -15.402125 -14.102990
48.800000 -12.031574 -inf nan nan -inf nan nan -inf nan nan -61.711282 nan -54.552240 -15.222671 -16.437015 -14.697892
48.840000 -12.143089 -inf nan nan -inf nan nan -inf nan nan -61.933131 nan -54.774089 -15.430859 -16.650818 -14.895830
48.880000 -12.293517 -inf nan nan -inf nan nan -inf nan nan -62.410252 nan -55.251210 -15.845461 -17.089816 -15.270837
48.920000 -12.448739 -inf nan nan -inf nan nan -inf nan nan -inf nan -135.792296 -16.637053 -18.265549 -16.041350
48.960000 -12.583925 -inf nan nan -inf nan nan -inf nan nan -inf nan -136.093326 -16.928785 -18.563407 -16.327415
49.000000 -12.781265 -inf nan nan -inf nan nan -inf nan nan -inf nan nan -18.301811 -20.429223 -17.590763
49.040000 -12.902368 -inf nan nan -inf nan nan -inf nan nan -inf nan nan -18.521865 -20.650700 -17.808766
49.080000 -13.070887 -inf nan nan -inf nan nan -inf nan nan -inf nan nan -18.990122 -21.125965 -18.267177
49.120000 -13.246627 -inf nan nan -inf nan nan -inf nan nan -inf nan nan -20.605151 -23.530075 -19.617622
49.160000 -13.393561 -inf nan nan -inf nan nan -inf nan nan -inf nan nan -20.904297 -23.830458 -19.917840
49.200000 -13.617295 -inf nan nan -inf nan nan -inf nan nan -inf nan nan -22.966917 -26.895725 -22.030523
49.240000 -13.748399 -inf nan nan -inf nan nan -inf nan nan -inf nan nan -23.188722 -27.117509 -22.252231
49.280000 -13.937091 -inf nan nan -inf nan nan -inf nan nan -inf nan nan -23.665624 -27.594310 -22.728648
49.320000 -14.140432 -inf nan nan -inf nan nan -inf nan nan -inf nan nan -26.882720 -31.681033 -25.302374
49.360000 -14.311236 -inf nan nan -inf nan nan -inf nan nan -inf nan nan -27.183669 -31.982062 -25.603375
49.400000 -14.596781 -inf nan nan -inf nan nan -inf nan nan -inf nan nan -30.613304 -36.971753 -29.033600
49.440000 -14.754066 -inf nan nan -inf nan nan -inf nan nan -inf nan nan -30.835151 -37.193602 -29.255445
49.480000 -15.003119 -inf nan nan -inf nan nan -inf nan nan -inf nan nan -31.312265 -37.670723 -29.732549
49.520000 -15.293488 -inf nan nan -inf nan nan -inf nan nan -inf nan nan -36.022809 -44.607868 -34.106033
49.560000 -15.509403 -inf nan nan -inf nan nan -inf nan nan -inf nan nan -36.323839 -44.908898 -34.407063
49.600000 -15.958016 -inf nan nan -inf nan nan -inf nan nan -inf nan nan -42.740309 -53.241829 -40.548855
