#z: 10.0
#M_1450 UVLF[Mpc^-3 mag^-1]
-25.000000 -12.036438 -12.036438 -12.036438 -12.036438
-24.900000 -11.787329 -11.787329 -11.787329 -11.787329
-24.799999 -11.549013 -11.549013 -11.549013 -11.549013
-24.700001 -11.315890 -11.315890 -11.315890 -11.315890
-24.600000 -11.089285 -11.089285 -11.089285 -11.089285
-24.500000 -10.868713 -10.868713 -10.868713 -10.868713
-24.400000 -10.653823 -10.653823 -10.653823 -10.653823
-24.299999 -10.444178 -10.444178 -10.444178 -10.444178
-24.200001 -10.239484 -10.239484 -10.239484 -10.239484
-24.100000 -10.039492 -10.039492 -10.039492 -10.039492
-24.000000 -9.845086 -9.845086 -9.845086 -9.845086
-23.900000 -9.653967 -9.653967 -9.653967 -9.653967
-23.799999 -9.467348 -9.467348 -9.467348 -9.467348
-23.700001 -9.284139 -9.284139 -9.284139 -9.284139
-23.600000 -9.104668 -9.104668 -9.104668 -9.104668
-23.500000 -8.928800 -8.928800 -8.928800 -8.928800
-23.400000 -8.756414 -8.756414 -8.756414 -8.756414
-23.299999 -8.587916 -8.587916 -8.587916 -8.587916
-23.200001 -8.422318 -8.422318 -8.422318 -8.422318
-23.100000 -8.259797 -8.259797 -8.259797 -8.259797
-23.000000 -8.100411 -8.100411 -8.100411 -8.100411
-22.900000 -7.944084 -7.944084 -7.944084 -7.944084
-22.799999 -7.791080 -7.791080 -7.791080 -7.791080
-22.700001 -7.640837 -7.640837 -7.640837 -7.640837
-22.600000 -7.493480 -7.493480 -7.493480 -7.493480
-22.500000 -7.348898 -7.348898 -7.348898 -7.348898
-22.400000 -7.207039 -7.207039 -7.207039 -7.207039
-22.299999 -7.067750 -7.067750 -7.067750 -7.067750
-22.200001 -6.932462 -6.932462 -6.932462 -6.932462
-22.100000 -6.800644 -6.800644 -6.800644 -6.800644
-22.000000 -6.669564 -6.669564 -6.669564 -6.669564
-21.900000 -6.540488 -6.540488 -6.540488 -6.540488
-21.799999 -6.413728 -6.413728 -6.413728 -6.413728
-21.700001 -6.289057 -6.289057 -6.289057 -6.289057
-21.600000 -6.177578 -6.177578 -6.177578 -6.177578
-21.500000 -6.058123 -6.058123 -6.058123 -6.058123
-21.400000 -5.940557 -5.940557 -5.940557 -5.940557
-21.299999 -5.827075 -5.827075 -5.827075 -5.827075
-21.200001 -5.715230 -5.715230 -5.715230 -5.715230
-21.100000 -5.605593 -5.605593 -5.605593 -5.605593
-21.000000 -5.499299 -5.499299 -5.499299 -5.499299
-20.900000 -5.400236 -5.400236 -5.400236 -5.400236
-20.799999 -5.303154 -5.303154 -5.303154 -5.303154
-20.700001 -5.218398 -5.218398 -5.218398 -5.218398
-20.600000 -5.125067 -5.125067 -5.125067 -5.125067
-20.500000 -5.034606 -5.034606 -5.034606 -5.034606
-20.400000 -4.949029 -4.949029 -4.949029 -4.949029
-20.299999 -4.864198 -4.864198 -4.864198 -4.864198
-20.200001 -4.789974 -4.789974 -4.789974 -4.789974
-20.100000 -4.712912 -4.712912 -4.712912 -4.712912
-20.000000 -4.636614 -4.636614 -4.636614 -4.636614
-19.900000 -4.563161 -4.563161 -4.563161 -4.563161
-19.799999 -4.489568 -4.489568 -4.489568 -4.489568
-19.700001 -4.416668 -4.416668 -4.416668 -4.416668
-19.600000 -4.345074 -4.345074 -4.345074 -4.345074
-19.500000 -4.274777 -4.274777 -4.274777 -4.274777
-19.400000 -4.213846 -4.213846 -4.213846 -4.213846
-19.299999 -4.146339 -4.146339 -4.146339 -4.146339
-19.200001 -4.080218 -4.080218 -4.080218 -4.080218
-19.100000 -4.014779 -4.014779 -4.014779 -4.014779
-19.000000 -3.952254 -3.952254 -3.952254 -3.952254
-18.900000 -3.888701 -3.888701 -3.888701 -3.888701
-18.799999 -3.826030 -3.826030 -3.826030 -3.826030
-18.700001 -3.766788 -3.766788 -3.766788 -3.766788
-18.600000 -3.706958 -3.706958 -3.706958 -3.706958
-18.500000 -3.647346 -3.647346 -3.647346 -3.647346
-18.400000 -3.587337 -3.587337 -3.587337 -3.587337
-18.299999 -3.529664 -3.529664 -3.529664 -3.529664
-18.200001 -3.472306 -3.472306 -3.472306 -3.472306
-18.100000 -3.414278 -3.414278 -3.414278 -3.414278
-18.000000 -3.357845 -3.357845 -3.357845 -3.357845
-17.900000 -3.301449 -3.301449 -3.301449 -3.301449
-17.799999 -3.246326 -3.246326 -3.246326 -3.246326
-17.700001 -3.191387 -3.191387 -3.191387 -3.191387
-17.600000 -3.136526 -3.136526 -3.136526 -3.136526
-17.500000 -3.081711 -3.081711 -3.081711 -3.081711
-17.400000 -3.028523 -3.028523 -3.028523 -3.028523
-17.299999 -2.975051 -2.975051 -2.975051 -2.975051
-17.200001 -2.922241 -2.922241 -2.922241 -2.922241
-17.100000 -2.869074 -2.869074 -2.869074 -2.869074
-17.000000 -2.817082 -2.817082 -2.817082 -2.817082
-16.900000 -2.765533 -2.765533 -2.765533 -2.765533
-16.799999 -2.714401 -2.714401 -2.714401 -2.714401
-16.700001 -2.663160 -2.663160 -2.663160 -2.663160
-16.600000 -2.612941 -2.612941 -2.612941 -2.612941
-16.500000 -2.561810 -2.561810 -2.561810 -2.561810
-16.400000 -2.512207 -2.512207 -2.512207 -2.512207
-16.299999 -2.462762 -2.462762 -2.462762 -2.462762
-16.200001 -2.414115 -2.414115 -2.414115 -2.414115
-16.100000 -2.365762 -2.365762 -2.365762 -2.365762
-16.000000 -2.316260 -2.316260 -2.316260 -2.316260
-15.900000 -2.268303 -2.268303 -2.268303 -2.268303
-15.800000 -2.221360 -2.221360 -2.221360 -2.221360
-15.700000 -2.174761 -2.174761 -2.174761 -2.174761
-15.600000 -2.128860 -2.128860 -2.128860 -2.128860
-15.500000 -2.081602 -2.081602 -2.081602 -2.081602
-15.400000 -2.036309 -2.036309 -2.036309 -2.036309
-15.300000 -1.991329 -1.991329 -1.991329 -1.991329
-15.200000 -1.946224 -1.946224 -1.946224 -1.946224
-15.100000 -1.902116 -1.902116 -1.902116 -1.902116
