-25.000000 -13.421547 -13.421547 -13.421547 -13.421547
-24.900000 -12.976866 -12.976866 -12.976866 -12.976866
-24.799999 -12.554916 -12.554916 -12.554916 -12.554916
-24.700001 -12.154921 -12.154921 -12.154921 -12.154921
-24.600000 -11.777668 -11.777668 -11.777668 -11.777668
-24.500000 -11.419492 -11.419492 -11.419492 -11.419492
-24.400000 -11.080557 -11.080557 -11.080557 -11.080557
-24.299999 -10.759725 -10.759725 -10.759725 -10.759725
-24.200001 -10.476396 -10.476396 -10.476396 -10.476396
-24.100000 -10.187373 -10.187373 -10.187373 -10.187373
-24.000000 -9.912455 -9.912455 -9.912455 -9.912455
-23.900000 -9.660724 -9.660724 -9.660724 -9.660724
-23.799999 -9.405822 -9.405822 -9.405822 -9.405822
-23.700001 -9.162299 -9.162299 -9.162299 -9.162299
-23.600000 -8.927687 -8.927687 -8.927687 -8.927687
-23.500000 -8.701717 -8.701717 -8.701717 -8.701717
-23.400000 -8.483677 -8.483677 -8.483677 -8.483677
-23.299999 -8.272463 -8.272463 -8.272463 -8.272463
-23.200001 -8.067619 -8.067619 -8.067619 -8.067619
-23.100000 -7.868116 -7.868116 -7.868116 -7.868116
-23.000000 -7.674815 -7.674815 -7.674815 -7.674815
-22.900000 -7.483999 -7.483999 -7.483999 -7.483999
-22.799999 -7.296778 -7.296778 -7.296778 -7.296778
-22.700001 -7.114684 -7.114684 -7.114684 -7.114684
-22.600000 -6.936708 -6.936708 -6.936708 -6.936708
-22.500000 -6.760804 -6.760804 -6.760804 -6.760804
-22.400000 -6.588018 -6.588018 -6.588018 -6.588018
-22.299999 -6.417234 -6.417234 -6.417234 -6.417234
-22.200001 -6.250082 -6.250082 -6.250082 -6.250082
-22.100000 -6.087552 -6.087552 -6.087552 -6.087552
-22.000000 -5.933169 -5.933169 -5.933169 -5.933169
-21.900000 -5.784303 -5.784303 -5.784303 -5.784303
-21.799999 -5.642504 -5.642504 -5.642504 -5.642504
-21.700001 -5.507811 -5.507811 -5.507811 -5.507811
-21.600000 -5.395408 -5.395408 -5.395408 -5.395408
-21.500000 -5.276293 -5.276293 -5.276293 -5.276293
-21.400000 -5.175215 -5.175215 -5.175215 -5.175215
-21.299999 -5.066437 -5.066437 -5.066437 -5.066437
-21.200001 -4.973844 -4.973844 -4.973844 -4.973844
-21.100000 -4.882017 -4.882017 -4.882017 -4.882017
-21.000000 -4.787330 -4.787330 -4.787330 -4.787330
-20.900000 -4.695959 -4.695959 -4.695959 -4.695959
-20.799999 -4.607113 -4.607113 -4.607113 -4.607113
-20.700001 -4.526770 -4.526770 -4.526770 -4.526770
-20.600000 -4.444826 -4.444826 -4.444826 -4.444826
-20.500000 -4.370615 -4.370615 -4.370615 -4.370615
-20.400000 -4.292769 -4.292769 -4.292769 -4.292769
-20.299999 -4.216900 -4.216900 -4.216900 -4.216900
-20.200001 -4.142580 -4.142580 -4.142580 -4.142580
-20.100000 -4.069882 -4.069882 -4.069882 -4.069882
-20.000000 -3.999508 -3.999508 -3.999508 -3.999508
-19.900000 -3.933624 -3.933624 -3.933624 -3.933624
-19.799999 -3.869614 -3.869614 -3.869614 -3.869614
-19.700001 -3.803478 -3.803478 -3.803478 -3.803478
-19.600000 -3.738617 -3.738617 -3.738617 -3.738617
-19.500000 -3.677220 -3.677220 -3.677220 -3.677220
-19.400000 -3.614861 -3.614861 -3.614861 -3.614861
-19.299999 -3.552660 -3.552660 -3.552660 -3.552660
-19.200001 -3.491438 -3.491438 -3.491438 -3.491438
-19.100000 -3.433290 -3.433290 -3.433290 -3.433290
-19.000000 -3.377069 -3.377069 -3.377069 -3.377069
-18.900000 -3.319462 -3.319462 -3.319462 -3.319462
-18.799999 -3.261583 -3.261583 -3.261583 -3.261583
-18.700001 -3.204430 -3.204430 -3.204430 -3.204430
-18.600000 -3.148668 -3.148668 -3.148668 -3.148668
-18.500000 -3.092897 -3.092897 -3.092897 -3.092897
-18.400000 -3.037902 -3.037902 -3.037902 -3.037902
-18.299999 -2.985107 -2.985107 -2.985107 -2.985107
-18.200001 -2.931126 -2.931126 -2.931126 -2.931126
-18.100000 -2.877557 -2.877557 -2.877557 -2.877557
-18.000000 -2.825197 -2.825197 -2.825197 -2.825197
-17.900000 -2.772666 -2.772666 -2.772666 -2.772666
-17.799999 -2.720056 -2.720056 -2.720056 -2.720056
-17.700001 -2.668411 -2.668411 -2.668411 -2.668411
-17.600000 -2.617454 -2.617454 -2.617454 -2.617454
-17.500000 -2.566852 -2.566852 -2.566852 -2.566852
-17.400000 -2.516162 -2.516162 -2.516162 -2.516162
-17.299999 -2.465781 -2.465781 -2.465781 -2.465781
-17.200001 -2.416150 -2.416150 -2.416150 -2.416150
-17.100000 -2.366971 -2.366971 -2.366971 -2.366971
-17.000000 -2.318026 -2.318026 -2.318026 -2.318026
-16.900000 -2.269150 -2.269150 -2.269150 -2.269150
-16.799999 -2.220069 -2.220069 -2.220069 -2.220069
-16.700001 -2.172210 -2.172210 -2.172210 -2.172210
-16.600000 -2.124577 -2.124577 -2.124577 -2.124577
-16.500000 -2.077253 -2.077253 -2.077253 -2.077253
-16.400000 -2.030517 -2.030517 -2.030517 -2.030517
-16.299999 -1.983123 -1.983123 -1.983123 -1.983123
-16.200001 -1.936297 -1.936297 -1.936297 -1.936297
-16.100000 -1.890028 -1.890028 -1.890028 -1.890028
-16.000000 -1.844766 -1.844766 -1.844766 -1.844766
-15.900000 -1.799779 -1.799779 -1.799779 -1.799779
-15.800000 -1.753591 -1.753591 -1.753591 -1.753591
-15.700000 -1.709031 -1.709031 -1.709031 -1.709031
-15.600000 -1.664987 -1.664987 -1.664987 -1.664987
-15.500000 -1.621038 -1.621038 -1.621038 -1.621038
-15.400000 -1.577099 -1.577099 -1.577099 -1.577099
-15.300000 -1.534462 -1.534462 -1.534462 -1.534462
-15.200000 -1.491600 -1.491600 -1.491600 -1.491600
-15.100000 -1.448951 -1.448951 -1.448951 -1.448951
