-25.000000 -10.774241 -10.774241 -10.774241 -10.774241
-24.900000 -10.626564 -10.626564 -10.626564 -10.626564
-24.799999 -10.481508 -10.481508 -10.481508 -10.481508
-24.700001 -10.338923 -10.338923 -10.338923 -10.338923
-24.600000 -10.198669 -10.198669 -10.198669 -10.198669
-24.500000 -10.060582 -10.060582 -10.060582 -10.060582
-24.400000 -9.924586 -9.924586 -9.924586 -9.924586
-24.299999 -9.790591 -9.790591 -9.790591 -9.790591
-24.200001 -9.659722 -9.659722 -9.659722 -9.659722
-24.100000 -9.530034 -9.530034 -9.530034 -9.530034
-24.000000 -9.401001 -9.401001 -9.401001 -9.401001
-23.900000 -9.274438 -9.274438 -9.274438 -9.274438
-23.799999 -9.149698 -9.149698 -9.149698 -9.149698
-23.700001 -9.026457 -9.026457 -9.026457 -9.026457
-23.600000 -8.904776 -8.904776 -8.904776 -8.904776
-23.500000 -8.784714 -8.784714 -8.784714 -8.784714
-23.400000 -8.666257 -8.666257 -8.666257 -8.666257
-23.299999 -8.549354 -8.549354 -8.549354 -8.549354
-23.200001 -8.433990 -8.433990 -8.433990 -8.433990
-23.100000 -8.320187 -8.320187 -8.320187 -8.320187
-23.000000 -8.207820 -8.207820 -8.207820 -8.207820
-22.900000 -8.096902 -8.096902 -8.096902 -8.096902
-22.799999 -7.987504 -7.987504 -7.987504 -7.987504
-22.700001 -7.879461 -7.879461 -7.879461 -7.879461
-22.600000 -7.772801 -7.772801 -7.772801 -7.772801
-22.500000 -7.667496 -7.667496 -7.667496 -7.667496
-22.400000 -7.563549 -7.563549 -7.563549 -7.563549
-22.299999 -7.460927 -7.460927 -7.460927 -7.460927
-22.200001 -7.360315 -7.360315 -7.360315 -7.360315
-22.100000 -7.260438 -7.260438 -7.260438 -7.260438
-22.000000 -7.161835 -7.161835 -7.161835 -7.161835
-21.900000 -7.064496 -7.064496 -7.064496 -7.064496
-21.799999 -6.968404 -6.968404 -6.968404 -6.968404
-21.700001 -6.875358 -6.875358 -6.875358 -6.875358
-21.600000 -6.782309 -6.782309 -6.782309 -6.782309
-21.500000 -6.690445 -6.690445 -6.690445 -6.690445
-21.400000 -6.599440 -6.599440 -6.599440 -6.599440
-21.299999 -6.511394 -6.511394 -6.511394 -6.511394
-21.200001 -6.422867 -6.422867 -6.422867 -6.422867
-21.100000 -6.336154 -6.336154 -6.336154 -6.336154
-21.000000 -6.250571 -6.250571 -6.250571 -6.250571
-20.900000 -6.167363 -6.167363 -6.167363 -6.167363
-20.799999 -6.086136 -6.086136 -6.086136 -6.086136
-20.700001 -6.002236 -6.002236 -6.002236 -6.002236
-20.600000 -5.919150 -5.919150 -5.919150 -5.919150
-20.500000 -5.836872 -5.836872 -5.836872 -5.836872
-20.400000 -5.755429 -5.755429 -5.755429 -5.755429
-20.299999 -5.679914 -5.679914 -5.679914 -5.679914
-20.200001 -5.603901 -5.603901 -5.603901 -5.603901
-20.100000 -5.525758 -5.525758 -5.525758 -5.525758
-20.000000 -5.447668 -5.447668 -5.447668 -5.447668
-19.900000 -5.372389 -5.372389 -5.372389 -5.372389
-19.799999 -5.296624 -5.296624 -5.296624 -5.296624
-19.700001 -5.223423 -5.223423 -5.223423 -5.223423
-19.600000 -5.150488 -5.150488 -5.150488 -5.150488
-19.500000 -5.079987 -5.079987 -5.079987 -5.079987
-19.400000 -5.013381 -5.013381 -5.013381 -5.013381
-19.299999 -4.943979 -4.943979 -4.943979 -4.943979
-19.200001 -4.875139 -4.875139 -4.875139 -4.875139
-19.100000 -4.809277 -4.809277 -4.809277 -4.809277
-19.000000 -4.745466 -4.745466 -4.745466 -4.745466
-18.900000 -4.680802 -4.680802 -4.680802 -4.680802
-18.799999 -4.616856 -4.616856 -4.616856 -4.616856
-18.700001 -4.554723 -4.554723 -4.554723 -4.554723
-18.600000 -4.492754 -4.492754 -4.492754 -4.492754
-18.500000 -4.432563 -4.432563 -4.432563 -4.432563
-18.400000 -4.371840 -4.371840 -4.371840 -4.371840
-18.299999 -4.311432 -4.311432 -4.311432 -4.311432
-18.200001 -4.252404 -4.252404 -4.252404 -4.252404
-18.100000 -4.194392 -4.194392 -4.194392 -4.194392
-18.000000 -4.135936 -4.135936 -4.135936 -4.135936
-17.900000 -4.078413 -4.078413 -4.078413 -4.078413
-17.799999 -4.021630 -4.021630 -4.021630 -4.021630
-17.700001 -3.965355 -3.965355 -3.965355 -3.965355
-17.600000 -3.909741 -3.909741 -3.909741 -3.909741
-17.500000 -3.854447 -3.854447 -3.854447 -3.854447
-17.400000 -3.799619 -3.799619 -3.799619 -3.799619
-17.299999 -3.745115 -3.745115 -3.745115 -3.745115
-17.200001 -3.691676 -3.691676 -3.691676 -3.691676
-17.100000 -3.638844 -3.638844 -3.638844 -3.638844
-17.000000 -3.586399 -3.586399 -3.586399 -3.586399
-16.900000 -3.534551 -3.534551 -3.534551 -3.534551
-16.799999 -3.482766 -3.482766 -3.482766 -3.482766
-16.700001 -3.431657 -3.431657 -3.431657 -3.431657
-16.600000 -3.381504 -3.381504 -3.381504 -3.381504
-16.500000 -3.332214 -3.332214 -3.332214 -3.332214
-16.400000 -3.283104 -3.283104 -3.283104 -3.283104
-16.299999 -3.234877 -3.234877 -3.234877 -3.234877
-16.200001 -3.185728 -3.185728 -3.185728 -3.185728
-16.100000 -3.138114 -3.138114 -3.138114 -3.138114
-16.000000 -3.088862 -3.088862 -3.088862 -3.088862
-15.900000 -3.044006 -3.044006 -3.044006 -3.044006
-15.800000 -2.998983 -2.998983 -2.998983 -2.998983
-15.700000 -2.953892 -2.953892 -2.953892 -2.953892
-15.600000 -2.909210 -2.909210 -2.909210 -2.909210
-15.500000 -2.864949 -2.864949 -2.864949 -2.864949
-15.400000 -2.820482 -2.820482 -2.820482 -2.820482
-15.300000 -2.777061 -2.777061 -2.777061 -2.777061
-15.200000 -2.734449 -2.734449 -2.734449 -2.734449
-15.100000 -2.691803 -2.691803 -2.691803 -2.691803
