#z: 12.0
#M_1450 UVLF[Mpc^-3 mag^-1]
-25.000000 -11.795236 -11.795236 -11.795236 -11.795236
-24.900000 -11.636970 -11.636970 -11.636970 -11.636970
-24.799999 -11.481536 -11.481536 -11.481536 -11.481536
-24.700001 -11.326512 -11.326512 -11.326512 -11.326512
-24.600000 -11.176969 -11.176969 -11.176969 -11.176969
-24.500000 -11.027996 -11.027996 -11.027996 -11.027996
-24.400000 -10.881183 -10.881183 -10.881183 -10.881183
-24.299999 -10.736401 -10.736401 -10.736401 -10.736401
-24.200001 -10.593630 -10.593630 -10.593630 -10.593630
-24.100000 -10.452824 -10.452824 -10.452824 -10.452824
-24.000000 -10.313945 -10.313945 -10.313945 -10.313945
-23.900000 -10.177141 -10.177141 -10.177141 -10.177141
-23.799999 -10.041995 -10.041995 -10.041995 -10.041995
-23.700001 -9.908687 -9.908687 -9.908687 -9.908687
-23.600000 -9.777182 -9.777182 -9.777182 -9.777182
-23.500000 -9.647408 -9.647408 -9.647408 -9.647408
-23.400000 -9.519400 -9.519400 -9.519400 -9.519400
-23.299999 -9.393066 -9.393066 -9.393066 -9.393066
-23.200001 -9.268388 -9.268388 -9.268388 -9.268388
-23.100000 -9.145368 -9.145368 -9.145368 -9.145368
-23.000000 -9.023961 -9.023961 -9.023961 -9.023961
-22.900000 -8.904152 -8.904152 -8.904152 -8.904152
-22.799999 -8.785931 -8.785931 -8.785931 -8.785931
-22.700001 -8.669228 -8.669228 -8.669228 -8.669228
-22.600000 -8.554047 -8.554047 -8.554047 -8.554047
-22.500000 -8.440356 -8.440356 -8.440356 -8.440356
-22.400000 -8.328135 -8.328135 -8.328135 -8.328135
-22.299999 -8.217364 -8.217364 -8.217364 -8.217364
-22.200001 -8.108130 -8.108130 -8.108130 -8.108130
-22.100000 -8.000208 -8.000208 -8.000208 -8.000208
-22.000000 -7.893662 -7.893662 -7.893662 -7.893662
-21.900000 -7.788479 -7.788479 -7.788479 -7.788479
-21.799999 -7.684632 -7.684632 -7.684632 -7.684632
-21.700001 -7.582114 -7.582114 -7.582114 -7.582114
-21.600000 -7.480894 -7.480894 -7.480894 -7.480894
-21.500000 -7.382531 -7.382531 -7.382531 -7.382531
-21.400000 -7.284196 -7.284196 -7.284196 -7.284196
-21.299999 -7.187141 -7.187141 -7.187141 -7.187141
-21.200001 -7.091371 -7.091371 -7.091371 -7.091371
-21.100000 -6.996857 -6.996857 -6.996857 -6.996857
-21.000000 -6.903542 -6.903542 -6.903542 -6.903542
-20.900000 -6.812033 -6.812033 -6.812033 -6.812033
-20.799999 -6.727174 -6.727174 -6.727174 -6.727174
-20.700001 -6.638513 -6.638513 -6.638513 -6.638513
-20.600000 -6.551063 -6.551063 -6.551063 -6.551063
-20.500000 -6.464809 -6.464809 -6.464809 -6.464809
-20.400000 -6.379716 -6.379716 -6.379716 -6.379716
-20.299999 -6.295859 -6.295859 -6.295859 -6.295859
-20.200001 -6.212680 -6.212680 -6.212680 -6.212680
-20.100000 -6.142198 -6.142198 -6.142198 -6.142198
-20.000000 -6.061669 -6.061669 -6.061669 -6.061669
-19.900000 -5.982045 -5.982045 -5.982045 -5.982045
-19.799999 -5.902784 -5.902784 -5.902784 -5.902784
-19.700001 -5.826259 -5.826259 -5.826259 -5.826259
-19.600000 -5.749797 -5.749797 -5.749797 -5.749797
-19.500000 -5.681811 -5.681811 -5.681811 -5.681811
-19.400000 -5.605911 -5.605911 -5.605911 -5.605911
-19.299999 -5.529388 -5.529388 -5.529388 -5.529388
-19.200001 -5.455245 -5.455245 -5.455245 -5.455245
-19.100000 -5.388107 -5.388107 -5.388107 -5.388107
-19.000000 -5.317411 -5.317411 -5.317411 -5.317411
-18.900000 -5.248473 -5.248473 -5.248473 -5.248473
-18.799999 -5.178165 -5.178165 -5.178165 -5.178165
-18.700001 -5.110347 -5.110347 -5.110347 -5.110347
-18.600000 -5.047409 -5.047409 -5.047409 -5.047409
-18.500000 -4.980501 -4.980501 -4.980501 -4.980501
-18.400000 -4.914583 -4.914583 -4.914583 -4.914583
-18.299999 -4.851727 -4.851727 -4.851727 -4.851727
-18.200001 -4.790200 -4.790200 -4.790200 -4.790200
-18.100000 -4.728233 -4.728233 -4.728233 -4.728233
-18.000000 -4.666820 -4.666820 -4.666820 -4.666820
-17.900000 -4.607215 -4.607215 -4.607215 -4.607215
-17.799999 -4.547643 -4.547643 -4.547643 -4.547643
-17.700001 -4.487937 -4.487937 -4.487937 -4.487937
-17.600000 -4.430534 -4.430534 -4.430534 -4.430534
-17.500000 -4.372343 -4.372343 -4.372343 -4.372343
-17.400000 -4.315231 -4.315231 -4.315231 -4.315231
-17.299999 -4.258585 -4.258585 -4.258585 -4.258585
-17.200001 -4.201879 -4.201879 -4.201879 -4.201879
-17.100000 -4.145749 -4.145749 -4.145749 -4.145749
-17.000000 -4.090618 -4.090618 -4.090618 -4.090618
-16.900000 -4.035630 -4.035630 -4.035630 -4.035630
-16.799999 -3.981064 -3.981064 -3.981064 -3.981064
-16.700001 -3.926977 -3.926977 -3.926977 -3.926977
-16.600000 -3.873469 -3.873469 -3.873469 -3.873469
-16.500000 -3.820567 -3.820567 -3.820567 -3.820567
-16.400000 -3.767519 -3.767519 -3.767519 -3.767519
-16.299999 -3.715269 -3.715269 -3.715269 -3.715269
-16.200001 -3.663487 -3.663487 -3.663487 -3.663487
-16.100000 -3.612504 -3.612504 -3.612504 -3.612504
-16.000000 -3.561861 -3.561861 -3.561861 -3.561861
-15.900000 -3.511770 -3.511770 -3.511770 -3.511770
-15.800000 -3.460787 -3.460787 -3.460787 -3.460787
-15.700000 -3.411425 -3.411425 -3.411425 -3.411425
-15.600000 -3.362811 -3.362811 -3.362811 -3.362811
-15.500000 -3.314867 -3.314867 -3.314867 -3.314867
-15.400000 -3.267276 -3.267276 -3.267276 -3.267276
-15.300000 -3.219329 -3.219329 -3.219329 -3.219329
-15.200000 -3.172015 -3.172015 -3.172015 -3.172015
-15.100000 -3.125694 -3.125694 -3.125694 -3.125694
