#z: 9.0
#M_1450 UVLF[Mpc^-3 mag^-1]
-25.000000 -13.450068 -13.450068 -13.450068 -13.450068
-24.900000 -13.036830 -13.036830 -13.036830 -13.036830
-24.799999 -12.649613 -12.649613 -12.649613 -12.649613
-24.700001 -12.256555 -12.256555 -12.256555 -12.256555
-24.600000 -11.899221 -11.899221 -11.899221 -11.899221
-24.500000 -11.558995 -11.558995 -11.558995 -11.558995
-24.400000 -11.234311 -11.234311 -11.234311 -11.234311
-24.299999 -10.924397 -10.924397 -10.924397 -10.924397
-24.200001 -10.628181 -10.628181 -10.628181 -10.628181
-24.100000 -10.344562 -10.344562 -10.344562 -10.344562
-24.000000 -10.081438 -10.081438 -10.081438 -10.081438
-23.900000 -9.819762 -9.819762 -9.819762 -9.819762
-23.799999 -9.567379 -9.567379 -9.567379 -9.567379
-23.700001 -9.323536 -9.323536 -9.323536 -9.323536
-23.600000 -9.091148 -9.091148 -9.091148 -9.091148
-23.500000 -8.861924 -8.861924 -8.861924 -8.861924
-23.400000 -8.639411 -8.639411 -8.639411 -8.639411
-23.299999 -8.423174 -8.423174 -8.423174 -8.423174
-23.200001 -8.212953 -8.212953 -8.212953 -8.212953
-23.100000 -8.008376 -8.008376 -8.008376 -8.008376
-23.000000 -7.809794 -7.809794 -7.809794 -7.809794
-22.900000 -7.614905 -7.614905 -7.614905 -7.614905
-22.799999 -7.425313 -7.425313 -7.425313 -7.425313
-22.700001 -7.237952 -7.237952 -7.237952 -7.237952
-22.600000 -7.057109 -7.057109 -7.057109 -7.057109
-22.500000 -6.876433 -6.876433 -6.876433 -6.876433
-22.400000 -6.698325 -6.698325 -6.698325 -6.698325
-22.299999 -6.524062 -6.524062 -6.524062 -6.524062
-22.200001 -6.356503 -6.356503 -6.356503 -6.356503
-22.100000 -6.192857 -6.192857 -6.192857 -6.192857
-22.000000 -6.041583 -6.041583 -6.041583 -6.041583
-21.900000 -5.896493 -5.896493 -5.896493 -5.896493
-21.799999 -5.750561 -5.750561 -5.750561 -5.750561
-21.700001 -5.610469 -5.610469 -5.610469 -5.610469
-21.600000 -5.476468 -5.476468 -5.476468 -5.476468
-21.500000 -5.355077 -5.355077 -5.355077 -5.355077
-21.400000 -5.240543 -5.240543 -5.240543 -5.240543
-21.299999 -5.127878 -5.127878 -5.127878 -5.127878
-21.200001 -5.020305 -5.020305 -5.020305 -5.020305
-21.100000 -4.917396 -4.917396 -4.917396 -4.917396
-21.000000 -4.818771 -4.818771 -4.818771 -4.818771
-20.900000 -4.727282 -4.727282 -4.727282 -4.727282
-20.799999 -4.639113 -4.639113 -4.639113 -4.639113
-20.700001 -4.555255 -4.555255 -4.555255 -4.555255
-20.600000 -4.472012 -4.472012 -4.472012 -4.472012
-20.500000 -4.396419 -4.396419 -4.396419 -4.396419
-20.400000 -4.320342 -4.320342 -4.320342 -4.320342
-20.299999 -4.241416 -4.241416 -4.241416 -4.241416
-20.200001 -4.164425 -4.164425 -4.164425 -4.164425
-20.100000 -4.091520 -4.091520 -4.091520 -4.091520
-20.000000 -4.026368 -4.026368 -4.026368 -4.026368
-19.900000 -3.958979 -3.958979 -3.958979 -3.958979
-19.799999 -3.889227 -3.889227 -3.889227 -3.889227
-19.700001 -3.820836 -3.820836 -3.820836 -3.820836
-19.600000 -3.754887 -3.754887 -3.754887 -3.754887
-19.500000 -3.689138 -3.689138 -3.689138 -3.689138
-19.400000 -3.628215 -3.628215 -3.628215 -3.628215
-19.299999 -3.567884 -3.567884 -3.567884 -3.567884
-19.200001 -3.505846 -3.505846 -3.505846 -3.505846
-19.100000 -3.445496 -3.445496 -3.445496 -3.445496
-19.000000 -3.385801 -3.385801 -3.385801 -3.385801
-18.900000 -3.326271 -3.326271 -3.326271 -3.326271
-18.799999 -3.267619 -3.267619 -3.267619 -3.267619
-18.700001 -3.210217 -3.210217 -3.210217 -3.210217
-18.600000 -3.155578 -3.155578 -3.155578 -3.155578
-18.500000 -3.099033 -3.099033 -3.099033 -3.099033
-18.400000 -3.043193 -3.043193 -3.043193 -3.043193
-18.299999 -2.987971 -2.987971 -2.987971 -2.987971
-18.200001 -2.933864 -2.933864 -2.933864 -2.933864
-18.100000 -2.879579 -2.879579 -2.879579 -2.879579
-18.000000 -2.825714 -2.825714 -2.825714 -2.825714
-17.900000 -2.772671 -2.772671 -2.772671 -2.772671
-17.799999 -2.720482 -2.720482 -2.720482 -2.720482
-17.700001 -2.668549 -2.668549 -2.668549 -2.668549
-17.600000 -2.615871 -2.615871 -2.615871 -2.615871
-17.500000 -2.564189 -2.564189 -2.564189 -2.564189
-17.400000 -2.513450 -2.513450 -2.513450 -2.513450
-17.299999 -2.462432 -2.462432 -2.462432 -2.462432
-17.200001 -2.411326 -2.411326 -2.411326 -2.411326
-17.100000 -2.361612 -2.361612 -2.361612 -2.361612
-17.000000 -2.312114 -2.312114 -2.312114 -2.312114
-16.900000 -2.262735 -2.262735 -2.262735 -2.262735
-16.799999 -2.213433 -2.213433 -2.213433 -2.213433
-16.700001 -2.163876 -2.163876 -2.163876 -2.163876
-16.600000 -2.115650 -2.115650 -2.115650 -2.115650
-16.500000 -2.067601 -2.067601 -2.067601 -2.067601
-16.400000 -2.019722 -2.019722 -2.019722 -2.019722
-16.299999 -1.972613 -1.972613 -1.972613 -1.972613
-16.200001 -1.923976 -1.923976 -1.923976 -1.923976
-16.100000 -1.877369 -1.877369 -1.877369 -1.877369
-16.000000 -1.830663 -1.830663 -1.830663 -1.830663
-15.900000 -1.784945 -1.784945 -1.784945 -1.784945
-15.800000 -1.739465 -1.739465 -1.739465 -1.739465
-15.700000 -1.692668 -1.692668 -1.692668 -1.692668
-15.600000 -1.647606 -1.647606 -1.647606 -1.647606
-15.500000 -1.602522 -1.602522 -1.602522 -1.602522
-15.400000 -1.558439 -1.558439 -1.558439 -1.558439
-15.300000 -1.514343 -1.514343 -1.514343 -1.514343
-15.200000 -1.471192 -1.471192 -1.471192 -1.471192
-15.100000 -1.427733 -1.427733 -1.427733 -1.427733
