#z log10(Mstar [Msun]) log10(Mbh [Msun])
0.000000 8.000000 4.158919
0.000000 8.363636 4.725499
0.000000 8.727273 5.284198
0.000000 9.090909 5.832286
0.000000 9.454545 6.366719
0.000000 9.818182 6.884576
0.000000 10.181818 7.383672
0.000000 10.545455 7.863141
0.000000 10.909091 8.323695
0.000000 11.272727 8.767410
0.000000 11.636364 9.197165
0.000000 12.000000 9.616012
6.000000 7.000000 0.675968
6.000000 7.398846 1.526369
6.000000 7.797692 2.371749
6.000000 8.196539 3.209617
6.000000 8.595385 4.036516
6.000000 8.994231 4.847965
6.000000 9.393077 5.638707
6.000000 9.791923 6.403469
6.000000 10.190769 7.138195
6.000000 10.589616 7.841299
6.000000 10.988462 8.514231
6.000000 11.387308 9.160958
7.000000 7.000000 0.222739
7.000000 7.411498 1.153887
7.000000 7.822996 2.079285
7.000000 8.234493 2.995975
7.000000 8.645991 3.899835
7.000000 9.057489 4.785517
7.000000 9.468987 5.646832
7.000000 9.880484 6.477778
7.000000 10.291982 7.274127
7.000000 10.703480 8.034864
7.000000 11.114978 8.762568
8.000000 7.000000 -0.234904
8.000000 7.416988 0.763730
8.000000 7.833975 1.756076
8.000000 8.250963 2.738854
8.000000 8.667950 3.707477
8.000000 9.084938 4.655999
8.000000 9.501925 5.577580
8.000000 9.918913 6.465697
8.000000 10.335900 7.315953
8.000000 10.752888 8.127635
9.000000 7.000000 -0.695636
9.000000 7.418153 0.361407
9.000000 7.836305 1.411767
9.000000 8.254458 2.451948
9.000000 8.672610 3.477055
9.000000 9.090763 4.480749
9.000000 9.508915 5.455743
9.000000 9.927068 6.395115
9.000000 10.345220 7.294245
10.000000 7.000000 -1.158615
10.000000 7.409980 -0.067365
10.000000 7.819960 1.017181
10.000000 8.229941 2.091592
10.000000 8.639921 3.151084
10.000000 9.049901 4.189454
10.000000 9.459881 5.199508
10.000000 9.869861 6.174242
