#Bolometric quasar luminosity functions from TRINITY Paper III (Fig. 2, Zhang+2024, MNRAS, 529, 2777)
#z: 4.0
#log10(Lbol [erg/s]) log10(QLF [Mpc^-3 dex^-1]) log10(QLF_16th [Mpc^-3 dex^-1]) log10(QLF_84th [Mpc^-3 dex^-1])
40.000000 -5.546680 -6.070977 -5.408563
40.040000 -5.534556 -6.053299 -5.393083
40.080000 -5.522761 -6.036312 -5.382489
40.120000 -5.510875 -6.019110 -5.372459
40.160000 -5.498914 -6.001742 -5.362372
40.200000 -5.487274 -5.985042 -5.352515
40.240000 -5.475137 -5.966438 -5.339782
40.280000 -5.463331 -5.948061 -5.328374
40.320000 -5.451368 -5.928870 -5.318249
40.360000 -5.439269 -5.909001 -5.308115
40.400000 -5.427497 -5.890003 -5.296704
40.440000 -5.414987 -5.868945 -5.284365
40.480000 -5.402828 -5.844699 -5.272368
40.520000 -5.390374 -5.821371 -5.259891
40.560000 -5.377662 -5.800870 -5.248070
40.600000 -5.365311 -5.782631 -5.234168
40.640000 -5.351724 -5.758794 -5.219154
40.680000 -5.338549 -5.734915 -5.204641
40.720000 -5.324590 -5.677066 -5.187173
40.760000 -5.309935 -5.622897 -5.172272
40.800000 -5.295758 -5.591569 -5.154343
40.840000 -5.278064 -5.530131 -5.109396
40.880000 -5.261063 -5.501533 -5.065449
40.920000 -5.240611 -5.463382 -5.023974
40.960000 -5.217203 -5.415348 -4.984321
41.000000 -5.194993 -5.361654 -4.962040
41.040000 -5.157302 -5.314799 -4.964827
41.080000 -5.122622 -5.269925 -4.957434
41.120000 -5.092693 -5.243544 -4.939748
41.160000 -5.066752 -5.233225 -4.934710
41.200000 -5.042274 -5.232733 -4.935602
41.240000 -5.036461 -5.227933 -4.934781
41.280000 -5.030725 -5.222572 -4.934093
41.320000 -5.024997 -5.217234 -4.925112
41.360000 -5.019277 -5.213794 -4.918678
41.400000 -5.013631 -5.214629 -4.917385
41.440000 -5.007115 -5.211277 -4.908800
41.480000 -5.000695 -5.209350 -4.900362
41.520000 -4.994520 -5.207136 -4.893206
41.560000 -4.988581 -5.204641 -4.884893
41.600000 -4.982721 -5.196450 -4.883834
41.640000 -4.975975 -5.186071 -4.885973
41.680000 -4.969331 -5.176133 -4.883268
41.720000 -4.961921 -5.169251 -4.876308
41.760000 -4.953785 -5.161628 -4.869067
41.800000 -4.945799 -5.154136 -4.861945
41.840000 -4.936395 -5.145420 -4.853751
41.880000 -4.927190 -5.136877 -4.845964
41.920000 -4.917463 -5.128178 -4.831938
41.960000 -4.907253 -5.115940 -4.825626
42.000000 -4.897277 -5.107165 -4.813851
42.040000 -4.886407 -5.096385 -4.801045
42.080000 -4.875802 -5.085497 -4.787832
42.120000 -4.864655 -5.073181 -4.775736
42.160000 -4.853013 -5.056318 -4.763317
42.200000 -4.841674 -5.039538 -4.750888
42.240000 -4.828832 -5.029535 -4.741334
42.280000 -4.816359 -5.019765 -4.733017
42.320000 -4.803403 -5.007438 -4.724034
42.360000 -4.790018 -4.993273 -4.704476
42.400000 -4.777034 -4.978754 -4.684471
42.440000 -4.762396 -4.962552 -4.665249
42.480000 -4.748236 -4.947301 -4.649248
42.520000 -4.733164 -4.931917 -4.633591
42.560000 -4.717287 -4.916092 -4.613966
42.600000 -4.701970 -4.903992 -4.593670
42.640000 -4.684364 -4.885225 -4.573847
42.680000 -4.667444 -4.865706 -4.558463
42.720000 -4.649878 -4.850318 -4.543073
42.760000 -4.631767 -4.830954 -4.528907
42.800000 -4.614382 -4.811332 -4.515191
42.840000 -4.594948 -4.794995 -4.493198
42.880000 -4.576347 -4.776222 -4.476579
42.920000 -4.556955 -4.755390 -4.460188
42.960000 -4.536906 -4.734827 -4.443938
43.000000 -4.517742 -4.714816 -4.429366
43.040000 -4.496395 -4.687469 -4.406283
43.080000 -4.476049 -4.661394 -4.379114
43.120000 -4.455153 -4.639751 -4.353678
43.160000 -4.433827 -4.614208 -4.328929
43.200000 -4.413499 -4.589850 -4.312919
43.240000 -4.391619 -4.562325 -4.295221
43.280000 -4.370789 -4.540997 -4.276945
43.320000 -4.349886 -4.520322 -4.255312
43.360000 -4.328965 -4.499210 -4.234338
43.400000 -4.309005 -4.478172 -4.214330
43.440000 -4.288477 -4.453044 -4.195153
43.480000 -4.268875 -4.433990 -4.176788
43.520000 -4.249758 -4.410936 -4.159668
43.560000 -4.231100 -4.387409 -4.143678
43.600000 -4.213210 -4.367487 -4.128257
43.640000 -4.196239 -4.345067 -4.115406
43.680000 -4.179906 -4.325747 -4.102945
43.720000 -4.164644 -4.306533 -4.091946
43.760000 -4.150362 -4.286544 -4.082305
43.800000 -4.136536 -4.267439 -4.072427
43.840000 -4.124917 -4.249830 -4.060500
43.880000 -4.113602 -4.233279 -4.048899
43.920000 -4.103584 -4.219675 -4.039362
43.960000 -4.094782 -4.207739 -4.034564
44.000000 -4.086155 -4.196292 -4.029665
44.040000 -4.080492 -4.191526 -4.024671
44.080000 -4.074903 -4.184195 -4.024988
44.120000 -4.071123 -4.176830 -4.026989
44.160000 -4.069108 -4.173121 -4.030934
44.200000 -4.067101 -4.170609 -4.032997
44.240000 -4.068591 -4.171825 -4.036244
44.280000 -4.070086 -4.171455 -4.045510
44.320000 -4.073348 -4.174895 -4.049580
44.360000 -4.078418 -4.176255 -4.055040
44.400000 -4.083548 -4.175920 -4.062148
44.440000 -4.092177 -4.181783 -4.070533
44.480000 -4.100982 -4.190436 -4.079155
44.520000 -4.111481 -4.196853 -4.090622
44.560000 -4.123796 -4.207667 -4.105374
44.600000 -4.136471 -4.217766 -4.119415
44.640000 -4.151917 -4.232636 -4.135498
44.680000 -4.167933 -4.248280 -4.152576
44.720000 -4.185330 -4.266555 -4.169439
44.760000 -4.204256 -4.288580 -4.188878
44.800000 -4.224044 -4.309869 -4.209897
44.840000 -4.245313 -4.331866 -4.231788
44.880000 -4.267677 -4.355039 -4.255073
44.920000 -4.291043 -4.379195 -4.278756
44.960000 -4.315513 -4.404429 -4.300797
45.000000 -4.341444 -4.431238 -4.327868
45.040000 -4.367512 -4.458312 -4.353762
45.080000 -4.395244 -4.487187 -4.379741
45.120000 -4.423579 -4.516402 -4.404894
45.160000 -4.452512 -4.547300 -4.431309
45.200000 -4.483511 -4.580735 -4.460631
45.240000 -4.513265 -4.611816 -4.491832
45.280000 -4.545207 -4.645289 -4.524609
45.320000 -4.577525 -4.678903 -4.556656
45.360000 -4.610110 -4.712403 -4.589121
45.400000 -4.645340 -4.746800 -4.624267
45.440000 -4.678286 -4.778998 -4.658170
45.480000 -4.713937 -4.814348 -4.693659
45.520000 -4.749752 -4.850231 -4.728438
45.560000 -4.785500 -4.886105 -4.764144
45.600000 -4.824456 -4.925081 -4.802344
45.640000 -4.860237 -4.960977 -4.839479
45.680000 -4.899233 -5.001201 -4.878919
45.720000 -4.938384 -5.039607 -4.918679
45.760000 -4.977375 -5.077415 -4.958598
45.800000 -5.020214 -5.119151 -5.002562
45.840000 -5.059185 -5.157447 -5.042752
45.880000 -5.102002 -5.199131 -5.086411
45.920000 -5.145007 -5.240922 -5.130248
45.960000 -5.187778 -5.282408 -5.172134
46.000000 -5.235225 -5.329023 -5.218173
46.040000 -5.277904 -5.371829 -5.260977
46.080000 -5.325239 -5.415463 -5.309596
46.120000 -5.372785 -5.461071 -5.358577
46.160000 -5.419951 -5.506470 -5.407241
46.200000 -5.472870 -5.556717 -5.460826
46.240000 -5.519750 -5.602335 -5.509817
46.280000 -5.572311 -5.653506 -5.562526
46.320000 -5.625033 -5.705121 -5.615081
46.360000 -5.677052 -5.756034 -5.665784
46.400000 -5.736161 -5.815084 -5.723586
46.440000 -5.787436 -5.865475 -5.773655
46.480000 -5.845585 -5.920731 -5.830971
46.520000 -5.903783 -5.977180 -5.888967
46.560000 -5.960778 -6.032731 -5.942822
46.600000 -6.026398 -6.096471 -6.003216
46.640000 -6.082040 -6.150958 -6.055918
46.680000 -6.145872 -6.212744 -6.117470
46.720000 -6.209596 -6.275593 -6.176908
46.760000 -6.271442 -6.335589 -6.235189
46.800000 -6.343580 -6.405053 -6.304023
46.840000 -6.403303 -6.463336 -6.364061
46.880000 -6.472568 -6.530590 -6.433750
46.920000 -6.541567 -6.597218 -6.499048
46.960000 -6.607928 -6.661316 -6.561628
47.000000 -6.686291 -6.736550 -6.634649
47.040000 -6.749789 -6.800004 -6.694504
47.080000 -6.824187 -6.870128 -6.767843
47.120000 -6.898213 -6.942546 -6.838711
47.160000 -6.968845 -7.012005 -6.906819
47.200000 -7.053239 -7.094917 -6.985784
47.240000 -7.120288 -7.160608 -7.050200
47.280000 -7.199611 -7.238329 -7.124712
47.320000 -7.278501 -7.315817 -7.196469
47.360000 -7.353229 -7.389289 -7.265441
47.400000 -7.443544 -7.477426 -7.347726
47.440000 -7.513965 -7.546774 -7.413396
47.480000 -7.598056 -7.629338 -7.490546
47.520000 -7.681708 -7.711501 -7.569793
47.560000 -7.760442 -7.788094 -7.643439
47.600000 -7.856682 -7.883800 -7.732305
47.640000 -7.930671 -7.957945 -7.802390
47.680000 -8.019907 -8.047099 -7.886523
47.720000 -8.108853 -8.134204 -7.971135
47.760000 -8.192201 -8.217197 -8.051778
47.800000 -8.295437 -8.322676 -8.148227
47.840000 -8.373564 -8.402370 -8.222612
47.880000 -8.468896 -8.499493 -8.313110
47.920000 -8.564163 -8.596788 -8.403604
47.960000 -8.652941 -8.686276 -8.489251
48.000000 -8.764657 -8.796988 -8.596382
48.040000 -8.847590 -8.879480 -8.679073
48.080000 -8.950190 -8.982628 -8.778378
48.120000 -9.052984 -9.088954 -8.877699
48.160000 -9.147974 -9.187000 -8.972060
48.200000 -9.269732 -9.313961 -9.090722
48.240000 -9.358064 -9.406002 -9.177573
48.280000 -9.469072 -9.521871 -9.286249
48.320000 -9.580622 -9.636682 -9.395721
48.360000 -9.682543 -9.742672 -9.497044
48.400000 -9.815963 -9.883178 -9.630658
48.440000 -9.910220 -9.981035 -9.724061
48.480000 -10.030774 -10.109300 -9.841900
48.520000 -10.152443 -10.244391 -9.961601
48.560000 -10.262180 -10.359737 -10.069156
48.600000 -10.409377 -10.511217 -10.212359
48.640000 -10.510066 -10.611654 -10.313123
48.680000 -10.641377 -10.747840 -10.448330
48.720000 -10.774560 -10.887803 -10.581167
48.760000 -10.892621 -11.010725 -10.699443
48.800000 -11.055276 -11.177334 -10.857287
48.840000 -11.162580 -11.288748 -10.962057
48.880000 -11.305414 -11.438794 -11.100533
48.920000 -11.451277 -11.589759 -11.241015
48.960000 -11.578210 -11.720133 -11.363661
49.000000 -11.758315 -11.907310 -11.537143
49.040000 -11.872645 -12.023581 -11.651106
49.080000 -12.028266 -12.188114 -11.806044
49.120000 -12.188639 -12.361128 -11.965829
49.160000 -12.325275 -12.505906 -12.099641
49.200000 -12.525751 -12.715678 -12.301784
49.240000 -12.647848 -12.843260 -12.423588
49.280000 -12.818312 -13.030522 -12.579213
49.320000 -12.996557 -13.221288 -12.751066
49.360000 -13.145481 -13.376728 -12.902163
49.400000 -13.373925 -13.634986 -13.126695
49.440000 -13.507509 -13.777882 -13.259176
49.480000 -13.701427 -13.992283 -13.445128
49.520000 -13.910071 -14.228114 -13.644585
49.560000 -14.079817 -14.419327 -13.811068
49.600000 -14.362349 -14.749395 -14.079114
