#Bolometric quasar luminosity functions from TRINITY Paper III (Fig. 2, Zhang+2024, MNRAS, 529, 2777)
#z: 10.0
#log10(Lbol [erg/s]) log10(QLF [Mpc^-3 dex^-1]) log10(QLF_16th [Mpc^-3 dex^-1]) log10(QLF_84th [Mpc^-3 dex^-1])
40.000000 -10.388153 -11.554031 -10.226806
40.040000 -10.369312 -11.437506 -10.180783
40.080000 -10.351254 -11.374290 -10.141405
40.120000 -10.333249 -11.330610 -10.106376
40.160000 -10.315319 -11.301843 -10.010165
40.200000 -10.298100 -11.274868 -9.972371
40.240000 -10.278455 -11.244255 -9.940716
40.280000 -10.259662 -11.215661 -9.912700
40.320000 -10.240715 -11.151315 -9.894098
40.360000 -10.221670 -11.072289 -9.875228
40.400000 -10.203424 -11.020395 -9.849808
40.440000 -10.183813 -10.985441 -9.806919
40.480000 -10.165050 -10.948665 -9.768101
40.520000 -10.145579 -10.861917 -9.720129
40.560000 -10.125524 -10.809479 -9.666354
40.600000 -10.106355 -10.762659 -9.615088
40.640000 -10.083635 -10.655970 -9.507781
40.680000 -10.062045 -10.617724 -9.435765
40.720000 -10.037844 -10.558252 -9.316365
40.760000 -10.011500 -10.490796 -9.229947
40.800000 -9.986664 -10.444607 -9.177842
40.840000 -9.949682 -10.353587 -9.034720
40.880000 -9.915604 -10.280652 -8.894771
40.920000 -9.869217 -10.178136 -8.664517
40.960000 -9.814305 -10.045278 -8.455097
41.000000 -9.765563 -9.926830 -8.281115
41.040000 -9.659601 -9.733586 -8.013043
41.080000 -9.574488 -9.601033 -7.871255
41.120000 -9.428266 -9.414741 -7.757837
41.160000 -9.268506 -9.277668 -7.632308
41.200000 -9.151968 -9.153077 -7.598803
41.240000 -8.874921 -9.015661 -7.624133
41.280000 -8.707127 -8.904666 -7.570639
41.320000 -8.643449 -8.832362 -7.586763
41.360000 -8.645192 -8.825618 -7.616050
41.400000 -8.646942 -8.823207 -7.621220
41.440000 -8.647260 -8.841965 -7.645336
41.480000 -8.647579 -8.860284 -7.670927
41.520000 -8.659332 -8.856693 -7.693232
41.560000 -8.683493 -8.856156 -7.701852
41.600000 -8.709077 -8.853003 -7.713683
41.640000 -8.734441 -8.866038 -7.720450
41.680000 -8.761377 -8.872114 -7.727342
41.720000 -8.785489 -8.879403 -7.734182
41.760000 -8.806186 -8.884504 -7.741025
41.800000 -8.827919 -8.879196 -7.756870
41.840000 -8.841041 -8.875811 -7.778262
41.880000 -8.854573 -8.892353 -7.786025
41.920000 -8.863356 -8.897836 -7.811802
41.960000 -8.867093 -8.910503 -7.811539
42.000000 -8.870863 -8.920155 -7.813546
42.040000 -8.866184 -8.898671 -7.816925
42.080000 -8.861555 -8.875836 -7.827861
42.120000 -8.859655 -8.864407 -7.831229
42.160000 -8.860449 -8.863050 -7.841074
42.200000 -8.861244 -8.870045 -7.850961
42.240000 -8.859242 -8.882104 -7.838808
42.280000 -8.857249 -8.895441 -7.829117
42.320000 -8.854222 -8.908124 -7.823743
42.360000 -8.850185 -8.901266 -7.827862
42.400000 -8.846184 -8.900555 -7.847594
42.440000 -8.840116 -8.896772 -7.841207
42.480000 -8.834131 -8.891926 -7.836767
42.520000 -8.824576 -8.884006 -7.831159
42.560000 -8.811684 -8.894577 -7.846772
42.600000 -8.799163 -8.899535 -7.837115
42.640000 -8.775703 -8.893594 -7.836759
42.680000 -8.753446 -8.888141 -7.832114
42.720000 -8.729488 -8.879905 -7.808985
42.760000 -8.704155 -8.874679 -7.791557
42.800000 -8.680218 -8.869711 -7.792862
42.840000 -8.652763 -8.864117 -7.799904
42.880000 -8.626940 -8.857928 -7.799072
42.920000 -8.606156 -8.853182 -7.799817
42.960000 -8.589778 -8.843654 -7.802392
43.000000 -8.573996 -8.843374 -7.804397
43.040000 -8.561875 -8.849243 -7.807015
43.080000 -8.550083 -8.844989 -7.800287
43.120000 -8.537595 -8.830159 -7.792878
43.160000 -8.524476 -8.815440 -7.772510
43.200000 -8.511742 -8.806714 -7.755436
43.240000 -8.497266 -8.810148 -7.737742
43.280000 -8.483257 -8.817036 -7.719932
43.320000 -8.468139 -8.810413 -7.711002
43.360000 -8.452040 -8.798636 -7.707704
43.400000 -8.436516 -8.795849 -7.700087
43.440000 -8.417861 -8.781427 -7.697121
43.480000 -8.399974 -8.767477 -7.696480
43.520000 -8.379611 -8.752646 -7.702547
43.560000 -8.357136 -8.737738 -7.700525
43.600000 -8.335767 -8.723331 -7.706974
43.640000 -8.312828 -8.709232 -7.713190
43.680000 -8.291040 -8.693359 -7.709387
43.720000 -8.268434 -8.683267 -7.694361
43.760000 -8.245186 -8.669645 -7.679554
43.800000 -8.223118 -8.662481 -7.665274
43.840000 -8.203754 -8.646927 -7.662861
43.880000 -8.185217 -8.629123 -7.667854
43.920000 -8.168003 -8.612861 -7.666660
43.960000 -8.151989 -8.596600 -7.662762
44.000000 -8.136545 -8.583621 -7.679224
44.040000 -8.123906 -8.562425 -7.690164
44.080000 -8.111625 -8.542228 -7.701409
44.120000 -8.099521 -8.527244 -7.709601
44.160000 -8.087589 -8.521716 -7.703964
44.200000 -8.075976 -8.521974 -7.697670
44.240000 -8.064823 -8.512020 -7.695763
44.280000 -8.053950 -8.502125 -7.692075
44.320000 -8.043414 -8.494714 -7.687909
44.360000 -8.033198 -8.487406 -7.676224
44.400000 -8.023217 -8.481111 -7.687506
44.440000 -8.014407 -8.465648 -7.681488
44.480000 -8.005773 -8.451532 -7.666517
44.520000 -7.998031 -8.458100 -7.647369
44.560000 -7.991138 -8.446390 -7.652626
44.600000 -7.984353 -8.441569 -7.658040
44.640000 -7.977976 -8.438799 -7.650135
44.680000 -7.971692 -8.436047 -7.637969
44.720000 -7.966978 -8.434396 -7.630007
44.760000 -7.963784 -8.433834 -7.630095
44.800000 -7.960613 -8.433273 -7.630820
44.840000 -7.960747 -8.443812 -7.638048
44.880000 -7.960882 -8.451527 -7.655486
44.920000 -7.962532 -8.456973 -7.669262
44.960000 -7.965716 -8.480681 -7.676259
45.000000 -7.968923 -8.508860 -7.670321
45.040000 -7.974451 -8.527414 -7.673832
45.080000 -7.980050 -8.535307 -7.670725
45.120000 -7.987489 -8.536138 -7.693567
45.160000 -7.996863 -8.556437 -7.707879
45.200000 -8.006444 -8.588308 -7.713485
45.240000 -8.018969 -8.595830 -7.722936
45.280000 -8.031866 -8.585315 -7.722174
45.320000 -8.046372 -8.572783 -7.727761
45.360000 -8.062639 -8.579464 -7.748464
45.400000 -8.079539 -8.597676 -7.786715
45.440000 -8.099826 -8.622565 -7.794482
45.480000 -8.121107 -8.641322 -7.781248
45.520000 -8.143360 -8.659508 -7.787027
45.560000 -8.166685 -8.671483 -7.815734
45.600000 -8.191333 -8.696254 -7.843548
45.640000 -8.217122 -8.721835 -7.856326
45.680000 -8.244539 -8.749018 -7.871841
45.720000 -8.272667 -8.783466 -7.878354
45.760000 -8.301528 -8.817676 -7.902917
45.800000 -8.332444 -8.854818 -7.936138
45.840000 -8.361986 -8.891464 -7.953617
45.880000 -8.393686 -8.929923 -7.975448
45.920000 -8.426166 -8.960014 -8.004586
45.960000 -8.459419 -8.994962 -8.042819
46.000000 -8.495430 -9.032075 -8.085218
46.040000 -8.530419 -9.064284 -8.118303
46.080000 -8.568476 -9.098418 -8.139193
46.120000 -8.607005 -9.144362 -8.163921
46.160000 -8.645804 -9.186414 -8.196883
46.200000 -8.688412 -9.224376 -8.232952
46.240000 -8.727059 -9.259801 -8.267990
46.280000 -8.769484 -9.298427 -8.306105
46.320000 -8.812045 -9.337351 -8.333002
46.360000 -8.854316 -9.376023 -8.381904
46.400000 -8.901149 -9.418478 -8.423208
46.440000 -8.941624 -9.456470 -8.460758
46.480000 -8.986264 -9.498110 -8.501869
46.520000 -9.030467 -9.540008 -8.544038
46.560000 -9.073545 -9.582953 -8.593503
46.600000 -9.121372 -9.631854 -8.643681
46.640000 -9.162324 -9.675550 -8.692650
46.680000 -9.207545 -9.724193 -8.747911
46.720000 -9.252128 -9.772533 -8.802159
46.760000 -9.295296 -9.819158 -8.852949
46.800000 -9.343232 -9.879406 -8.905496
46.840000 -9.384816 -9.931515 -8.944054
46.880000 -9.430807 -9.990327 -8.986385
46.920000 -9.476407 -10.047797 -9.029600
46.960000 -9.520881 -10.094934 -9.073497
47.000000 -9.570435 -10.145276 -9.122338
47.040000 -9.613629 -10.194775 -9.166415
47.080000 -9.661598 -10.251084 -9.218001
47.120000 -9.709191 -10.304707 -9.283710
47.160000 -9.755590 -10.357925 -9.350582
47.200000 -9.807546 -10.420574 -9.417895
47.240000 -9.852844 -10.468364 -9.465439
47.280000 -9.903423 -10.522667 -9.518861
47.320000 -9.953675 -10.569732 -9.571914
47.360000 -10.002665 -10.615323 -9.624375
47.400000 -10.057892 -10.673547 -9.717791
47.440000 -10.105575 -10.738766 -9.793906
47.480000 -10.159145 -10.807192 -9.886267
47.520000 -10.212274 -10.862511 -9.948992
47.560000 -10.263811 -10.918577 -10.001217
47.600000 -10.322298 -10.993937 -10.067696
47.640000 -10.372337 -11.049873 -10.118525
47.680000 -10.428901 -11.115336 -10.176103
47.720000 -10.485149 -11.191809 -10.233075
47.760000 -10.539785 -11.269049 -10.288228
47.800000 -10.602297 -11.356986 -10.351857
47.840000 -10.655401 -11.425253 -10.405159
47.880000 -10.715915 -11.502881 -10.466223
47.920000 -10.776336 -11.578712 -10.534789
47.960000 -10.835174 -11.650500 -10.601860
48.000000 -10.903251 -11.736585 -10.684087
48.040000 -10.960523 -11.804791 -10.749775
48.080000 -11.026512 -11.881601 -10.828025
48.120000 -11.092464 -11.954558 -10.909415
48.160000 -11.156447 -12.023750 -10.983959
48.200000 -11.231512 -12.110254 -11.061573
48.240000 -11.293480 -12.188491 -11.128804
48.280000 -11.365785 -12.284009 -11.208423
48.320000 -11.438107 -12.379459 -11.276446
48.360000 -11.507879 -12.468353 -11.334921
48.400000 -11.591048 -12.575541 -11.404329
48.440000 -11.658146 -12.643203 -11.467908
48.480000 -11.737539 -12.731087 -11.543317
48.520000 -11.817011 -12.825732 -11.622857
48.560000 -11.893114 -12.901261 -11.712511
48.600000 -11.985447 -13.004360 -11.815134
48.640000 -12.059061 -13.083738 -11.880572
48.680000 -12.147753 -13.184970 -11.959292
48.720000 -12.237128 -13.318935 -12.039717
48.760000 -12.322608 -13.436167 -12.117113
48.800000 -12.429140 -13.572925 -12.212538
48.840000 -12.513053 -13.667476 -12.290317
48.880000 -12.617158 -13.785518 -12.385135
48.920000 -12.724356 -13.904572 -12.484166
48.960000 -12.828494 -14.014429 -12.583595
49.000000 -12.965753 -14.161886 -12.734098
49.040000 -13.073808 -14.266883 -12.827825
49.080000 -13.217981 -14.401104 -12.943741
49.120000 -13.372370 -14.542981 -13.090909
49.160000 -13.522329 -14.681452 -13.246306
49.200000 -13.753248 -14.901547 -13.477746
49.240000 -13.898936 -15.045072 -13.634507
49.280000 -14.119758 -15.267997 -13.832369
49.320000 -14.369403 -15.479105 -14.058322
49.360000 -14.574283 -15.669329 -14.278399
49.400000 -14.975278 -16.076058 -14.682886
49.440000 -15.157899 -16.267880 -14.856254
49.480000 -15.479129 -16.630266 -15.161958
49.520000 -15.911290 -17.230920 -15.569063
49.560000 -16.168869 -17.479813 -15.803747
49.600000 -16.889169 -18.233415 -16.389610
