#Quasar bolometric luminosity function in different bins of deviation from the SMBH mass--galaxy mass (BHSM) relation
#from TRINITY PaperIII (Fig. 7, Zhang+2024, MNRAS, 529, 2777)
#z: 7.00
#log10(Lbol [erg/s])(0) log10(QLF_total [Mpc^-3 dex^-1])(1) log10(QLF(offset < -0.3 dex) [Mpc^-3 dex^-1])(2) log10(QLF(offset < -0.3 dex)_16th [Mpc^-3 dex^-1])(3) log10(QLF(offset < -0.3 dex)_84th [Mpc^-3 dex^-1])(4)
#log10(QLF(-0.3 dex < offset < 0.3 dex) [Mpc^-3 dex^-1])(5) log10(QLF(-0.3 dex < offset < 0.3 dex)_16th [Mpc^-3 dex^-1])(6) log10(QLF(-0.3 dex < offset < 0.3 dex)_84th [Mpc^-3 dex^-1])(7)
#log10(QLF(offset > 0.3 dex) [Mpc^-3 dex^-1])(8) log10(QLF(offset > 0.3 dex)_16th [Mpc^-3 dex^-1])(9) log10(QLF(offset > 0.3 dex)_84th [Mpc^-3 dex^-1])(10)
41.193820 -6.633980 -7.672777 -8.388742 -7.575478 -7.609560 -8.375281 -7.447015 -8.785561 -9.593765 -8.624145
41.233820 -6.618824 -7.658065 -8.368733 -7.558697 -7.594416 -8.352399 -7.431268 -8.769413 -9.567898 -8.608091
41.273820 -6.604180 -7.644673 -8.350968 -7.543035 -7.579783 -8.329234 -7.416438 -8.752128 -9.542225 -8.590789
41.313820 -6.589520 -7.630692 -8.331755 -7.527154 -7.565034 -8.307258 -7.401616 -8.736606 -9.518316 -8.575998
41.353820 -6.574863 -7.616749 -8.313493 -7.510950 -7.550534 -8.284032 -7.386045 -8.719565 -9.495897 -8.560252
41.393820 -6.560685 -7.603329 -8.294623 -7.495373 -7.536489 -8.262735 -7.352079 -8.703075 -9.474280 -8.546349
41.433820 -6.545955 -7.589110 -8.275202 -7.478728 -7.521731 -8.239945 -7.305258 -8.687479 -9.453077 -8.531596
41.473820 -6.531709 -7.575703 -8.255556 -7.462790 -7.507426 -8.218085 -7.260231 -8.671900 -9.432316 -8.518475
41.513820 -6.517270 -7.561685 -8.234223 -7.446035 -7.492939 -8.195747 -7.235923 -8.656901 -9.409018 -8.503166
41.553820 -6.502673 -7.547551 -8.212643 -7.415412 -7.478438 -8.172814 -7.212635 -8.640827 -9.386458 -8.487929
41.593820 -6.488551 -7.533751 -8.190672 -7.393612 -7.464296 -8.150799 -7.191294 -8.626184 -9.351521 -8.474200
41.633820 -6.473318 -7.518944 -8.167358 -7.378556 -7.449216 -8.126769 -7.167247 -8.609222 -9.326174 -8.458572
41.673820 -6.458600 -7.504906 -8.143621 -7.364575 -7.434505 -8.103893 -7.144236 -8.593129 -9.304613 -8.439983
41.713820 -6.443376 -7.490170 -8.118429 -7.349419 -7.419357 -8.078483 -7.127177 -8.576508 -9.280053 -8.420367
41.753820 -6.427714 -7.475149 -8.090977 -7.331453 -7.403779 -8.052210 -7.111037 -8.559121 -9.245472 -8.384865
41.793820 -6.412597 -7.460663 -8.060958 -7.310714 -7.388763 -8.022902 -7.095114 -8.542203 -9.170765 -8.342178
41.833820 -6.395263 -7.443890 -8.022640 -7.286030 -7.371670 -7.988562 -7.077809 -8.522419 -9.139167 -8.300381
41.873820 -6.378595 -7.428074 -7.986689 -7.259803 -7.355082 -7.927497 -7.063330 -8.503678 -9.079573 -8.264289
41.913820 -6.360299 -7.410970 -7.959501 -7.229311 -7.336809 -7.879685 -7.048084 -8.482991 -9.018961 -8.204357
41.953820 -6.340600 -7.392969 -7.913471 -7.199277 -7.317039 -7.822692 -7.031424 -8.460497 -8.966359 -8.133493
41.993820 -6.321756 -7.375856 -7.884137 -7.182221 -7.298249 -7.749514 -6.987553 -8.438139 -8.902993 -8.050833
42.033820 -6.295540 -7.351834 -7.853514 -7.156647 -7.272131 -7.654912 -6.914557 -8.407364 -8.840569 -7.954063
42.073820 -6.270818 -7.330257 -7.757978 -7.087746 -7.247333 -7.547316 -6.812615 -8.377390 -8.726532 -7.838316
42.113820 -6.238451 -7.301993 -7.686227 -7.008286 -7.214868 -7.483684 -6.688810 -8.338321 -8.659093 -7.710488
42.153820 -6.200120 -7.269340 -7.625900 -6.852071 -7.176370 -7.434373 -6.462115 -8.291154 -8.577688 -7.549652
42.193820 -6.164899 -7.240844 -7.556444 -6.716141 -7.141071 -7.384780 -6.279982 -8.245245 -8.473465 -7.356124
42.233820 -6.091602 -7.176439 -7.463351 -6.513644 -7.067544 -7.269996 -6.058468 -8.159082 -8.321963 -7.054285
42.273820 -6.028907 -7.126107 -7.343372 -6.318953 -7.004224 -7.101028 -5.883489 -8.081017 -8.170275 -6.802973
42.313820 -5.919383 -7.033699 -7.211180 -6.163669 -6.894089 -6.907999 -5.785584 -7.950712 -7.980809 -6.687337
42.353820 -5.791844 -6.926359 -7.045830 -6.056890 -6.766057 -6.753004 -5.732867 -7.799965 -7.810113 -6.594155
42.393820 -5.693382 -6.847410 -6.837723 -6.050265 -6.667519 -6.668061 -5.693521 -7.679577 -7.688848 -6.571439
42.433820 -5.611453 -6.792150 -6.836888 -6.132697 -6.582849 -6.616354 -5.792009 -7.581152 -7.596059 -6.621844
42.473820 -5.542555 -6.759182 -6.904667 -6.232552 -6.512081 -6.576495 -5.796376 -7.486555 -7.590231 -6.737058
42.513820 -5.518396 -6.726839 -6.999160 -6.339291 -6.492762 -6.618096 -5.894802 -7.451436 -7.627267 -6.854531
42.553820 -5.531868 -6.780510 -6.901044 -6.231992 -6.521581 -6.607960 -5.842727 -7.385258 -7.567383 -6.814883
42.593820 -5.545771 -6.860667 -7.004533 -6.282287 -6.532429 -6.663927 -5.926805 -7.369580 -7.639796 -6.879620
42.633820 -5.552353 -6.812451 -6.929576 -6.199123 -6.531508 -6.640284 -5.915708 -7.430379 -7.550618 -6.883223
42.673820 -5.559036 -6.827320 -6.949178 -6.236166 -6.532393 -6.636418 -5.941960 -7.450380 -7.583062 -6.888808
42.713820 -5.564563 -6.809306 -6.921390 -6.299840 -6.525783 -6.649506 -5.963203 -7.517021 -7.617631 -6.916071
42.753820 -5.568887 -6.875288 -6.944185 -6.322457 -6.515071 -6.604432 -5.919106 -7.534598 -7.600038 -6.877159
42.793820 -5.573256 -6.872738 -6.957119 -6.334084 -6.515077 -6.644142 -6.001674 -7.563063 -7.672227 -6.974604
42.833820 -5.571852 -6.811345 -6.927809 -6.224017 -6.542967 -6.617962 -5.924835 -7.491536 -7.627039 -6.896221
42.873820 -5.570453 -6.808038 -6.981326 -6.277367 -6.541313 -6.664587 -6.028778 -7.492516 -7.678653 -6.968068
42.913820 -5.569027 -6.748905 -6.904600 -6.225311 -6.550476 -6.628284 -5.970269 -7.501572 -7.622190 -6.933146
42.953820 -5.567575 -6.749869 -6.926147 -6.263281 -6.558078 -6.635072 -6.012936 -7.467195 -7.665342 -6.968384
42.993820 -5.566128 -6.732233 -6.891968 -6.213404 -6.551923 -6.618776 -6.001347 -7.495897 -7.681366 -6.989791
43.033820 -5.565160 -6.761494 -6.895676 -6.217904 -6.553805 -6.605571 -6.003064 -7.459326 -7.688943 -6.936450
43.073820 -5.564194 -6.750264 -6.908819 -6.268100 -6.547409 -6.613409 -6.013591 -7.485033 -7.682160 -6.981722
43.113820 -5.564756 -6.713382 -6.881730 -6.214593 -6.570093 -6.579190 -5.969839 -7.446639 -7.640111 -6.947214
43.153820 -5.566852 -6.728856 -6.918930 -6.279025 -6.564491 -6.611134 -6.021663 -7.460878 -7.672751 -7.051238
43.193820 -5.568958 -6.673232 -6.876460 -6.219127 -6.561243 -6.599034 -5.981332 -7.539646 -7.646668 -7.001726
43.233820 -5.572089 -6.693361 -6.905959 -6.281529 -6.557453 -6.635848 -6.013304 -7.549774 -7.679836 -7.070567
43.273820 -5.575242 -6.686485 -6.909291 -6.220474 -6.552742 -6.600135 -6.025496 -7.598038 -7.709099 -6.996967
43.313820 -5.576540 -6.708396 -6.919320 -6.204576 -6.550568 -6.604489 -6.034518 -7.588669 -7.708911 -7.009287
43.353820 -5.575966 -6.679194 -6.922571 -6.261153 -6.557802 -6.626267 -6.049527 -7.590250 -7.727759 -7.032565
43.393820 -5.575392 -6.642020 -6.913283 -6.226705 -6.578677 -6.631190 -6.043160 -7.551028 -7.731364 -7.027163
43.433820 -5.570192 -6.631524 -6.897051 -6.225246 -6.571074 -6.641589 -6.039484 -7.562086 -7.737671 -7.062096
43.473820 -5.565054 -6.587936 -6.877394 -6.170791 -6.562198 -6.651587 -5.990927 -7.632720 -7.706190 -7.031158
43.513820 -5.557307 -6.597209 -6.903184 -6.197246 -6.550806 -6.648395 -6.011104 -7.612761 -7.721176 -7.062403
43.553820 -5.547092 -6.569841 -6.882147 -6.159021 -6.534844 -6.634403 -6.001884 -7.662162 -7.735489 -7.037820
43.593820 -5.537111 -6.568757 -6.877124 -6.145627 -6.525299 -6.635293 -6.054735 -7.632853 -7.781742 -7.082051
43.633820 -5.522019 -6.527657 -6.846827 -6.098121 -6.521460 -6.616003 -6.000298 -7.610605 -7.756524 -7.097460
43.673820 -5.507435 -6.493903 -6.868032 -6.082181 -6.520304 -6.634891 -6.020065 -7.569840 -7.732088 -7.098430
43.713820 -5.491183 -6.477268 -6.839359 -6.066031 -6.497143 -6.633642 -6.020667 -7.586779 -7.736905 -7.104480
43.753820 -5.473461 -6.449860 -6.811396 -6.034188 -6.473549 -6.609559 -5.975144 -7.621312 -7.746346 -7.077365
43.793820 -5.456435 -6.436385 -6.796004 -5.995338 -6.455392 -6.610493 -6.014441 -7.602258 -7.752988 -7.070113
43.833820 -5.435309 -6.402052 -6.777047 -5.952804 -6.434699 -6.590357 -5.999556 -7.611158 -7.757725 -7.081005
43.873820 -5.415163 -6.379250 -6.768041 -5.942825 -6.419878 -6.582323 -5.989240 -7.566810 -7.752475 -7.087416
43.913820 -5.394501 -6.341518 -6.756769 -5.921325 -6.401282 -6.568230 -5.947825 -7.578675 -7.745648 -7.034849
43.953820 -5.373433 -6.313477 -6.736527 -5.920301 -6.383897 -6.571413 -5.945877 -7.554967 -7.737644 -7.094398
43.993820 -5.353340 -6.296072 -6.700610 -5.908322 -6.356687 -6.546006 -5.900609 -7.571450 -7.736759 -7.099422
44.033820 -5.330872 -6.273031 -6.683750 -5.899469 -6.329650 -6.541015 -5.901866 -7.582068 -7.732750 -7.082438
44.073820 -5.309509 -6.246665 -6.657059 -5.862355 -6.310735 -6.510092 -5.899051 -7.559649 -7.729596 -7.055711
44.113820 -5.286768 -6.211118 -6.648527 -5.864866 -6.292822 -6.502316 -5.868274 -7.545676 -7.722163 -7.063508
44.153820 -5.262906 -6.186590 -6.618604 -5.844419 -6.270519 -6.467930 -5.861758 -7.513064 -7.705150 -7.062555
44.193820 -5.240288 -6.156813 -6.588099 -5.830228 -6.249825 -6.460565 -5.865502 -7.501663 -7.718660 -7.061051
44.233820 -5.214720 -6.131174 -6.550077 -5.797835 -6.223734 -6.428095 -5.859829 -7.480102 -7.717344 -7.061287
44.273820 -5.190575 -6.108602 -6.524648 -5.781009 -6.195860 -6.418400 -5.838959 -7.477928 -7.709931 -7.092772
44.313820 -5.165160 -6.086086 -6.514803 -5.758601 -6.168298 -6.408599 -5.818963 -7.458205 -7.722554 -7.065904
44.353820 -5.138759 -6.059659 -6.515580 -5.728004 -6.143807 -6.390737 -5.774272 -7.417287 -7.715848 -7.037613
44.393820 -5.113871 -6.040309 -6.484743 -5.719000 -6.116751 -6.352898 -5.776086 -7.388680 -7.702291 -7.015820
44.433820 -5.086020 -6.021292 -6.472938 -5.685472 -6.083519 -6.343489 -5.748940 -7.370234 -7.697503 -7.010765
44.473820 -5.059849 -5.999453 -6.444716 -5.664788 -6.052124 -6.301374 -5.743170 -7.370103 -7.666401 -6.979529
44.513820 -5.033394 -5.973012 -6.403376 -5.631624 -6.025362 -6.291947 -5.723330 -7.346161 -7.633124 -6.933518
44.553820 -5.006794 -5.947112 -6.373692 -5.611059 -5.997511 -6.274445 -5.714511 -7.327474 -7.626564 -6.900704
44.593820 -4.981730 -5.927924 -6.352889 -5.597757 -5.970705 -6.244399 -5.692761 -7.294983 -7.675190 -6.882612
44.633820 -4.956127 -5.907872 -6.330888 -5.588001 -5.943898 -6.204877 -5.666358 -7.259126 -7.640125 -6.855458
44.673820 -4.931950 -5.883970 -6.330747 -5.585230 -5.920649 -6.174274 -5.648471 -7.226390 -7.637953 -6.827179
44.713820 -4.908024 -5.859294 -6.303186 -5.563369 -5.896626 -6.141509 -5.619982 -7.205899 -7.596147 -6.783308
44.753820 -4.884378 -5.838335 -6.289490 -5.563452 -5.871990 -6.118719 -5.604627 -7.180821 -7.590251 -6.762299
44.793820 -4.861954 -5.817692 -6.269457 -5.537842 -5.850484 -6.115287 -5.567278 -7.144882 -7.578206 -6.743682
44.833820 -4.840073 -5.805288 -6.237931 -5.544263 -5.826213 -6.130104 -5.560762 -7.110215 -7.554438 -6.749706
44.873820 -4.819243 -5.797346 -6.203891 -5.547263 -5.800086 -6.097216 -5.527750 -7.089377 -7.557240 -6.758935
44.913820 -4.798875 -5.790012 -6.192321 -5.569211 -5.774501 -6.120461 -5.518070 -7.069631 -7.506897 -6.721725
44.953820 -4.778950 -5.777373 -6.158359 -5.570185 -5.752506 -6.078855 -5.497585 -7.044105 -7.504469 -6.693944
44.993820 -4.759900 -5.768690 -6.135559 -5.569736 -5.730617 -6.073336 -5.487952 -7.017139 -7.451914 -6.657636
45.033820 -4.740854 -5.760894 -6.108210 -5.567965 -5.707522 -6.050508 -5.472303 -6.998074 -7.422093 -6.670214
45.073820 -4.722608 -5.754911 -6.097158 -5.559280 -5.685257 -6.018213 -5.450343 -6.977966 -7.404364 -6.634647
45.113820 -4.705035 -5.749771 -6.090961 -5.562492 -5.664650 -6.006044 -5.440056 -6.951598 -7.350947 -6.624360
45.153820 -4.688084 -5.739061 -6.064021 -5.539095 -5.646328 -5.954748 -5.409898 -6.929535 -7.323076 -6.579201
45.193820 -4.671771 -5.732016 -6.046377 -5.542568 -5.628971 -5.942486 -5.394777 -6.898745 -7.301835 -6.594978
45.233820 -4.655650 -5.720470 -6.024359 -5.525845 -5.613652 -5.913468 -5.364855 -6.866281 -7.282324 -6.562034
45.273820 -4.640106 -5.716952 -6.036454 -5.527525 -5.596459 -5.902121 -5.361270 -6.836257 -7.256978 -6.547006
45.313820 -4.625849 -5.716346 -6.044908 -5.523075 -5.578754 -5.866560 -5.370768 -6.817771 -7.209648 -6.514881
45.353820 -4.612773 -5.723417 -6.065412 -5.509715 -5.561411 -5.846007 -5.391764 -6.794760 -7.178517 -6.492530
45.393820 -4.600079 -5.731765 -6.075422 -5.502836 -5.544959 -5.811474 -5.388563 -6.769364 -7.158505 -6.469545
45.433820 -4.590399 -5.741430 -6.074840 -5.497047 -5.532897 -5.796867 -5.356730 -6.743015 -7.110948 -6.449603
45.473820 -4.580931 -5.751181 -6.080206 -5.501017 -5.522417 -5.784636 -5.332123 -6.710547 -7.095996 -6.443048
45.513820 -4.573519 -5.761429 -6.065805 -5.510861 -5.514250 -5.761144 -5.297079 -6.683057 -7.073639 -6.412784
45.553820 -4.568063 -5.779820 -6.083085 -5.546622 -5.505903 -5.753021 -5.278567 -6.663929 -7.048675 -6.393696
45.593820 -4.562674 -5.793310 -6.105478 -5.559232 -5.498080 -5.725953 -5.259174 -6.650038 -7.030266 -6.382644
45.633820 -4.560660 -5.811481 -6.114999 -5.583180 -5.495262 -5.725806 -5.292905 -6.630269 -7.028051 -6.370662
45.673820 -4.558656 -5.821854 -6.137687 -5.595229 -5.494779 -5.716456 -5.291787 -6.607617 -7.003227 -6.348245
45.713820 -4.558738 -5.837027 -6.171202 -5.629980 -5.496827 -5.741187 -5.295308 -6.583707 -6.988511 -6.327551
45.753820 -4.560908 -5.854536 -6.197291 -5.655425 -5.500358 -5.759219 -5.285965 -6.566231 -6.961205 -6.310573
45.793820 -4.563088 -5.876158 -6.218117 -5.696022 -5.502852 -5.751130 -5.304671 -6.551615 -6.951711 -6.318932
45.833820 -4.568733 -5.908000 -6.241166 -5.744190 -5.508323 -5.754210 -5.325081 -6.539157 -6.943036 -6.322499
45.873820 -4.574451 -5.938926 -6.240697 -5.767118 -5.514299 -5.760653 -5.328548 -6.527366 -6.915849 -6.333686
45.913820 -4.581932 -5.974701 -6.281009 -5.813024 -5.523725 -5.760800 -5.343551 -6.510549 -6.897997 -6.339422
45.953820 -4.591267 -6.009595 -6.310295 -5.830873 -5.534943 -5.773090 -5.345876 -6.499444 -6.873080 -6.325394
45.993820 -4.600807 -6.051061 -6.359804 -5.858344 -5.545370 -5.798009 -5.359106 -6.490887 -6.858829 -6.325076
46.033820 -4.613417 -6.094418 -6.398050 -5.892413 -5.557071 -5.802658 -5.362252 -6.493740 -6.840780 -6.327547
46.073820 -4.626405 -6.137945 -6.430987 -5.935875 -5.570463 -5.820794 -5.369682 -6.493697 -6.820467 -6.326962
46.113820 -4.640769 -6.180594 -6.472541 -5.980757 -5.586545 -5.836010 -5.382423 -6.492650 -6.793587 -6.312197
46.153820 -4.656637 -6.222240 -6.517876 -6.025064 -5.605853 -5.851575 -5.397161 -6.489679 -6.791104 -6.296705
46.193820 -4.673106 -6.266403 -6.565538 -6.063244 -5.627353 -5.875496 -5.426462 -6.483491 -6.800470 -6.289441
46.233820 -4.692534 -6.308883 -6.612188 -6.100370 -5.651464 -5.894374 -5.449933 -6.484034 -6.816757 -6.293537
46.273820 -4.712871 -6.358081 -6.660241 -6.146351 -5.676740 -5.926078 -5.475335 -6.484773 -6.844254 -6.293973
46.313820 -4.734961 -6.400961 -6.697379 -6.187911 -5.703426 -5.957457 -5.483571 -6.491054 -6.822172 -6.281700
46.353820 -4.759030 -6.446908 -6.741283 -6.230779 -5.734135 -5.998087 -5.514665 -6.495221 -6.833887 -6.268091
46.393820 -4.784512 -6.486266 -6.778604 -6.273353 -5.766388 -6.034002 -5.539183 -6.503118 -6.822060 -6.274325
46.433820 -4.811572 -6.527996 -6.828109 -6.316667 -5.799612 -6.076827 -5.562378 -6.514704 -6.837983 -6.291297
46.473820 -4.840430 -6.569608 -6.875360 -6.360817 -5.833150 -6.115278 -5.590564 -6.532104 -6.860486 -6.305134
46.513820 -4.870532 -6.612960 -6.925488 -6.416326 -5.866732 -6.154510 -5.622846 -6.553448 -6.886714 -6.329500
46.553820 -4.902004 -6.659379 -6.976281 -6.469530 -5.902059 -6.198989 -5.661018 -6.575509 -6.910406 -6.345670
46.593820 -4.935937 -6.704730 -7.016659 -6.531418 -5.939334 -6.241219 -5.696838 -6.601746 -6.914938 -6.365636
46.633820 -4.969374 -6.753636 -7.057070 -6.596460 -5.978109 -6.276165 -5.734271 -6.623665 -6.940245 -6.378796
46.673820 -5.005603 -6.799399 -7.112923 -6.649296 -6.019494 -6.311743 -5.757931 -6.649829 -6.959445 -6.390663
46.713820 -5.042363 -6.848274 -7.164063 -6.706942 -6.062561 -6.354464 -5.798768 -6.674705 -6.992627 -6.415416
46.753820 -5.079510 -6.891414 -7.205901 -6.760862 -6.105510 -6.392923 -5.836988 -6.701890 -7.012659 -6.449618
46.793820 -5.120133 -6.940226 -7.261501 -6.821830 -6.152961 -6.449350 -5.889976 -6.731127 -7.037056 -6.488652
46.833820 -5.157891 -6.982569 -7.308644 -6.874789 -6.198177 -6.498908 -5.939406 -6.757391 -7.056871 -6.523325
46.873820 -5.199247 -7.029242 -7.356661 -6.936454 -6.245900 -6.553815 -5.996580 -6.789186 -7.085751 -6.558673
46.913820 -5.240779 -7.076086 -7.406786 -6.997025 -6.294266 -6.606648 -6.062535 -6.820869 -7.125192 -6.599823
46.953820 -5.282108 -7.121270 -7.448238 -7.054202 -6.340382 -6.657882 -6.123513 -6.855506 -7.168945 -6.636382
46.993820 -5.327788 -7.173362 -7.502010 -7.117389 -6.391977 -6.710020 -6.177170 -6.893017 -7.217362 -6.684235
47.033820 -5.368598 -7.217903 -7.548107 -7.165550 -6.436887 -6.753187 -6.229058 -6.928376 -7.258214 -6.731184
47.073820 -5.413644 -7.269924 -7.600022 -7.222414 -6.486801 -6.801075 -6.283189 -6.966897 -7.305385 -6.786930
47.113820 -5.458595 -7.318157 -7.646777 -7.285864 -6.534707 -6.839689 -6.328710 -7.008047 -7.348658 -6.839728
47.153820 -5.502851 -7.368374 -7.694242 -7.343364 -6.582128 -6.878548 -6.382071 -7.048108 -7.392403 -6.886374
47.193820 -5.552135 -7.420654 -7.744961 -7.396852 -6.632621 -6.919781 -6.435516 -7.095755 -7.438349 -6.924585
47.233820 -5.595345 -7.468034 -7.807584 -7.449924 -6.676808 -6.956895 -6.485932 -7.137518 -7.482454 -6.952520
47.273820 -5.643335 -7.519071 -7.860663 -7.508824 -6.725329 -6.998130 -6.540040 -7.184669 -7.528210 -6.994985
47.313820 -5.690871 -7.568916 -7.914573 -7.581891 -6.772960 -7.045848 -6.595310 -7.231925 -7.573632 -7.034963
47.353820 -5.737107 -7.618554 -7.966252 -7.642619 -6.819530 -7.098820 -6.651106 -7.277528 -7.617414 -7.091123
47.393820 -5.788859 -7.673536 -8.025829 -7.707305 -6.871043 -7.156712 -6.712238 -7.329320 -7.665939 -7.157545
47.433820 -5.833388 -7.723619 -8.081420 -7.765482 -6.915652 -7.206369 -6.771264 -7.373358 -7.707646 -7.205804
47.473820 -5.883009 -7.779572 -8.144452 -7.827989 -6.964400 -7.260234 -6.832972 -7.423533 -7.751668 -7.256995
47.513820 -5.932083 -7.837413 -8.208011 -7.888562 -7.012959 -7.315497 -6.890593 -7.472589 -7.796250 -7.308080
47.553820 -5.979645 -7.894854 -8.266944 -7.952185 -7.059321 -7.373972 -6.945435 -7.520861 -7.837373 -7.355645
47.593820 -6.033064 -7.960875 -8.336482 -8.016341 -7.112093 -7.434257 -7.005501 -7.574190 -7.886084 -7.404796
47.633820 -6.078722 -8.020129 -8.404211 -8.077128 -7.157187 -7.485521 -7.056392 -7.619624 -7.929874 -7.446307
47.673820 -6.129751 -8.087372 -8.478475 -8.141762 -7.208030 -7.543231 -7.114435 -7.669856 -7.974886 -7.493614
47.713820 -6.180338 -8.154676 -8.552524 -8.203321 -7.259329 -7.599036 -7.170961 -7.718619 -8.019194 -7.547433
47.753820 -6.229483 -8.222216 -8.626504 -8.257603 -7.309670 -7.649003 -7.226494 -7.765340 -8.062776 -7.605628
47.793820 -6.284907 -8.297749 -8.707130 -8.319899 -7.367343 -7.710561 -7.287975 -7.817119 -8.113284 -7.662176
47.833820 -6.332374 -8.365578 -8.780427 -8.387440 -7.417549 -7.768862 -7.341982 -7.860476 -8.155513 -7.712130
47.873820 -6.385673 -8.440811 -8.861113 -8.465156 -7.474593 -7.833338 -7.401917 -7.908601 -8.204694 -7.768722
47.913820 -6.438691 -8.515709 -8.941397 -8.540383 -7.531561 -7.898696 -7.461159 -7.956375 -8.253955 -7.823814
47.953820 -6.490354 -8.591132 -9.021899 -8.608623 -7.588379 -7.964713 -7.520072 -8.001614 -8.302992 -7.879038
47.993820 -6.549004 -8.673637 -9.108542 -8.684232 -7.652182 -8.037605 -7.585491 -8.054047 -8.366369 -7.938369
48.033820 -6.599082 -8.748536 -9.192115 -8.752493 -7.708202 -8.101336 -7.643288 -8.097297 -8.421527 -8.000530
48.073820 -6.655698 -8.829010 -9.287783 -8.828536 -7.770929 -8.169756 -7.706740 -8.147190 -8.480511 -8.079828
48.113820 -6.712136 -8.909786 -9.384477 -8.910654 -7.833680 -8.239120 -7.771561 -8.196930 -8.527051 -8.149358
48.153820 -6.767153 -8.988848 -9.469397 -8.978671 -7.895602 -8.306238 -7.834699 -8.244954 -8.570982 -8.202040
48.193820 -6.830165 -9.075432 -9.559912 -9.070613 -7.965456 -8.382346 -7.907024 -8.301286 -8.623706 -8.263095
48.233820 -6.883524 -9.151220 -9.650255 -9.158939 -8.026141 -8.450511 -7.969424 -8.347815 -8.678031 -8.313668
48.273820 -6.944370 -9.233682 -9.763173 -9.253838 -8.094307 -8.527997 -8.039771 -8.402090 -8.746073 -8.371312
48.313820 -7.005103 -9.315707 -9.880763 -9.349323 -8.162691 -8.603943 -8.110459 -8.456221 -8.815167 -8.428651
48.353820 -7.064200 -9.395996 -10.001461 -9.434612 -8.229174 -8.670030 -8.179953 -8.509146 -8.883278 -8.490392
48.393820 -7.132624 -9.486921 -10.122452 -9.525389 -8.305460 -8.750612 -8.259634 -8.571224 -8.961252 -8.565693
48.433820 -7.189905 -9.566555 -10.229474 -9.604376 -8.369960 -8.822456 -8.328221 -8.622838 -9.013018 -8.620552
48.473820 -7.255905 -9.656946 -10.337281 -9.687682 -8.443779 -8.904846 -8.406191 -8.682898 -9.071149 -8.685002
48.513820 -7.321852 -9.749813 -10.446381 -9.769220 -8.517633 -8.986571 -8.483206 -8.743006 -9.130022 -8.750027
48.553820 -7.385802 -9.841759 -10.558753 -9.859008 -8.589808 -9.068875 -8.552355 -8.801092 -9.197934 -8.813997
48.593820 -7.460823 -9.947370 -10.681341 -9.953535 -8.673836 -9.175190 -8.632141 -8.869927 -9.280337 -8.884708
48.633820 -7.522689 -10.041183 -10.791421 -10.037628 -8.745473 -9.267603 -8.700492 -8.925359 -9.335284 -8.947227
48.673820 -7.594855 -10.146408 -10.913504 -10.142938 -8.828434 -9.368836 -8.782406 -8.990735 -9.398956 -9.013522
48.713820 -7.666993 -10.255225 -11.037217 -10.249875 -8.912393 -9.455837 -8.860003 -9.055760 -9.463845 -9.080344
48.753820 -7.736528 -10.361555 -11.177241 -10.346379 -8.994752 -9.537268 -8.936399 -9.117969 -9.548799 -9.143529
48.793820 -7.819359 -10.482051 -11.331861 -10.458009 -9.091129 -9.644196 -9.035009 -9.193448 -9.628116 -9.225129
48.833820 -7.886289 -10.588293 -11.467468 -10.553944 -9.173078 -9.753948 -9.112681 -9.252664 -9.692094 -9.286408
48.873820 -7.965447 -10.706768 -11.615548 -10.661152 -9.267880 -9.865075 -9.191044 -9.324228 -9.767078 -9.360699
48.913820 -8.044552 -10.826067 -11.768893 -10.775519 -9.363814 -9.970531 -9.278500 -9.395630 -9.848690 -9.435419
48.953820 -8.120118 -10.943702 -11.916058 -10.878941 -9.456929 -10.072551 -9.364242 -9.463622 -9.936576 -9.503525
48.993820 -8.211660 -11.079738 -12.084752 -10.994652 -9.566967 -10.193412 -9.464304 -9.547650 -10.043139 -9.593457
49.033820 -8.283934 -11.197842 -12.224369 -11.093404 -9.658314 -10.293435 -9.539762 -9.612641 -10.129344 -9.659421
49.073820 -8.370686 -11.331163 -12.384453 -11.207831 -9.764609 -10.407743 -9.627935 -9.692385 -10.232631 -9.741614
49.113820 -8.457409 -11.465289 -12.546944 -11.326718 -9.871785 -10.522355 -9.717359 -9.772231 -10.318055 -9.823007
49.153820 -8.539416 -11.597273 -12.688013 -11.454170 -9.975021 -10.634291 -9.800848 -9.847547 -10.395642 -9.897450
49.193820 -8.640601 -11.751222 -12.846843 -11.588566 -10.099033 -10.774757 -9.907098 -9.942010 -10.502340 -9.987102
49.233820 -8.718490 -11.881773 -12.998139 -11.691525 -10.199970 -10.891924 -9.990359 -10.013568 -10.590229 -10.053591
49.273820 -8.813468 -12.031024 -13.169174 -11.827158 -10.318668 -11.027729 -10.091412 -10.102467 -10.695154 -10.139150
49.313820 -8.908554 -12.182334 -13.345580 -11.964178 -10.438833 -11.164075 -10.192009 -10.191570 -10.793472 -10.223143
49.353820 -8.997523 -12.327144 -13.518702 -12.095424 -10.553651 -11.293455 -10.286859 -10.274811 -10.886683 -10.304603
49.393820 -9.109541 -12.498159 -13.714970 -12.250522 -10.692504 -11.443126 -10.404479 -10.381309 -11.005884 -10.415514
49.433820 -9.193342 -12.640176 -13.894126 -12.376868 -10.803093 -11.563941 -10.494458 -10.459997 -11.103315 -10.494906
49.473820 -9.297276 -12.803469 -14.105912 -12.524179 -10.934238 -11.702831 -10.606386 -10.559111 -11.222556 -10.579436
49.513820 -9.401644 -12.969100 -14.315688 -12.673720 -11.067007 -11.844095 -10.720060 -10.658816 -11.341947 -10.664661
49.553820 -9.498266 -13.129161 -14.527008 -12.817422 -11.192756 -11.976072 -10.836921 -10.751012 -11.455017 -10.743533
49.593820 -9.622727 -13.316091 -14.759464 -12.991150 -11.346473 -12.138537 -10.982697 -10.871362 -11.594871 -10.854553
49.633820 -9.713198 -13.473164 -14.988314 -13.124125 -11.466368 -12.278337 -11.096391 -10.958003 -11.701821 -10.935958
49.673820 -9.827613 -13.653293 -15.221222 -13.276776 -11.611442 -12.448565 -11.232882 -11.068731 -11.831812 -11.040724
49.713820 -9.943278 -13.834372 -15.475565 -13.431066 -11.757549 -12.624360 -11.373904 -11.181014 -11.961898 -11.146121
49.753820 -10.049478 -14.009297 -15.710448 -13.577183 -11.895337 -12.776385 -11.487987 -11.283972 -12.065482 -11.235168
49.793820 -10.190356 -14.218569 -15.985945 -13.762045 -12.066915 -12.978569 -11.633055 -11.421940 -12.207921 -11.360088
49.833820 -10.289789 -14.388324 -16.237525 -13.903901 -12.197192 -13.141120 -11.735558 -11.518667 -12.306692 -11.443262
49.873820 -10.418964 -14.589282 -16.493392 -14.077140 -12.357441 -13.333333 -11.866668 -11.645321 -12.458464 -11.554239
49.913820 -10.551091 -14.793815 -16.793683 -14.250917 -12.521155 -13.513181 -12.001448 -11.775077 -12.616835 -11.668029
49.953820 -10.671188 -14.984898 -17.030886 -14.412241 -12.671206 -13.679772 -12.120433 -11.893092 -12.752632 -11.767735
49.993820 -10.837754 -15.230496 -17.370191 -14.614944 -12.868400 -13.888727 -12.287690 -12.057681 -12.933361 -11.922392
50.033820 -10.949269 -15.414975 -17.650445 -14.759422 -13.009231 -14.051128 -12.404132 -12.167439 -13.055064 -12.022649
50.073820 -11.099697 -15.640086 -17.986369 -14.943301 -13.187191 -14.257196 -12.558734 -12.316328 -13.204606 -12.162147
50.113820 -11.254919 -15.872154 -18.318684 -15.130613 -13.370576 -14.466606 -12.715654 -12.470078 -13.356701 -12.306286
50.153820 -11.390105 -16.088156 -18.608911 -15.299432 -13.532413 -14.661740 -12.856446 -12.603961 -13.488313 -12.435804
50.193820 -11.587445 -16.370246 -19.027301 -15.530620 -13.756802 -14.921185 -13.057376 -12.800062 -13.683757 -12.623664
50.233820 -11.708548 -16.586509 -19.338778 -15.675045 -13.904228 -15.106872 -13.178630 -12.920034 -13.817740 -12.722970
50.273820 -11.877067 -16.848001 -19.821342 -15.876599 -14.101207 -15.341548 -13.349969 -13.087409 -13.999407 -12.873305
50.313820 -12.052807 -17.127677 -20.215027 -16.074484 -14.302403 -15.594031 -13.525359 -13.262190 -14.190998 -13.050282
50.353820 -12.199741 -17.393988 -20.705550 -16.254777 -14.482317 -15.818271 -13.676878 -13.407965 -14.353967 -13.201154
50.393820 -12.423475 -17.730987 -21.195165 -16.548036 -14.732890 -16.131928 -13.898666 -13.630821 -14.596349 -13.410517
50.433820 -12.554579 -18.006521 -21.650780 -16.779479 -14.895865 -16.354920 -14.032090 -13.760953 -14.748185 -13.528954
50.473820 -12.743271 -18.344981 -22.269640 -17.076596 -15.114773 -16.643824 -14.218912 -13.948789 -14.953686 -13.702155
50.513820 -12.946612 -18.711931 -22.671574 -17.395732 -15.355282 -16.962436 -14.424685 -14.151158 -15.181326 -13.891991
50.553820 -13.117416 -19.081804 -23.143605 -17.718540 -15.562074 -17.242694 -14.593832 -14.321098 -15.377672 -14.047046
50.593820 -13.402961 -19.514574 -23.829643 -18.099112 -15.884911 -17.645658 -14.876762 -14.605823 -15.692467 -14.313585
50.633820 -13.560246 -19.891732 -24.315142 -18.349063 -16.079433 -17.940506 -15.029310 -14.762358 -15.915509 -14.448957
50.673820 -13.809299 -20.299229 -25.099054 -18.662128 -16.359000 -18.309384 -15.271530 -15.010843 -16.219372 -14.675105
50.713820 -14.099668 -20.818699 -25.871796 -19.049748 -16.691750 -18.696818 -15.574211 -15.300488 -16.538009 -14.952033
50.753820 -14.315583 -21.201714 -26.386126 -19.321042 -16.926178 -19.005106 -15.797340 -15.516108 -16.793766 -15.154191
50.793820 -14.764196 -22.014786 -27.532426 -19.834078 -17.415718 -19.589365 -16.244075 -15.964114 -17.331336 -15.582365
