#Quasar bolometric luminosity function in different bins of deviation from the SMBH mass--galaxy mass (BHSM) relation
#from TRINITY PaperIII (Fig. 7, Zhang+2024, MNRAS, 529, 2777)
#z: 9.00
#log10(Lbol [erg/s])(0) log10(QLF_total [Mpc^-3 dex^-1])(1) log10(QLF(offset < -0.3 dex) [Mpc^-3 dex^-1])(2) log10(QLF(offset < -0.3 dex)_16th [Mpc^-3 dex^-1])(3) log10(QLF(offset < -0.3 dex)_84th [Mpc^-3 dex^-1])(4)
#log10(QLF(-0.3 dex < offset < 0.3 dex) [Mpc^-3 dex^-1])(5) log10(QLF(-0.3 dex < offset < 0.3 dex)_16th [Mpc^-3 dex^-1])(6) log10(QLF(-0.3 dex < offset < 0.3 dex)_84th [Mpc^-3 dex^-1])(7)
#log10(QLF(offset > 0.3 dex) [Mpc^-3 dex^-1])(8) log10(QLF(offset > 0.3 dex)_16th [Mpc^-3 dex^-1])(9) log10(QLF(offset > 0.3 dex)_84th [Mpc^-3 dex^-1])(10)
41.193820 -8.248825 -9.279710 -10.229554 -9.123723 -9.222331 -10.253779 -9.107027 -10.430460 -11.589111 -10.281048
41.233820 -8.232433 -9.265282 -10.208897 -9.074247 -9.205513 -10.228959 -9.054432 -10.412383 -11.555585 -10.233475
41.273820 -8.216637 -9.250446 -10.187182 -9.028968 -9.189751 -10.204141 -9.005563 -10.394223 -11.525825 -10.209597
41.313820 -8.200303 -9.234943 -10.165097 -9.013791 -9.173826 -10.172441 -8.968726 -10.373445 -11.492838 -10.182841
41.353820 -8.183511 -9.218990 -10.141055 -8.982557 -9.157323 -10.141494 -8.909587 -10.352991 -11.418304 -10.158992
41.393820 -8.167343 -9.203275 -10.118431 -8.960477 -9.141205 -10.110700 -8.890467 -10.335525 -11.361316 -10.130614
41.433820 -8.150478 -9.187577 -10.097159 -8.942014 -9.124434 -10.083880 -8.871915 -10.315553 -11.329547 -10.101846
41.473820 -8.134243 -9.171768 -10.074014 -8.921655 -9.108222 -10.040688 -8.852341 -10.298264 -11.246756 -10.072570
41.513820 -8.117758 -9.157212 -10.051396 -8.903606 -9.091681 -10.003445 -8.821558 -10.278020 -11.172340 -10.042567
41.553820 -8.101072 -9.140793 -10.027326 -8.882046 -9.075299 -9.961653 -8.790433 -10.258910 -11.115914 -10.014861
41.593820 -8.085003 -9.125204 -10.003331 -8.862761 -9.059726 -9.918040 -8.769361 -10.238827 -11.081997 -9.975071
41.633820 -8.067611 -9.108619 -9.974720 -8.840049 -9.042543 -9.879154 -8.743815 -10.218505 -11.036370 -9.935597
41.673820 -8.050888 -9.092623 -9.944317 -8.818551 -9.025848 -9.835289 -8.719244 -10.200124 -10.997087 -9.899819
41.713820 -8.033503 -9.076219 -9.903587 -8.794764 -9.008556 -9.804164 -8.691454 -10.180181 -10.925784 -9.858221
41.753820 -8.015556 -9.058731 -9.864357 -8.768718 -8.990778 -9.759415 -8.661426 -10.160301 -10.842772 -9.831889
41.793820 -7.998321 -9.042726 -9.841645 -8.742342 -8.973849 -9.686997 -8.629121 -10.138797 -10.806087 -9.815846
41.833820 -7.978262 -9.022712 -9.806440 -8.709325 -8.954219 -9.626953 -8.585222 -10.116151 -10.763426 -9.774831
41.873820 -7.959088 -9.004382 -9.739555 -8.671302 -8.935583 -9.565554 -8.537317 -10.092204 -10.722888 -9.673020
41.913820 -7.937826 -8.984439 -9.711593 -8.625943 -8.914516 -9.494004 -8.484441 -10.067261 -10.672755 -9.554371
41.953820 -7.914807 -8.963057 -9.665706 -8.564503 -8.891704 -9.413604 -8.463702 -10.039923 -10.613345 -9.438193
41.993820 -7.892948 -8.943329 -9.530664 -8.525969 -8.870159 -9.355283 -8.354472 -10.012279 -10.540491 -9.369454
42.033820 -7.861666 -8.914680 -9.456811 -8.446444 -8.839411 -9.268881 -8.235701 -9.973181 -10.456224 -9.278038
42.073820 -7.832487 -8.889100 -9.410503 -8.352025 -8.810805 -9.209440 -8.124736 -9.934433 -10.359120 -9.144027
42.113820 -7.793474 -8.853726 -9.311910 -8.197674 -8.772479 -9.108246 -7.976682 -9.885445 -10.274064 -8.985050
42.153820 -7.747201 -8.813140 -9.183095 -8.041642 -8.727050 -8.989084 -7.874422 -9.825301 -10.213713 -8.717497
42.193820 -7.705387 -8.779214 -9.067886 -7.854966 -8.685778 -8.931430 -7.662905 -9.768180 -10.084960 -8.515671
42.233820 -7.615315 -8.699768 -8.950214 -7.594739 -8.596338 -8.813197 -7.366434 -9.659100 -9.928243 -8.298562
42.273820 -7.540752 -8.638258 -8.842232 -7.414988 -8.522560 -8.657827 -7.037751 -9.562734 -9.744407 -7.976074
42.313820 -7.410748 -8.524439 -8.661833 -7.121678 -8.393820 -8.446927 -6.878985 -9.406633 -9.493005 -7.752390
42.353820 -7.264481 -8.397734 -8.439298 -7.035184 -8.249017 -8.201649 -6.727127 -9.231960 -9.229965 -7.543765
42.393820 -7.155259 -8.310304 -8.286691 -7.060222 -8.140596 -8.030800 -6.803886 -9.097208 -9.146291 -7.581906
42.433820 -6.961820 -8.139118 -8.131129 -7.031408 -7.947327 -7.834979 -6.631220 -8.882438 -8.862433 -7.567730
42.473820 -6.828460 -8.024680 -8.037385 -7.034541 -7.813169 -7.740364 -6.678667 -8.735636 -8.835102 -7.636327
42.513820 -6.778300 -7.998118 -8.203137 -7.163468 -7.765571 -7.802948 -6.806661 -8.658870 -8.839451 -7.797655
42.553820 -6.785926 -8.018624 -8.221975 -7.242381 -7.773489 -7.859504 -6.829520 -8.656404 -8.894377 -7.850714
42.593820 -6.793689 -8.122359 -8.238593 -7.185707 -7.788092 -7.850101 -6.877270 -8.590264 -8.901024 -7.811132
42.633820 -6.797997 -8.139562 -8.164658 -7.250114 -7.800176 -7.866000 -6.861648 -8.569775 -8.847495 -7.844708
42.673820 -6.802348 -8.128208 -8.235658 -7.244468 -7.798426 -7.869737 -6.869815 -8.596017 -8.940840 -7.913421
42.713820 -6.811066 -8.055652 -8.200944 -7.293764 -7.810001 -7.821201 -6.869209 -8.641055 -8.872893 -7.875202
42.753820 -6.824419 -8.081859 -8.215184 -7.288871 -7.808758 -7.902424 -6.897986 -8.688124 -8.901737 -7.807874
42.793820 -6.838195 -8.090575 -8.235318 -7.237942 -7.825261 -7.857794 -6.890530 -8.696979 -8.861439 -7.806669
42.833820 -6.852377 -8.103725 -8.257873 -7.231380 -7.844632 -7.911024 -6.946106 -8.696718 -8.895048 -7.988845
42.873820 -6.867037 -8.143679 -8.227907 -7.282857 -7.896848 -7.906387 -6.951303 -8.607170 -8.895343 -7.944690
42.913820 -6.881097 -8.101223 -8.220246 -7.277048 -7.916094 -7.902609 -6.934867 -8.639083 -8.925666 -8.025530
42.953820 -6.894478 -8.108331 -8.251795 -7.232748 -7.920629 -7.929353 -6.942474 -8.675439 -8.948936 -8.011441
42.993820 -6.908285 -8.042158 -8.210791 -7.207497 -7.925795 -7.914611 -6.958868 -8.767620 -8.975016 -8.002268
43.033820 -6.917724 -8.110259 -8.212302 -7.256780 -7.920855 -7.923704 -6.977281 -8.771069 -8.939053 -7.985102
43.073820 -6.927372 -8.097926 -8.232792 -7.260674 -7.927058 -7.923785 -6.996790 -8.807867 -8.972615 -7.947893
43.113820 -6.935408 -8.112551 -8.249861 -7.340106 -7.948910 -7.945258 -6.987549 -8.771543 -8.940990 -8.072087
43.153820 -6.941735 -8.062549 -8.208532 -7.292505 -7.987142 -7.949015 -7.047012 -8.741530 -8.923496 -7.959465
43.193820 -6.948156 -8.056972 -8.266488 -7.285253 -7.991551 -7.963970 -7.044994 -8.762053 -8.948789 -7.997524
43.233820 -6.941114 -8.007395 -8.254925 -7.233763 -7.980522 -7.935240 -7.062523 -8.803300 -8.947163 -7.921545
43.273820 -6.934185 -7.974843 -8.237169 -7.232129 -7.959626 -7.970645 -7.017643 -8.865783 -8.946057 -7.987008
43.313820 -6.924498 -8.005100 -8.194455 -7.172718 -7.943750 -7.902962 -7.044307 -8.829514 -8.997783 -7.991267
43.353820 -6.912236 -7.985496 -8.227950 -7.175607 -7.923415 -7.912808 -7.042948 -8.851534 -9.009392 -8.071279
43.393820 -6.900310 -7.970417 -8.222020 -7.174434 -7.917442 -7.900265 -7.022627 -8.823582 -9.003114 -7.988733
43.433820 -6.889943 -7.915584 -8.213616 -7.190350 -7.911104 -7.940719 -7.040001 -8.855731 -8.974286 -8.074755
43.473820 -6.879818 -7.892643 -8.146127 -7.169060 -7.905379 -7.929519 -7.024873 -8.848333 -8.965843 -8.067164
43.513820 -6.871695 -7.835897 -8.236052 -7.130665 -7.897088 -7.909480 -7.020403 -8.922450 -8.983798 -8.077376
43.553820 -6.865469 -7.844220 -8.218013 -7.172658 -7.889615 -7.929452 -7.006660 -8.894149 -9.019687 -8.070810
43.593820 -6.859331 -7.832914 -8.205880 -7.154623 -7.890937 -7.914777 -6.981987 -8.867919 -8.995486 -8.003290
43.633820 -6.851486 -7.851326 -8.304589 -7.189203 -7.871526 -7.977772 -7.028504 -8.860353 -9.037602 -8.157045
43.673820 -6.843780 -7.841101 -8.195334 -7.145515 -7.852356 -7.933921 -7.033035 -8.905105 -9.055815 -8.065713
43.713820 -6.834241 -7.823160 -8.280130 -7.172601 -7.839666 -7.973118 -7.058515 -8.926668 -9.060898 -8.092370
43.753820 -6.822990 -7.777091 -8.233572 -7.168453 -7.837472 -7.941925 -7.037135 -8.946296 -9.021685 -8.050335
43.793820 -6.812023 -7.743260 -8.288105 -7.175278 -7.827225 -7.990290 -7.079373 -8.990440 -9.039508 -8.114890
43.833820 -6.795373 -7.731233 -8.238956 -7.114856 -7.816927 -7.934023 -7.037105 -8.926709 -9.066689 -8.074067
43.873820 -6.779338 -7.709879 -8.224179 -7.117295 -7.805770 -7.964661 -7.063004 -8.899276 -9.084028 -8.107152
43.913820 -6.759212 -7.722223 -8.197700 -7.119836 -7.774147 -7.952200 -7.016255 -8.859950 -9.097150 -8.076455
43.953820 -6.735564 -7.711700 -8.168425 -7.068756 -7.732539 -7.932779 -7.033617 -8.901992 -9.101534 -8.068731
43.993820 -6.713138 -7.690034 -8.195781 -7.066945 -7.710913 -7.934383 -7.018131 -8.873014 -9.066836 -8.066390
44.033820 -6.684158 -7.635905 -8.111187 -7.006443 -7.681983 -7.887947 -7.019186 -8.911914 -9.057488 -7.981296
44.073820 -6.656992 -7.624373 -8.160476 -7.016517 -7.647619 -7.920528 -7.034176 -8.887666 -9.078582 -8.028809
44.113820 -6.629018 -7.614381 -8.050654 -6.947893 -7.614279 -7.836598 -6.975923 -8.845776 -9.027003 -8.047586
44.153820 -6.600484 -7.616532 -8.122033 -6.975885 -7.576033 -7.900090 -6.990625 -8.803645 -9.035489 -8.048591
44.193820 -6.573709 -7.553479 -8.065520 -6.939294 -7.566125 -7.819613 -6.922200 -8.758632 -8.975754 -8.006669
44.233820 -6.551456 -7.523452 -8.043902 -6.962028 -7.546069 -7.837807 -6.939884 -8.742906 -9.053831 -7.982407
44.273820 -6.530288 -7.483392 -8.013606 -6.909675 -7.528886 -7.822083 -6.910318 -8.748805 -9.010053 -8.005739
44.313820 -6.509255 -7.455062 -7.960638 -6.915849 -7.503257 -7.798693 -6.923120 -8.783565 -9.068907 -7.967134
44.353820 -6.488384 -7.441532 -7.961905 -6.899079 -7.479644 -7.826311 -6.898628 -8.758877 -9.050861 -7.959677
44.393820 -6.468471 -7.440729 -7.899153 -6.991914 -7.450471 -7.774849 -6.875894 -8.748149 -9.012092 -8.022794
44.433820 -6.448806 -7.443592 -7.977869 -6.935456 -7.426392 -7.802626 -6.853983 -8.693833 -9.050919 -8.034558
44.473820 -6.429993 -7.394967 -7.887654 -6.968272 -7.423050 -7.744521 -6.849852 -8.651011 -8.992817 -8.020922
44.513820 -6.410962 -7.382065 -7.891251 -6.984011 -7.406235 -7.763942 -6.863018 -8.600632 -9.033573 -7.967452
44.553820 -6.391774 -7.340125 -7.883691 -6.961687 -7.387487 -7.731860 -6.847416 -8.644935 -9.013747 -7.963167
44.593820 -6.373397 -7.328741 -7.901094 -6.953450 -7.363860 -7.732359 -6.874921 -8.642680 -9.020232 -7.934151
44.633820 -6.353825 -7.308859 -7.886626 -6.959432 -7.341555 -7.709884 -6.841870 -8.645540 -9.031563 -7.973075
44.673820 -6.335097 -7.316780 -7.854526 -6.925699 -7.311821 -7.689170 -6.866748 -8.626807 -9.002075 -7.955770
44.713820 -6.315560 -7.307993 -7.839700 -6.961342 -7.291094 -7.693753 -6.843847 -8.583112 -9.050330 -7.965059
44.753820 -6.295352 -7.270994 -7.763565 -6.947561 -7.282388 -7.663069 -6.860805 -8.527089 -8.991486 -7.928857
44.793820 -6.276044 -7.256241 -7.744504 -6.967490 -7.264341 -7.656134 -6.836414 -8.486392 -8.984042 -7.918198
44.833820 -6.254863 -7.224028 -7.720464 -6.942630 -7.239748 -7.629836 -6.860398 -8.521985 -8.927113 -7.874659
44.873820 -6.234668 -7.213807 -7.773919 -6.945494 -7.216545 -7.610690 -6.842987 -8.493654 -8.939734 -7.893601
44.913820 -6.214978 -7.197484 -7.758092 -6.947379 -7.191742 -7.588630 -6.836532 -8.503687 -8.936301 -7.867575
44.953820 -6.195768 -7.206490 -7.747012 -6.950158 -7.163985 -7.542940 -6.805641 -8.467163 -8.936837 -7.842698
44.993820 -6.177372 -7.191932 -7.703149 -6.965795 -7.145637 -7.546977 -6.811657 -8.437390 -8.930384 -7.837747
45.033820 -6.156667 -7.168818 -7.698026 -6.932741 -7.131478 -7.495610 -6.812769 -8.374703 -8.890267 -7.790838
45.073820 -6.136904 -7.156086 -7.677240 -6.960292 -7.109987 -7.501329 -6.813429 -8.349183 -8.865274 -7.761990
45.113820 -6.118165 -7.135447 -7.660649 -6.937282 -7.087747 -7.459611 -6.782940 -8.360609 -8.818331 -7.758854
45.153820 -6.100358 -7.125899 -7.647741 -6.937855 -7.068030 -7.455958 -6.773833 -8.335229 -8.816250 -7.775099
45.193820 -6.083252 -7.120178 -7.646656 -6.910578 -7.045985 -7.434115 -6.769895 -8.325839 -8.775562 -7.776966
45.233820 -6.066922 -7.130278 -7.638741 -6.887834 -7.024179 -7.420986 -6.754816 -8.286257 -8.761570 -7.744318
45.273820 -6.051184 -7.124539 -7.648392 -6.893446 -7.007867 -7.397448 -6.764162 -8.252448 -8.719507 -7.733491
45.313820 -6.037696 -7.127187 -7.622146 -6.873879 -6.996278 -7.379718 -6.755801 -8.194033 -8.667690 -7.692643
45.353820 -6.026269 -7.140227 -7.609543 -6.881896 -6.979071 -7.384562 -6.765884 -8.174974 -8.702128 -7.709193
45.393820 -6.015136 -7.149587 -7.608789 -6.869032 -6.963229 -7.362133 -6.748888 -8.158907 -8.664433 -7.760913
45.433820 -6.006984 -7.162553 -7.630712 -6.900621 -6.952778 -7.372328 -6.753943 -8.131942 -8.670988 -7.687841
45.473820 -5.998983 -7.162944 -7.641059 -6.891834 -6.946876 -7.355523 -6.719370 -8.099587 -8.630781 -7.757503
45.513820 -5.992293 -7.178799 -7.677702 -6.895716 -6.940714 -7.367171 -6.716007 -8.060739 -8.644647 -7.706950
45.553820 -5.986857 -7.186214 -7.700468 -6.897761 -6.932009 -7.355562 -6.708171 -8.057175 -8.586369 -7.733722
45.593820 -5.981489 -7.189830 -7.715656 -6.895960 -6.925080 -7.346451 -6.684680 -8.049583 -8.573573 -7.729672
45.633820 -5.978114 -7.195426 -7.704928 -6.907272 -6.920908 -7.341778 -6.693375 -8.040215 -8.572472 -7.734226
45.673820 -5.974765 -7.200379 -7.669268 -6.898818 -6.915902 -7.330185 -6.681485 -8.036404 -8.541795 -7.710393
45.713820 -5.972837 -7.216411 -7.680928 -6.927093 -6.912925 -7.323151 -6.715354 -8.020935 -8.509323 -7.737324
45.753820 -5.972311 -7.234408 -7.691939 -6.924616 -6.912524 -7.319314 -6.704393 -8.001681 -8.475642 -7.707073
45.793820 -5.971786 -7.263228 -7.706887 -6.939387 -6.912089 -7.344821 -6.717074 -7.974954 -8.478186 -7.728055
45.833820 -5.973199 -7.277018 -7.707510 -6.948130 -6.911879 -7.359454 -6.693389 -7.973838 -8.513118 -7.716584
45.873820 -5.974616 -7.288286 -7.733443 -6.965423 -6.915180 -7.373398 -6.694831 -7.959133 -8.506973 -7.723952
45.913820 -5.977030 -7.296631 -7.755316 -6.965209 -6.918776 -7.357365 -6.682312 -7.952010 -8.500669 -7.729771
45.953820 -5.980456 -7.309617 -7.753053 -6.950117 -6.922248 -7.349275 -6.671643 -7.948451 -8.451153 -7.712084
45.993820 -5.983910 -7.330001 -7.784934 -6.986202 -6.925587 -7.341619 -6.680187 -7.940970 -8.410514 -7.725912
46.033820 -5.990427 -7.360065 -7.809182 -6.990750 -6.932109 -7.347608 -6.658216 -7.932747 -8.398585 -7.699595
46.073820 -5.997042 -7.398607 -7.863001 -7.040446 -6.938990 -7.376656 -6.670790 -7.920307 -8.404523 -7.718478
46.113820 -6.005276 -7.423455 -7.889863 -7.053696 -6.948781 -7.377947 -6.669408 -7.914155 -8.398577 -7.704904
46.153820 -6.015220 -7.447451 -7.929732 -7.081897 -6.963150 -7.403840 -6.701097 -7.901586 -8.404023 -7.703353
46.193820 -6.025397 -7.466818 -7.937417 -7.103454 -6.974737 -7.424900 -6.701059 -7.902830 -8.430767 -7.697538
46.233820 -6.039079 -7.498122 -7.964749 -7.149917 -6.988250 -7.451756 -6.716191 -7.909600 -8.438368 -7.671089
46.273820 -6.053206 -7.536392 -8.014188 -7.191128 -7.001595 -7.472862 -6.727725 -7.916705 -8.396204 -7.660536
46.313820 -6.069467 -7.587775 -8.056039 -7.231712 -7.017535 -7.476349 -6.742694 -7.921223 -8.406522 -7.653603
46.353820 -6.088090 -7.644252 -8.111888 -7.284646 -7.037181 -7.497692 -6.763721 -7.924350 -8.420271 -7.665989
46.393820 -6.107549 -7.692228 -8.145274 -7.322148 -7.060008 -7.491407 -6.771581 -7.925441 -8.430965 -7.667104
46.433820 -6.129319 -7.742881 -8.196278 -7.365980 -7.087280 -7.520746 -6.793095 -7.924143 -8.442670 -7.679717
46.473820 -6.152238 -7.786391 -8.225866 -7.402237 -7.112225 -7.536681 -6.783965 -7.936748 -8.442838 -7.673486
46.513820 -6.176246 -7.841467 -8.274630 -7.440257 -7.136848 -7.574112 -6.787485 -7.952412 -8.476169 -7.682146
46.553820 -6.201459 -7.883396 -8.313529 -7.481191 -7.163598 -7.601709 -6.800695 -7.970285 -8.468266 -7.676776
46.593820 -6.228226 -7.925063 -8.358266 -7.531121 -7.194684 -7.635303 -6.844441 -7.983393 -8.450741 -7.683266
46.633820 -6.255561 -7.963129 -8.401704 -7.587429 -7.228372 -7.669713 -6.882364 -7.993621 -8.434973 -7.688725
46.673820 -6.284732 -8.000134 -8.441954 -7.633605 -7.266785 -7.703683 -6.926734 -8.000725 -8.442754 -7.700950
46.713820 -6.314241 -8.043649 -8.490632 -7.682419 -7.305481 -7.747871 -6.937394 -8.008857 -8.463001 -7.688151
46.753820 -6.344013 -8.085191 -8.527572 -7.724547 -7.341409 -7.770956 -6.953719 -8.024785 -8.484035 -7.700222
46.793820 -6.375977 -8.137962 -8.583664 -7.779642 -7.379029 -7.819188 -6.982371 -8.043290 -8.512807 -7.724265
46.833820 -6.407097 -8.181341 -8.629939 -7.815950 -7.414549 -7.850176 -7.011876 -8.064877 -8.509242 -7.735649
46.873820 -6.440619 -8.233462 -8.689770 -7.871929 -7.455530 -7.898370 -7.042079 -8.083217 -8.554038 -7.730924
46.913820 -6.474628 -8.279747 -8.743715 -7.926364 -7.491976 -7.937974 -7.080460 -8.111764 -8.587721 -7.718425
46.953820 -6.509016 -8.329355 -8.792222 -7.985440 -7.527546 -7.982755 -7.110990 -8.142575 -8.622305 -7.714268
46.993820 -6.546362 -8.378078 -8.839059 -8.049103 -7.565108 -8.026853 -7.153527 -8.178399 -8.662775 -7.753055
47.033820 -6.581442 -8.420093 -8.881763 -8.103370 -7.600479 -8.066755 -7.197287 -8.212307 -8.693144 -7.800148
47.073820 -6.619607 -8.466819 -8.928926 -8.162057 -7.641481 -8.114623 -7.251815 -8.245040 -8.709584 -7.847494
47.113820 -6.658055 -8.505576 -8.960998 -8.209391 -7.683091 -8.155273 -7.285679 -8.278428 -8.728228 -7.887811
47.153820 -6.696529 -8.550817 -9.018151 -8.298675 -7.726827 -8.204834 -7.305187 -8.308115 -8.765057 -7.936341
47.193820 -6.738746 -8.593345 -9.078013 -8.347857 -7.770703 -8.246725 -7.341643 -8.347785 -8.790980 -7.957137
47.233820 -6.777549 -8.639698 -9.125811 -8.406759 -7.811864 -8.290082 -7.377739 -8.382377 -8.830148 -7.988353
47.273820 -6.820162 -8.687598 -9.169586 -8.473078 -7.855229 -8.336331 -7.428253 -8.423410 -8.869299 -8.015188
47.313820 -6.862771 -8.738772 -9.216986 -8.539968 -7.900167 -8.386640 -7.474102 -8.461862 -8.909025 -8.049412
47.353820 -6.904901 -8.789896 -9.261345 -8.603522 -7.944227 -8.439229 -7.522990 -8.500447 -8.956391 -8.091477
47.393820 -6.951561 -8.844724 -9.309782 -8.663528 -7.992437 -8.497788 -7.572285 -8.544224 -8.999829 -8.125990
47.433820 -6.992719 -8.893220 -9.352094 -8.717048 -8.035980 -8.554979 -7.648155 -8.581427 -9.047811 -8.168148
47.473820 -7.038189 -8.942315 -9.400139 -8.778900 -8.083030 -8.611778 -7.745472 -8.624408 -9.087665 -8.204957
47.513820 -7.083416 -8.990470 -9.453582 -8.832013 -8.132684 -8.674695 -7.812701 -8.663329 -9.136862 -8.258243
47.553820 -7.127738 -9.032291 -9.505964 -8.891423 -8.180001 -8.728647 -7.858692 -8.703805 -9.180720 -8.299673
47.593820 -7.177103 -9.080871 -9.571935 -8.952945 -8.233978 -8.789278 -7.915862 -8.747141 -9.231889 -8.358477
47.633820 -7.219737 -9.119986 -9.623585 -9.012273 -8.279427 -8.833620 -7.960202 -8.786391 -9.272563 -8.404758
47.673820 -7.267016 -9.166103 -9.681996 -9.067340 -8.328302 -8.874756 -8.020274 -8.831713 -9.318605 -8.458725
47.713820 -7.313925 -9.213861 -9.739921 -9.119648 -8.376314 -8.918537 -8.089647 -8.877157 -9.365265 -8.511845
47.753820 -7.359679 -9.263057 -9.799994 -9.171110 -8.421708 -8.957964 -8.142914 -8.923116 -9.408920 -8.560959
47.793820 -7.410827 -9.322431 -9.866179 -9.251124 -8.472735 -9.007138 -8.205489 -8.973823 -9.457394 -8.628300
47.833820 -7.454729 -9.373497 -9.922560 -9.330301 -8.516096 -9.048002 -8.250519 -9.017901 -9.497916 -8.698402
47.873820 -7.503573 -9.431786 -9.985951 -9.393019 -8.565670 -9.096260 -8.306602 -9.065162 -9.545461 -8.766539
47.913820 -7.551999 -9.487944 -10.046656 -9.452287 -8.615030 -9.146477 -8.364440 -9.111885 -9.590268 -8.837313
47.953820 -7.599130 -9.541243 -10.105742 -9.517017 -8.664935 -9.200991 -8.420982 -9.155150 -9.638384 -8.902063
47.993820 -7.652006 -9.600024 -10.171631 -9.587394 -8.720487 -9.258567 -8.492422 -9.204356 -9.688201 -8.963827
48.033820 -7.697258 -9.648573 -10.215103 -9.647035 -8.769359 -9.307818 -8.567738 -9.245028 -9.734173 -9.008438
48.073820 -7.747781 -9.702492 -10.279182 -9.712045 -8.822944 -9.364109 -8.654334 -9.291704 -9.780630 -9.059014
48.113820 -7.797899 -9.756195 -10.345188 -9.777126 -8.875710 -9.415131 -8.715322 -9.338505 -9.830539 -9.109837
48.153820 -7.846651 -9.810943 -10.408158 -9.840809 -8.927225 -9.476958 -8.774716 -9.383710 -9.876597 -9.156933
48.193820 -7.901577 -9.874546 -10.475188 -9.916530 -8.983232 -9.555320 -8.830151 -9.436890 -9.932296 -9.214514
48.233820 -7.948551 -9.935876 -10.552816 -9.976764 -9.031478 -9.638055 -8.880031 -9.481601 -9.977789 -9.282331
48.273820 -8.001229 -10.004890 -10.642440 -10.041120 -9.084625 -9.693641 -8.946203 -9.532852 -10.027619 -9.358790
48.313820 -8.053548 -10.079234 -10.710613 -10.099944 -9.137942 -9.753868 -9.012462 -9.582898 -10.077954 -9.413294
48.353820 -8.104443 -10.153519 -10.788167 -10.165221 -9.190140 -9.812045 -9.075610 -9.631189 -10.122218 -9.465642
48.393820 -8.162104 -10.236047 -10.880020 -10.228926 -9.250310 -9.881586 -9.147861 -9.684944 -10.176022 -9.525347
48.433820 -8.211353 -10.313716 -10.965133 -10.291850 -9.302911 -9.936713 -9.211709 -9.729349 -10.229776 -9.575526
48.473820 -8.266910 -10.395023 -11.061731 -10.363669 -9.362899 -9.993382 -9.278733 -9.779194 -10.282829 -9.633453
48.513820 -8.322171 -10.480165 -11.157952 -10.435082 -9.423460 -10.062492 -9.348826 -9.827891 -10.333608 -9.696610
48.553820 -8.375915 -10.561638 -11.249591 -10.505643 -9.483827 -10.126028 -9.408669 -9.874073 -10.390515 -9.770468
48.593820 -8.437261 -10.648739 -11.352362 -10.581440 -9.551999 -10.199866 -9.473593 -9.928007 -10.446366 -9.834666
48.633820 -8.489340 -10.725402 -11.460544 -10.649523 -9.611438 -10.263478 -9.524675 -9.972487 -10.489910 -9.888282
48.673820 -8.548526 -10.806867 -11.571391 -10.718516 -9.678771 -10.325882 -9.579523 -10.023718 -10.544688 -9.944436
48.713820 -8.607466 -10.884161 -11.660039 -10.788601 -9.745434 -10.389349 -9.634437 -10.075469 -10.607598 -9.999658
48.753820 -8.664705 -10.957561 -11.753269 -10.857277 -9.809905 -10.445458 -9.688083 -10.126229 -10.669803 -10.052339
48.793820 -8.730650 -11.040299 -11.871221 -10.934745 -9.882985 -10.511243 -9.750491 -10.185966 -10.739655 -10.112772
48.833820 -8.786157 -11.110417 -11.989174 -11.003490 -9.943708 -10.576416 -9.802235 -10.237007 -10.796862 -10.164154
48.873820 -8.849814 -11.193613 -12.115454 -11.077261 -10.012870 -10.663899 -9.861974 -10.295982 -10.850246 -10.220683
48.913820 -8.913249 -11.276802 -12.242132 -11.173186 -10.080501 -10.733358 -9.921013 -10.355835 -10.902421 -10.281837
48.953820 -8.974658 -11.365625 -12.370211 -11.275766 -10.146062 -10.812066 -9.976884 -10.413633 -10.955886 -10.338636
48.993820 -9.046203 -11.470222 -12.514207 -11.358994 -10.222279 -10.919179 -10.054344 -10.481186 -11.029042 -10.407644
49.033820 -9.105697 -11.564012 -12.647393 -11.427165 -10.287557 -11.024500 -10.134991 -10.535992 -11.089891 -10.468682
49.073820 -9.174656 -11.673586 -12.785425 -11.512198 -10.364044 -11.121312 -10.225836 -10.599120 -11.155299 -10.539247
49.113820 -9.243424 -11.784372 -12.931468 -11.605229 -10.441923 -11.223210 -10.312531 -10.661203 -11.253121 -10.618355
49.153820 -9.309701 -11.894935 -13.064378 -11.695424 -10.519148 -11.323718 -10.401261 -10.719874 -11.344243 -10.687591
49.193820 -9.387946 -12.020984 -13.215418 -11.800643 -10.609204 -11.426579 -10.502259 -10.790307 -11.421183 -10.778270
49.233820 -9.451890 -12.134697 -13.367753 -11.884160 -10.687172 -11.516391 -10.572742 -10.845521 -11.481381 -10.841244
49.273820 -9.526901 -12.259328 -13.528733 -11.987181 -10.775037 -11.616167 -10.645659 -10.912918 -11.553227 -10.913981
49.313820 -9.601782 -12.386619 -13.688450 -12.090941 -10.866154 -11.716170 -10.718792 -10.978782 -11.625950 -10.983106
49.353820 -9.673563 -12.503483 -13.849329 -12.183220 -10.953152 -11.812893 -10.789502 -11.042615 -11.693847 -11.067566
49.393820 -9.759605 -12.632606 -14.028725 -12.286137 -11.054709 -11.925320 -10.893473 -11.121007 -11.792809 -11.156573
49.433820 -9.828435 -12.740671 -14.183828 -12.367171 -11.139776 -12.018594 -10.982094 -11.182292 -11.864160 -11.212632
49.473820 -9.910266 -12.856163 -14.359720 -12.465145 -11.236311 -12.129790 -11.085099 -11.257650 -11.947287 -11.276333
49.513820 -9.992088 -12.969933 -14.531304 -12.563909 -11.332851 -12.251299 -11.167677 -11.333312 -12.046220 -11.344523
49.553820 -10.070042 -13.076580 -14.702671 -12.665030 -11.423767 -12.390136 -11.247473 -11.406081 -12.147204 -11.411576
49.593820 -10.165117 -13.205989 -14.863950 -12.785237 -11.531341 -12.546588 -11.341418 -11.496338 -12.252127 -11.496233
49.633820 -10.239607 -13.320029 -15.046504 -12.886701 -11.617193 -12.688638 -11.417760 -11.566592 -12.339763 -11.555932
49.673820 -10.329574 -13.456351 -15.235751 -13.009346 -11.719943 -12.823516 -11.504336 -11.651975 -12.448292 -11.629593
49.713820 -10.419871 -13.592035 -15.437230 -13.141188 -11.822245 -12.947801 -11.591773 -11.738134 -12.558715 -11.707332
49.753820 -10.505449 -13.735454 -15.623160 -13.263846 -11.922688 -13.087222 -11.672903 -11.818802 -12.665581 -11.780087
49.793820 -10.612133 -13.889968 -15.856874 -13.410100 -12.047457 -13.274408 -11.776258 -11.919857 -12.791654 -11.876231
49.833820 -10.693736 -14.030221 -16.050970 -13.538054 -12.148518 -13.434967 -11.856949 -11.995730 -12.896350 -11.946322
49.873820 -10.794305 -14.195163 -16.271086 -13.683017 -12.272404 -13.608855 -11.954249 -12.089871 -13.015760 -12.027002
49.913820 -10.896122 -14.364870 -16.484104 -13.830644 -12.396396 -13.775099 -12.059921 -12.185967 -13.140711 -12.106633
49.953820 -10.992484 -14.539050 -16.691024 -13.967566 -12.517943 -13.910329 -12.154939 -12.276267 -13.255145 -12.179629
49.993820 -11.116509 -14.739667 -16.925235 -14.132597 -12.668714 -14.076418 -12.288313 -12.394324 -13.400607 -12.292283
50.033820 -11.210509 -14.918272 -17.131888 -14.273608 -12.790232 -14.213349 -12.385324 -12.482636 -13.513860 -12.379530
50.073820 -11.330641 -15.126201 -17.364925 -14.441181 -12.941486 -14.377670 -12.518002 -12.596845 -13.652641 -12.506077
50.113820 -11.455409 -15.339916 -17.600286 -14.577946 -13.097451 -14.555085 -12.653525 -12.716164 -13.795706 -12.620011
50.153820 -11.575119 -15.550449 -17.839224 -14.709648 -13.246051 -14.761775 -12.787753 -12.831221 -13.915224 -12.739106
50.193820 -11.740938 -15.805993 -18.114041 -14.916894 -13.441884 -15.011201 -12.957411 -12.992575 -14.074891 -12.904091
50.233820 -11.860754 -16.010057 -18.350474 -15.078382 -13.589908 -15.173584 -13.087660 -13.108507 -14.185604 -13.009263
50.273820 -12.026778 -16.267748 -18.631081 -15.255947 -13.783647 -15.359376 -13.264504 -13.270985 -14.340902 -13.159689
50.313820 -12.203372 -16.523028 -18.967572 -15.442052 -13.982946 -15.552883 -13.440119 -13.444858 -14.499090 -13.310296
50.353820 -12.360901 -16.766102 -19.387287 -15.592495 -14.161619 -15.772165 -13.592194 -13.599992 -14.664679 -13.447067
50.393820 -12.610576 -17.094551 -19.874406 -15.848093 -14.427598 -16.054923 -13.817331 -13.847906 -14.963396 -13.675874
50.433820 -12.754236 -17.306805 -20.238392 -15.999162 -14.591479 -16.238282 -13.961852 -13.989485 -15.188748 -13.846367
50.473820 -12.970381 -17.593050 -20.753675 -16.232616 -14.822115 -16.484095 -14.175344 -14.204202 -15.438232 -14.022599
50.513820 -13.211085 -17.916210 -21.169390 -16.484601 -15.081497 -16.771810 -14.422234 -14.443142 -15.687240 -14.253840
50.553820 -13.404016 -18.183516 -21.585573 -16.676734 -15.292495 -17.002233 -14.613351 -14.634445 -15.909055 -14.425113
50.593820 -13.759876 -18.599256 -22.084735 -17.033881 -15.656148 -17.391919 -14.983361 -14.989624 -16.316053 -14.747713
50.633820 -13.936662 -18.854073 -22.496667 -17.208597 -15.853485 -17.652951 -15.185457 -15.164680 -16.554664 -14.899575
50.673820 -14.239781 -19.201431 -23.066929 -17.497024 -16.157516 -18.084018 -15.458353 -15.467723 -16.918160 -15.147381
50.713820 -14.629342 -19.668382 -23.635974 -17.900008 -16.561171 -18.777354 -15.843310 -15.856150 -17.394231 -15.522528
50.753820 -14.872383 -19.985317 -24.299272 -18.134845 -16.808760 -19.015426 -16.043674 -16.098833 -17.671609 -15.765469
50.793820 -15.474468 -20.627957 -25.015823 -18.732968 -17.408490 -19.761895 -16.635995 -16.701101 -18.293764 -16.322974
