#Quasar bolometric luminosity function in different bins of deviation from the SMBH mass--galaxy mass (BHSM) relation
#from TRINITY PaperIII (Fig. 7, Zhang+2024, MNRAS, 529, 2777)
#z: 10.00
#log10(Lbol [erg/s])(0) log10(QLF_total [Mpc^-3 dex^-1])(1) log10(QLF(offset < -0.3 dex) [Mpc^-3 dex^-1])(2) log10(QLF(offset < -0.3 dex)_16th [Mpc^-3 dex^-1])(3) log10(QLF(offset < -0.3 dex)_84th [Mpc^-3 dex^-1])(4)
#log10(QLF(-0.3 dex < offset < 0.3 dex) [Mpc^-3 dex^-1])(5) log10(QLF(-0.3 dex < offset < 0.3 dex)_16th [Mpc^-3 dex^-1])(6) log10(QLF(-0.3 dex < offset < 0.3 dex)_84th [Mpc^-3 dex^-1])(7)
#log10(QLF(offset > 0.3 dex) [Mpc^-3 dex^-1])(8) log10(QLF(offset > 0.3 dex)_16th [Mpc^-3 dex^-1])(9) log10(QLF(offset > 0.3 dex)_84th [Mpc^-3 dex^-1])(10)
41.193820 -9.194333 -10.183485 -11.286461 -9.980749 -10.176568 -11.421184 -10.047270 -11.421634 -12.834264 -11.289935
41.233820 -9.175492 -10.166602 -11.260502 -9.963141 -10.157489 -11.384319 -10.026637 -11.399069 -12.788922 -11.266508
41.273820 -9.157434 -10.152189 -11.236704 -9.947013 -10.138617 -11.299187 -10.009954 -11.376797 -12.714943 -11.228337
41.313820 -9.139429 -10.135025 -11.210511 -9.927003 -10.120652 -11.264239 -9.939558 -11.356268 -12.642031 -11.203104
41.353820 -9.121499 -10.120326 -11.185898 -9.907789 -10.103036 -11.216421 -9.866027 -11.327739 -12.543419 -11.092576
41.393820 -9.104280 -10.104025 -11.160641 -9.864888 -10.086022 -11.177347 -9.762418 -11.306797 -12.500265 -11.066266
41.433820 -9.084635 -10.086122 -11.132061 -9.841504 -10.066417 -11.129976 -9.731160 -11.282476 -12.410404 -11.037202
41.473820 -9.065842 -10.069684 -11.105008 -9.809517 -10.047412 -11.086828 -9.697553 -11.259192 -12.376463 -10.931200
41.513820 -9.046895 -10.052918 -11.079613 -9.777967 -10.028127 -11.048244 -9.672726 -11.237076 -12.247750 -10.869433
41.553820 -9.027850 -10.035762 -11.052107 -9.716524 -10.008780 -10.995886 -9.646783 -11.215381 -12.141550 -10.829620
41.593820 -9.009604 -10.019157 -10.994075 -9.693892 -9.990692 -10.939323 -9.619439 -11.192184 -12.040556 -10.790912
41.633820 -8.989993 -10.002168 -10.966487 -9.670979 -9.971426 -10.866606 -9.590664 -11.164232 -11.967530 -10.748000
41.673820 -8.971230 -9.985484 -10.940638 -9.633843 -9.953178 -10.797153 -9.557071 -11.137510 -11.921099 -10.700454
41.713820 -8.951759 -9.967647 -10.916207 -9.600614 -9.933858 -10.712172 -9.522297 -11.113442 -11.886241 -10.664484
41.753820 -8.931704 -9.949973 -10.878342 -9.556792 -9.913908 -10.664620 -9.481479 -11.087478 -11.845571 -10.646732
41.793820 -8.912535 -9.932487 -10.835938 -9.514711 -9.894854 -10.630317 -9.437564 -11.063955 -11.784730 -10.619762
41.833820 -8.889815 -9.911828 -10.745514 -9.472868 -9.872192 -10.571719 -9.384644 -11.036467 -11.710173 -10.509758
41.873820 -8.868225 -9.892986 -10.648612 -9.444290 -9.850749 -10.524219 -9.325291 -11.008227 -11.628404 -10.387391
41.913820 -8.844024 -9.872560 -10.600883 -9.412859 -9.826430 -10.456964 -9.270643 -10.976927 -11.573181 -10.295920
41.953820 -8.817680 -9.849399 -10.530024 -9.356943 -9.800132 -10.337061 -9.166300 -10.943920 -11.527764 -10.186187
41.993820 -8.792844 -9.829237 -10.467035 -9.277450 -9.775319 -10.281090 -9.065417 -10.909804 -11.465457 -10.064771
42.033820 -8.755862 -9.797873 -10.405200 -9.167203 -9.738332 -10.205628 -8.893020 -10.862230 -11.371800 -9.950486
42.073820 -8.721784 -9.770075 -10.306241 -9.052740 -9.704310 -10.119597 -8.695306 -10.816443 -11.282111 -9.844897
42.113820 -8.675397 -9.732454 -10.192409 -8.920255 -9.657830 -10.021455 -8.603675 -10.755342 -11.167608 -9.684761
42.153820 -8.620485 -9.688954 -10.077405 -8.742701 -9.602699 -9.915460 -8.405504 -10.682892 -11.051140 -9.462272
42.193820 -8.571743 -9.655497 -9.976457 -8.531266 -9.553416 -9.812247 -8.181054 -10.613550 -10.934502 -9.237559
42.233820 -8.465781 -9.568739 -9.801557 -8.249037 -9.446933 -9.616857 -7.906904 -10.483383 -10.803728 -8.913475
42.273820 -8.380668 -9.508644 -9.640860 -8.044008 -9.361310 -9.428943 -7.691122 -10.369507 -10.587908 -8.635499
42.313820 -8.234446 -9.390640 -9.509432 -7.779778 -9.214848 -9.250270 -7.408294 -10.193571 -10.348701 -8.398424
42.353820 -8.074686 -9.266097 -9.222348 -7.588129 -9.054322 -9.017764 -7.278920 -10.003439 -10.079115 -8.233794
42.393820 -7.958148 -9.191669 -9.108799 -7.605712 -8.935807 -8.841798 -7.294256 -9.859746 -9.838808 -8.251806
42.433820 -7.681101 -8.960827 -8.785644 -7.473463 -8.656818 -8.538976 -7.208200 -9.557331 -9.586330 -8.109708
42.473820 -7.513307 -8.839625 -8.696324 -7.458342 -8.487645 -8.399719 -7.185273 -9.366629 -9.468725 -8.141252
42.513820 -7.449629 -8.803466 -8.800830 -7.646271 -8.424700 -8.483624 -7.383669 -9.286685 -9.477724 -8.273881
42.553820 -7.451372 -8.862243 -8.955578 -7.927478 -8.420194 -8.616898 -7.473207 -9.280800 -9.622710 -8.345200
42.593820 -7.453122 -8.789229 -8.892255 -7.842417 -8.418871 -8.579245 -7.456692 -9.328019 -9.544212 -8.349146
42.633820 -7.453440 -8.764922 -8.901832 -7.847848 -8.428524 -8.573773 -7.354252 -9.312672 -9.486487 -8.328865
42.673820 -7.453759 -8.852613 -8.901463 -7.803118 -8.436636 -8.618077 -7.403778 -9.249506 -9.540357 -8.423417
42.713820 -7.465512 -8.926894 -8.828459 -7.814279 -8.503336 -8.546070 -7.338126 -9.126932 -9.497727 -8.400832
42.753820 -7.489673 -9.003048 -8.909399 -7.794094 -8.523569 -8.641802 -7.457785 -9.145340 -9.575275 -8.462941
42.793820 -7.515257 -8.822311 -8.829611 -7.759382 -8.514111 -8.558311 -7.355019 -9.311014 -9.475492 -8.401270
42.833820 -7.540621 -8.938689 -8.942009 -7.866436 -8.533711 -8.677798 -7.451215 -9.311186 -9.669224 -8.472687
42.873820 -7.567557 -8.813748 -8.868415 -7.817570 -8.545744 -8.606528 -7.467550 -9.458217 -9.562256 -8.459553
42.913820 -7.591669 -8.891186 -8.977230 -7.834220 -8.553501 -8.643744 -7.488463 -9.501850 -9.711883 -8.455455
42.953820 -7.612366 -8.955048 -8.915050 -7.775337 -8.554434 -8.627278 -7.531247 -9.570040 -9.684569 -8.465370
42.993820 -7.634099 -8.993362 -8.947984 -7.879116 -8.569442 -8.630141 -7.470611 -9.609506 -9.669092 -8.489248
43.033820 -7.647221 -8.974702 -8.965430 -7.819507 -8.609901 -8.644661 -7.604591 -9.537191 -9.676356 -8.514876
43.073820 -7.660753 -8.871213 -9.000071 -7.870079 -8.670632 -8.627673 -7.595550 -9.483374 -9.701062 -8.565528
43.113820 -7.669536 -8.927333 -9.007177 -7.952862 -8.688213 -8.685388 -7.651057 -9.443029 -9.746217 -8.552330
43.153820 -7.673273 -8.806450 -8.935282 -7.869143 -8.656318 -8.615874 -7.597269 -9.646620 -9.681147 -8.532174
43.193820 -7.677043 -8.902238 -8.947193 -7.871096 -8.659131 -8.669658 -7.650126 -9.570190 -9.711567 -8.577348
43.233820 -7.672364 -8.878302 -8.932217 -7.814325 -8.625343 -8.630715 -7.608221 -9.696112 -9.715073 -8.615674
43.273820 -7.667735 -8.882390 -8.942918 -7.847406 -8.627105 -8.612802 -7.600573 -9.654187 -9.700031 -8.568470
43.313820 -7.665835 -8.818041 -8.972538 -7.784435 -8.654374 -8.642516 -7.576582 -9.599113 -9.711794 -8.525024
43.353820 -7.666629 -8.786781 -8.969812 -7.801919 -8.675298 -8.657309 -7.613042 -9.564280 -9.736081 -8.546752
43.393820 -7.667424 -8.786537 -8.899700 -7.776842 -8.669809 -8.642949 -7.577747 -9.586185 -9.711639 -8.577517
43.433820 -7.665422 -8.733910 -8.941777 -7.775145 -8.646333 -8.675292 -7.627090 -9.734120 -9.726541 -8.679772
43.473820 -7.663429 -8.712040 -8.903676 -7.750361 -8.663255 -8.658166 -7.653345 -9.677631 -9.698423 -8.564087
43.513820 -7.660402 -8.657410 -8.995678 -7.792036 -8.651322 -8.695995 -7.649987 -9.812564 -9.760732 -8.631338
43.553820 -7.656365 -8.684907 -8.959967 -7.819718 -8.657068 -8.675171 -7.688928 -9.698165 -9.720342 -8.577700
43.593820 -7.652364 -8.689886 -8.989890 -7.781590 -8.654367 -8.726020 -7.644253 -9.674256 -9.768904 -8.742160
43.633820 -7.646296 -8.711340 -8.944437 -7.800564 -8.642453 -8.682953 -7.696053 -9.651979 -9.754477 -8.728110
43.673820 -7.640311 -8.725053 -8.962631 -7.752489 -8.613426 -8.685558 -7.655212 -9.722182 -9.795695 -8.756659
43.713820 -7.630756 -8.690854 -8.948075 -7.807316 -8.601630 -8.708534 -7.728639 -9.767841 -9.805333 -8.754991
43.753820 -7.617864 -8.636536 -8.947939 -7.719423 -8.602511 -8.674476 -7.664341 -9.758490 -9.756178 -8.557326
43.793820 -7.605343 -8.613093 -9.005102 -7.803809 -8.586797 -8.736119 -7.715110 -9.789907 -9.850567 -8.734814
43.833820 -7.581883 -8.580357 -8.943668 -7.754077 -8.577932 -8.668619 -7.638428 -9.702323 -9.742195 -8.647650
43.873820 -7.559626 -8.563609 -8.974807 -7.779368 -8.558836 -8.719864 -7.665776 -9.652577 -9.844325 -8.711745
43.913820 -7.535668 -8.569855 -8.899013 -7.703680 -8.519459 -8.657321 -7.608360 -9.649739 -9.768454 -8.687296
43.953820 -7.510335 -8.580031 -8.918075 -7.697390 -8.472396 -8.677911 -7.603420 -9.682913 -9.778358 -8.693481
43.993820 -7.486398 -8.519635 -8.892492 -7.647497 -8.458511 -8.638657 -7.580987 -9.671745 -9.720424 -8.606251
44.033820 -7.458943 -8.463956 -8.879616 -7.623798 -8.441735 -8.606276 -7.595146 -9.641579 -9.726484 -8.576453
44.073820 -7.433120 -8.420535 -8.878330 -7.629750 -8.420752 -8.608325 -7.644065 -9.628702 -9.761447 -8.597891
44.113820 -7.412336 -8.362792 -8.802542 -7.574445 -8.417764 -8.587575 -7.548230 -9.595210 -9.687608 -8.546034
44.153820 -7.395958 -8.343368 -8.861906 -7.612407 -8.405827 -8.627233 -7.594935 -9.560962 -9.821533 -8.633171
44.193820 -7.380176 -8.307924 -8.786708 -7.550246 -8.392548 -8.584282 -7.562165 -9.585875 -9.741245 -8.614187
44.233820 -7.368055 -8.299382 -8.842792 -7.613746 -8.376262 -8.619367 -7.586463 -9.589343 -9.814896 -8.645119
44.273820 -7.356263 -8.323815 -8.834480 -7.589051 -8.351891 -8.550747 -7.565933 -9.553216 -9.713485 -8.598646
44.313820 -7.343775 -8.366412 -8.855193 -7.594458 -8.323145 -8.572141 -7.538207 -9.507027 -9.739537 -8.574860
44.353820 -7.330656 -8.324583 -8.791734 -7.593036 -8.315497 -8.575248 -7.552036 -9.527617 -9.724609 -8.593356
44.393820 -7.317922 -8.287476 -8.776830 -7.569168 -8.309894 -8.547936 -7.525824 -9.533177 -9.746710 -8.579557
44.433820 -7.303446 -8.260951 -8.833128 -7.643366 -8.299378 -8.575834 -7.572783 -9.526830 -9.784932 -8.594921
44.473820 -7.289437 -8.230499 -8.786512 -7.574908 -8.289303 -8.545533 -7.487897 -9.536461 -9.729769 -8.585926
44.513820 -7.274319 -8.229570 -8.809024 -7.635022 -8.270379 -8.571276 -7.535678 -9.503545 -9.788817 -8.653644
44.553820 -7.258220 -8.245869 -8.717552 -7.649034 -8.248482 -8.556573 -7.499021 -9.436617 -9.725863 -8.622997
44.593820 -7.242696 -8.277398 -8.745160 -7.671726 -8.223196 -8.583837 -7.565728 -9.373948 -9.777103 -8.624173
44.633820 -7.224041 -8.218335 -8.682825 -7.658897 -8.207774 -8.571241 -7.523236 -9.427343 -9.730026 -8.548714
44.673820 -7.206154 -8.193061 -8.667929 -7.639179 -8.191838 -8.540704 -7.514978 -9.415886 -9.747941 -8.592248
44.713820 -7.185791 -8.155036 -8.697134 -7.671703 -8.174405 -8.524689 -7.493685 -9.425121 -9.768893 -8.567770
44.753820 -7.163316 -8.127774 -8.710796 -7.662126 -8.152109 -8.446494 -7.468143 -9.415912 -9.712040 -8.523988
44.793820 -7.141947 -8.115220 -8.679990 -7.718916 -8.129745 -8.479533 -7.474124 -9.375191 -9.719717 -8.563096
44.833820 -7.119008 -8.123727 -8.621993 -7.708201 -8.102314 -8.421862 -7.440855 -9.299106 -9.685694 -8.521836
44.873820 -7.097220 -8.133153 -8.655542 -7.772272 -8.073176 -8.457298 -7.487323 -9.252520 -9.689016 -8.560764
44.913820 -7.074614 -8.077176 -8.591988 -7.719992 -8.052062 -8.454703 -7.480128 -9.299215 -9.680231 -8.493616
44.953820 -7.051366 -8.057506 -8.605640 -7.724028 -8.031017 -8.405221 -7.466913 -9.251625 -9.710078 -8.479408
44.993820 -7.029298 -8.019345 -8.570866 -7.708086 -8.008316 -8.401034 -7.518153 -9.277318 -9.683942 -8.434444
45.033820 -7.009934 -8.006516 -8.562103 -7.712846 -7.986550 -8.332957 -7.481049 -9.257056 -9.622914 -8.440132
45.073820 -6.991397 -7.999524 -8.503998 -7.719023 -7.964718 -8.346193 -7.507543 -9.230800 -9.656546 -8.412324
45.113820 -6.974183 -8.010851 -8.503065 -7.676222 -7.943672 -8.310924 -7.457714 -9.169077 -9.619283 -8.391362
45.153820 -6.958169 -8.011855 -8.557902 -7.725059 -7.921806 -8.304765 -7.490243 -9.154227 -9.623862 -8.384042
45.193820 -6.942725 -7.969860 -8.500527 -7.688344 -7.912251 -8.273048 -7.497113 -9.160144 -9.607569 -8.346810
45.233820 -6.930086 -7.967221 -8.497899 -7.695313 -7.900681 -8.281897 -7.539308 -9.116561 -9.614298 -8.354138
45.273820 -6.917805 -7.945161 -8.462165 -7.697257 -7.885573 -8.285331 -7.536618 -9.147313 -9.603292 -8.359480
45.313820 -6.905701 -7.946418 -8.458547 -7.708934 -7.869802 -8.270444 -7.539732 -9.128640 -9.572075 -8.363447
45.353820 -6.893769 -7.945075 -8.446237 -7.724804 -7.854193 -8.275745 -7.564354 -9.118050 -9.531412 -8.375092
45.393820 -6.882156 -7.954189 -8.479268 -7.719767 -7.840618 -8.271616 -7.563316 -9.073897 -9.541967 -8.368611
45.433820 -6.871003 -7.948246 -8.473021 -7.727581 -7.828341 -8.263440 -7.578636 -9.059546 -9.535003 -8.389726
45.473820 -6.860130 -7.921146 -8.445142 -7.715739 -7.825847 -8.263918 -7.560223 -9.026880 -9.491572 -8.372777
45.513820 -6.849594 -7.929785 -8.456667 -7.721268 -7.812299 -8.262060 -7.544306 -8.997674 -9.464691 -8.400373
45.553820 -6.839378 -7.915896 -8.458539 -7.690649 -7.797569 -8.243503 -7.503251 -9.023639 -9.438819 -8.409470
45.593820 -6.829397 -7.926939 -8.481296 -7.673017 -7.782746 -8.226415 -7.502271 -9.004451 -9.459763 -8.432761
45.633820 -6.820587 -7.923174 -8.524258 -7.659132 -7.772391 -8.207300 -7.480091 -8.996364 -9.447527 -8.443066
45.673820 -6.811953 -7.929742 -8.559467 -7.651695 -7.763386 -8.198108 -7.453157 -8.962660 -9.479947 -8.444556
45.713820 -6.804211 -7.919756 -8.577117 -7.666618 -7.758632 -8.214630 -7.472278 -8.940209 -9.456795 -8.456058
45.753820 -6.797318 -7.912458 -8.572803 -7.683726 -7.757405 -8.202983 -7.449174 -8.901020 -9.418842 -8.447117
45.793820 -6.790533 -7.926860 -8.582931 -7.708721 -7.746204 -8.213762 -7.484400 -8.886785 -9.363809 -8.470901
45.833820 -6.784156 -7.930963 -8.591628 -7.690629 -7.732985 -8.207805 -7.448488 -8.904064 -9.337352 -8.476377
45.873820 -6.777872 -7.953009 -8.621342 -7.711570 -7.723047 -8.223347 -7.460170 -8.878726 -9.349371 -8.502426
45.913820 -6.773158 -7.949702 -8.604966 -7.715397 -7.718195 -8.212828 -7.437043 -8.872906 -9.311562 -8.525333
45.953820 -6.769964 -7.961408 -8.624114 -7.724657 -7.716167 -8.207806 -7.433466 -8.844187 -9.302217 -8.509738
45.993820 -6.766793 -7.957752 -8.629231 -7.730182 -7.716302 -8.193854 -7.439050 -8.824250 -9.285525 -8.523335
46.033820 -6.766927 -7.976793 -8.613521 -7.753226 -7.718312 -8.200609 -7.431708 -8.794096 -9.281155 -8.515051
46.073820 -6.767062 -8.002035 -8.617634 -7.750740 -7.713582 -8.231467 -7.444806 -8.791906 -9.291884 -8.513270
46.113820 -6.768712 -8.037582 -8.637626 -7.759749 -7.708753 -8.243960 -7.448337 -8.792668 -9.276711 -8.492772
46.153820 -6.771896 -8.077420 -8.680475 -7.769541 -7.710877 -8.263165 -7.466318 -8.769803 -9.301087 -8.508476
46.193820 -6.775103 -8.097997 -8.686431 -7.779308 -7.714871 -8.270263 -7.451952 -8.756316 -9.260732 -8.485087
46.233820 -6.780631 -8.132130 -8.723074 -7.781860 -7.723725 -8.275839 -7.476938 -8.728416 -9.231211 -8.492308
46.273820 -6.786230 -8.162161 -8.761451 -7.791703 -7.730782 -8.265521 -7.453824 -8.713613 -9.238205 -8.491274
46.313820 -6.793669 -8.202543 -8.794447 -7.795010 -7.742536 -8.258869 -7.474236 -8.687779 -9.227910 -8.481868
46.353820 -6.803043 -8.232199 -8.828911 -7.809425 -7.753137 -8.285488 -7.486216 -8.683363 -9.231522 -8.462923
46.393820 -6.812624 -8.255396 -8.856196 -7.817494 -7.766835 -8.312220 -7.482484 -8.673374 -9.218641 -8.455279
46.433820 -6.825149 -8.284676 -8.896516 -7.850507 -7.781327 -8.307670 -7.510075 -8.672880 -9.241313 -8.453435
46.473820 -6.838046 -8.317134 -8.925244 -7.885600 -7.792732 -8.322690 -7.529275 -8.682963 -9.250418 -8.419163
46.513820 -6.852552 -8.358222 -8.967803 -7.941649 -7.807314 -8.363438 -7.540528 -8.687762 -9.258765 -8.411487
46.553820 -6.868819 -8.406069 -9.006260 -7.998029 -7.825496 -8.399499 -7.545632 -8.688112 -9.282762 -8.392617
46.593820 -6.885719 -8.450620 -9.034343 -8.035774 -7.848705 -8.431511 -7.539834 -8.679322 -9.299488 -8.418160
46.633820 -6.906006 -8.483315 -9.093104 -8.067922 -7.874911 -8.450217 -7.560860 -8.680789 -9.330707 -8.429612
46.673820 -6.927287 -8.506656 -9.128033 -8.095514 -7.904167 -8.486720 -7.558167 -8.681816 -9.322751 -8.450456
46.713820 -6.949540 -8.536767 -9.169055 -8.107892 -7.928959 -8.540257 -7.580181 -8.696206 -9.358878 -8.465833
46.753820 -6.972865 -8.568138 -9.208823 -8.140886 -7.952213 -8.549505 -7.597615 -8.717860 -9.383234 -8.467132
46.793820 -6.997513 -8.611576 -9.249691 -8.184132 -7.976395 -8.572287 -7.615465 -8.739452 -9.411671 -8.463629
46.833820 -7.023302 -8.658579 -9.295619 -8.230984 -8.003249 -8.600629 -7.624720 -8.758384 -9.396356 -8.497686
46.873820 -7.050719 -8.704823 -9.326177 -8.274888 -8.036640 -8.641110 -7.659395 -8.768919 -9.404460 -8.483107
46.913820 -7.078847 -8.742553 -9.374185 -8.320448 -8.073168 -8.674365 -7.709569 -8.777755 -9.397150 -8.487060
46.953820 -7.107708 -8.770588 -9.420894 -8.350341 -8.109668 -8.706922 -7.713275 -8.791677 -9.395795 -8.479825
46.993820 -7.138624 -8.812155 -9.476704 -8.419828 -8.142074 -8.758938 -7.717662 -8.817991 -9.404787 -8.512434
47.033820 -7.168166 -8.848520 -9.508926 -8.463382 -8.169970 -8.793850 -7.729249 -8.849567 -9.430322 -8.518536
47.073820 -7.199866 -8.901442 -9.563660 -8.531470 -8.202101 -8.844530 -7.759819 -8.877141 -9.475449 -8.536676
47.113820 -7.232346 -8.953410 -9.600632 -8.578664 -8.236544 -8.877683 -7.780395 -8.903080 -9.479483 -8.527703
47.153820 -7.265599 -9.009757 -9.652167 -8.655537 -8.275607 -8.912577 -7.819893 -8.922634 -9.528129 -8.537578
47.193820 -7.301610 -9.060592 -9.700137 -8.740922 -8.319317 -8.958794 -7.854307 -8.943465 -9.551954 -8.537370
47.233820 -7.336599 -9.107865 -9.745144 -8.823715 -8.360115 -9.001368 -7.891848 -8.967401 -9.585980 -8.541982
47.273820 -7.374656 -9.159962 -9.817886 -8.920394 -8.399443 -9.042059 -7.941307 -9.001818 -9.614549 -8.566747
47.313820 -7.413185 -9.204597 -9.853023 -8.988803 -8.436118 -9.085967 -7.981068 -9.042654 -9.648518 -8.607275
47.353820 -7.451984 -9.253077 -9.897274 -9.040799 -8.478156 -9.139174 -8.041276 -9.075227 -9.674431 -8.666178
47.393820 -7.494592 -9.293184 -9.933758 -9.091959 -8.524853 -9.178929 -8.082533 -9.111707 -9.705009 -8.708317
47.433820 -7.533239 -9.336873 -9.990898 -9.146610 -8.572168 -9.230276 -8.141243 -9.136782 -9.752947 -8.767330
47.473820 -7.575664 -9.374461 -10.048314 -9.196683 -8.623806 -9.270181 -8.172183 -9.166505 -9.784579 -8.801429
47.513820 -7.618225 -9.420726 -10.107854 -9.255808 -8.674705 -9.314931 -8.214752 -9.197335 -9.823275 -8.853446
47.553820 -7.660496 -9.463186 -10.160031 -9.306657 -8.721516 -9.351647 -8.242860 -9.233611 -9.868714 -8.866921
47.593820 -7.707329 -9.517647 -10.213056 -9.368789 -8.771394 -9.399733 -8.340885 -9.275808 -9.921358 -8.875518
47.633820 -7.747804 -9.567583 -10.257270 -9.426277 -8.816549 -9.436689 -8.415667 -9.309530 -9.967590 -8.902848
47.673820 -7.792444 -9.620596 -10.296098 -9.482753 -8.862278 -9.480463 -8.460932 -9.352090 -10.014782 -8.925255
47.713820 -7.836647 -9.677238 -10.343834 -9.538713 -8.907348 -9.535624 -8.538043 -9.394170 -10.066914 -8.965194
47.753820 -7.879725 -9.730021 -10.385938 -9.589337 -8.946249 -9.572843 -8.597320 -9.441620 -10.113218 -8.992714
47.793820 -7.927552 -9.787943 -10.442003 -9.647637 -8.993453 -9.632788 -8.648439 -9.489405 -10.169990 -9.044002
47.833820 -7.968504 -9.836613 -10.502901 -9.696067 -9.031392 -9.672643 -8.682977 -9.533542 -10.212209 -9.078878
47.873820 -8.013725 -9.891336 -10.561874 -9.799688 -9.077341 -9.721538 -8.726815 -9.577094 -10.258668 -9.132663
47.913820 -8.058308 -9.939866 -10.613708 -9.862454 -9.122398 -9.766753 -8.772214 -9.620774 -10.299267 -9.182699
47.953820 -8.101476 -9.989095 -10.665515 -9.903822 -9.168070 -9.808869 -8.823622 -9.660348 -10.330718 -9.238733
47.993820 -8.149412 -10.041261 -10.721856 -9.965009 -9.218195 -9.858245 -8.902455 -9.705265 -10.382090 -9.299869
48.033820 -8.190996 -10.090008 -10.761672 -10.020673 -9.261038 -9.897329 -8.975663 -9.744786 -10.416909 -9.352635
48.073820 -8.236987 -10.147391 -10.828906 -10.076020 -9.309585 -9.946987 -9.054308 -9.786877 -10.463308 -9.417788
48.113820 -8.282587 -10.204194 -10.895310 -10.125521 -9.356927 -9.996118 -9.120861 -9.829629 -10.500773 -9.482672
48.153820 -8.327061 -10.261347 -10.959006 -10.180031 -9.403318 -10.054058 -9.180111 -9.870997 -10.539369 -9.559475
48.193820 -8.376615 -10.322807 -11.045982 -10.248976 -9.454003 -10.112969 -9.241130 -9.918465 -10.582751 -9.637921
48.233820 -8.419809 -10.377215 -11.112609 -10.318257 -9.498377 -10.163955 -9.299185 -9.959593 -10.617881 -9.706602
48.273820 -8.467778 -10.439185 -11.176555 -10.386864 -9.545487 -10.215216 -9.360842 -10.007713 -10.658664 -9.787118
48.313820 -8.515371 -10.500971 -11.232820 -10.453597 -9.593012 -10.283492 -9.424338 -10.054559 -10.694234 -9.859290
48.353820 -8.561770 -10.562899 -11.289060 -10.523977 -9.639209 -10.347751 -9.485876 -10.100320 -10.746329 -9.920582
48.393820 -8.613726 -10.630277 -11.354548 -10.586559 -9.692596 -10.392998 -9.552125 -10.149794 -10.795960 -9.976008
48.433820 -8.659024 -10.687984 -11.426735 -10.642553 -9.740853 -10.432032 -9.616246 -10.191083 -10.840091 -10.021446
48.473820 -8.709603 -10.752805 -11.502365 -10.699607 -9.795401 -10.478556 -9.681235 -10.236522 -10.883811 -10.075238
48.513820 -8.759855 -10.818964 -11.572515 -10.774249 -9.849953 -10.535734 -9.749828 -10.281321 -10.928341 -10.127631
48.553820 -8.808845 -10.882009 -11.636499 -10.846768 -9.903617 -10.591752 -9.809120 -10.324685 -10.976955 -10.178825
48.593820 -8.864072 -10.950959 -11.705971 -10.923605 -9.962420 -10.656547 -9.880931 -10.375580 -11.025780 -10.235686
48.633820 -8.911755 -11.008387 -11.772086 -10.987543 -10.014342 -10.713584 -9.937274 -10.418509 -11.073233 -10.289154
48.673820 -8.965325 -11.073141 -11.861149 -11.050850 -10.070501 -10.779065 -9.993241 -10.469017 -11.132012 -10.341339
48.713820 -9.018454 -11.141413 -11.975105 -11.108453 -10.125740 -10.836265 -10.058656 -10.519455 -11.195277 -10.395403
48.753820 -9.069991 -11.210030 -12.078702 -11.170496 -10.177766 -10.897670 -10.116688 -10.569870 -11.253639 -10.449911
48.793820 -9.128478 -11.290074 -12.172074 -11.253394 -10.235941 -10.958961 -10.182947 -10.627894 -11.315706 -10.508215
48.833820 -9.178517 -11.364684 -12.247526 -11.323865 -10.286077 -11.028139 -10.235874 -10.677006 -11.369675 -10.561884
48.873820 -9.235081 -11.444189 -12.353671 -11.393236 -10.344707 -11.112113 -10.298845 -10.730817 -11.426668 -10.619092
48.913820 -9.291329 -11.527868 -12.456503 -11.458190 -10.404294 -11.185001 -10.358797 -10.783024 -11.486973 -10.678298
48.953820 -9.345965 -11.609525 -12.557357 -11.533567 -10.463646 -11.250049 -10.417116 -10.832449 -11.532846 -10.731739
48.993820 -9.408477 -11.701434 -12.661039 -11.629268 -10.531446 -11.328389 -10.484704 -10.889324 -11.589988 -10.792366
49.033820 -9.461581 -11.779505 -12.763756 -11.698054 -10.590115 -11.419693 -10.537354 -10.936823 -11.638564 -10.840433
49.073820 -9.522095 -11.861719 -12.900419 -11.801367 -10.657479 -11.526253 -10.601847 -10.990859 -11.710763 -10.906780
49.113820 -9.582516 -11.942123 -13.033551 -11.886548 -10.723743 -11.607457 -10.660559 -11.045891 -11.791965 -10.972990
49.153820 -9.641354 -12.022762 -13.174082 -11.972453 -10.790050 -11.694599 -10.725987 -11.098128 -11.856819 -11.030751
49.193820 -9.709431 -12.114326 -13.318385 -12.055843 -10.862990 -11.777959 -10.792837 -11.161860 -11.927037 -11.099829
49.233820 -9.766703 -12.198696 -13.461041 -12.122708 -10.925039 -11.865084 -10.856098 -11.214901 -11.981954 -11.156954
49.273820 -9.832692 -12.294538 -13.613331 -12.195688 -10.995076 -11.959068 -10.921754 -11.277285 -12.090868 -11.222639
49.313820 -9.898644 -12.391301 -13.772332 -12.271991 -11.066731 -12.050575 -10.995334 -11.338466 -12.179642 -11.288063
49.353820 -9.962627 -12.493016 -13.941646 -12.347835 -11.138497 -12.139618 -11.061060 -11.396213 -12.247815 -11.349459
49.393820 -10.037692 -12.603238 -14.124050 -12.436363 -11.223204 -12.238253 -11.136476 -11.464003 -12.324700 -11.423695
49.433820 -10.099660 -12.712295 -14.252557 -12.514863 -11.296992 -12.328101 -11.192149 -11.517417 -12.389815 -11.485438
49.473820 -10.171965 -12.822450 -14.393900 -12.596701 -11.383635 -12.426204 -11.281355 -11.580087 -12.458876 -11.549583
49.513820 -10.244287 -12.935544 -14.556618 -12.692592 -11.471077 -12.530565 -11.352624 -11.642816 -12.533522 -11.631268
49.553820 -10.314059 -13.038211 -14.709712 -12.797295 -11.558354 -12.626814 -11.415542 -11.702262 -12.601148 -11.704819
49.593820 -10.397228 -13.156141 -14.881221 -12.925942 -11.662774 -12.741106 -11.496809 -11.773787 -12.687479 -11.792436
49.633820 -10.464326 -13.257709 -15.026606 -13.021792 -11.751246 -12.833751 -11.558033 -11.830029 -12.756022 -11.852036
49.673820 -10.543719 -13.369132 -15.183213 -13.106572 -11.853683 -12.951295 -11.633174 -11.898611 -12.837803 -11.922173
49.713820 -10.623191 -13.481430 -15.375392 -13.188266 -11.955271 -13.066507 -11.708465 -11.968454 -12.921372 -11.992517
49.753820 -10.699294 -13.589305 -15.556670 -13.265905 -12.052872 -13.212507 -11.782076 -12.035846 -13.000682 -12.058333
49.793820 -10.791627 -13.719600 -15.699239 -13.362921 -12.168889 -13.385676 -11.881566 -12.119244 -13.084201 -12.139281
49.833820 -10.865241 -13.832642 -15.887876 -13.441187 -12.261975 -13.534208 -11.967119 -12.185967 -13.145968 -12.199865
49.873820 -10.953933 -13.977979 -16.054836 -13.537038 -12.369004 -13.708520 -12.073232 -12.268483 -13.260737 -12.275291
49.913820 -11.043308 -14.117101 -16.196720 -13.635359 -12.472653 -13.877725 -12.178941 -12.353279 -13.359054 -12.352372
49.953820 -11.128788 -14.268447 -16.332300 -13.740488 -12.573122 -14.001424 -12.285583 -12.434138 -13.450362 -12.432558
49.993820 -11.235320 -14.430937 -16.493921 -13.864980 -12.693625 -14.136901 -12.416680 -12.536573 -13.578848 -12.517980
50.033820 -11.319233 -14.585372 -16.669644 -13.967658 -12.791263 -14.248235 -12.506461 -12.616606 -13.691638 -12.577562
50.073820 -11.423338 -14.765804 -16.923907 -14.089219 -12.908473 -14.386710 -12.606441 -12.717152 -13.815773 -12.658924
50.113820 -11.530536 -14.947302 -17.190610 -14.210521 -13.028783 -14.560927 -12.707761 -12.820940 -13.952228 -12.744981
50.153820 -11.634674 -15.133626 -17.432967 -14.353387 -13.147979 -14.726949 -12.810461 -12.921336 -14.074407 -12.826124
50.193820 -11.771933 -15.343500 -17.754799 -14.568916 -13.299126 -14.929740 -12.941943 -13.055298 -14.234981 -12.949267
50.233820 -11.879988 -15.532661 -17.984129 -14.686073 -13.428750 -15.103597 -13.048744 -13.158518 -14.360910 -13.060240
50.273820 -12.024161 -15.754992 -18.296964 -14.828040 -13.587023 -15.314702 -13.188949 -13.299674 -14.522224 -13.211274
50.313820 -12.178550 -15.976376 -18.564055 -14.972675 -13.760114 -15.535046 -13.340590 -13.450267 -14.691679 -13.361585
50.353820 -12.328509 -16.184011 -18.839589 -15.123491 -13.919711 -15.746498 -13.491849 -13.598336 -14.848224 -13.485685
50.393820 -12.559428 -16.467214 -19.159753 -15.352120 -14.162998 -16.044828 -13.691073 -13.826914 -15.093964 -13.718833
50.433820 -12.705116 -16.659606 -19.372761 -15.473507 -14.321107 -16.260318 -13.806578 -13.970333 -15.240519 -13.822743
50.473820 -12.925938 -16.922172 -19.672708 -15.671338 -14.551468 -16.502061 -13.989932 -14.189462 -15.485164 -14.057509
50.513820 -13.175583 -17.212903 -19.980476 -15.900288 -14.810556 -16.734550 -14.232496 -14.437475 -15.697462 -14.289870
50.553820 -13.380463 -17.438443 -20.317851 -16.077900 -15.022680 -17.036821 -14.402439 -14.641134 -16.034021 -14.488883
50.593820 -13.781458 -17.862803 -20.798688 -16.479465 -15.421533 -17.462732 -14.779317 -15.042481 -16.489470 -14.877829
50.633820 -13.964079 -18.070022 -21.156226 -16.646151 -15.616715 -17.683703 -14.943320 -15.223032 -16.781318 -15.083097
50.673820 -14.285309 -18.381231 -21.548726 -16.945505 -15.926797 -18.053107 -15.270278 -15.546092 -17.148574 -15.360083
50.713820 -14.717470 -18.832569 -22.143313 -17.418629 -16.362933 -18.589421 -15.742616 -15.977591 -17.674843 -15.747664
50.753820 -14.975049 -19.085418 -22.560375 -17.700973 -16.620433 -19.014787 -15.998889 -16.235184 -17.965002 -15.960289
50.793820 -15.695349 -19.783783 -23.325189 -18.367173 -17.321131 -19.790727 -16.642275 -16.958805 -18.746246 -16.598729
