#Quasar bolometric luminosity function in different bins of deviation from the SMBH mass--galaxy mass (BHSM) relation
#from TRINITY PaperIII (Fig. 7, Zhang+2024, MNRAS, 529, 2777)
#z: 1.00
#log10(Lbol [erg/s])(0) log10(QLF_total [Mpc^-3 dex^-1])(1) log10(QLF(offset < -0.3 dex) [Mpc^-3 dex^-1])(2) log10(QLF(offset < -0.3 dex)_16th [Mpc^-3 dex^-1])(3) log10(QLF(offset < -0.3 dex)_84th [Mpc^-3 dex^-1])(4)
#log10(QLF(-0.3 dex < offset < 0.3 dex) [Mpc^-3 dex^-1])(5) log10(QLF(-0.3 dex < offset < 0.3 dex)_16th [Mpc^-3 dex^-1])(6) log10(QLF(-0.3 dex < offset < 0.3 dex)_84th [Mpc^-3 dex^-1])(7)
#log10(QLF(offset > 0.3 dex) [Mpc^-3 dex^-1])(8) log10(QLF(offset > 0.3 dex)_16th [Mpc^-3 dex^-1])(9) log10(QLF(offset > 0.3 dex)_84th [Mpc^-3 dex^-1])(10)
41.193820 -2.654066 -3.785020 -3.936720 -3.736773 -3.621904 -3.782441 -3.547513 -4.695484 -4.904937 -4.676383
41.233820 -2.648171 -3.779100 -3.928808 -3.728995 -3.616037 -3.771003 -3.541200 -4.689488 -4.893601 -4.671914
41.273820 -2.642355 -3.773592 -3.918135 -3.723195 -3.610175 -3.759126 -3.533472 -4.683492 -4.882286 -4.667142
41.313820 -2.636528 -3.767922 -3.908090 -3.713685 -3.604318 -3.746980 -3.525597 -4.677601 -4.870959 -4.662648
41.353820 -2.630692 -3.762379 -3.898197 -3.705380 -3.598459 -3.734928 -3.520720 -4.671492 -4.860857 -4.655369
41.393820 -2.624934 -3.757009 -3.888506 -3.698167 -3.592642 -3.723053 -3.517345 -4.665510 -4.849077 -4.645772
41.433820 -2.619091 -3.751465 -3.880145 -3.690882 -3.586752 -3.713252 -3.513604 -4.659503 -4.836488 -4.636036
41.473820 -2.613326 -3.746041 -3.874813 -3.683581 -3.580928 -3.705788 -3.506230 -4.653575 -4.823626 -4.626253
41.513820 -2.607506 -3.740455 -3.869222 -3.675469 -3.575068 -3.698266 -3.498704 -4.647639 -4.811725 -4.619118
41.553820 -2.601633 -3.735079 -3.863614 -3.667521 -3.569138 -3.690604 -3.491230 -4.641397 -4.799619 -4.611796
41.593820 -2.595838 -3.729723 -3.857942 -3.659526 -3.563249 -3.682594 -3.485680 -4.635482 -4.787136 -4.604745
41.633820 -2.589768 -3.724123 -3.849664 -3.651613 -3.557125 -3.672277 -3.480277 -4.629061 -4.773621 -4.594712
41.673820 -2.583782 -3.718497 -3.840928 -3.644344 -3.551085 -3.662344 -3.474998 -4.622865 -4.761707 -4.585827
41.713820 -2.577674 -3.712774 -3.831319 -3.636914 -3.544942 -3.652030 -3.467268 -4.616430 -4.749554 -4.579727
41.753820 -2.571453 -3.707143 -3.822384 -3.629453 -3.538614 -3.640271 -3.457853 -4.609957 -4.735763 -4.573396
41.793820 -2.565318 -3.701441 -3.811198 -3.621983 -3.532407 -3.630997 -3.449054 -4.603610 -4.727907 -4.564027
41.833820 -2.558799 -3.695475 -3.800972 -3.613609 -3.525838 -3.620388 -3.440150 -4.596621 -4.716388 -4.553371
41.873820 -2.552376 -3.689419 -3.794821 -3.606746 -3.519387 -3.608593 -3.432241 -4.589862 -4.707345 -4.543179
41.913820 -2.545812 -3.683491 -3.786616 -3.600114 -3.512744 -3.599247 -3.424545 -4.582860 -4.698678 -4.534573
41.953820 -2.539113 -3.677427 -3.778642 -3.593622 -3.505936 -3.590824 -3.417617 -4.575867 -4.689956 -4.527366
41.993820 -2.532517 -3.671543 -3.770764 -3.587171 -3.499268 -3.582841 -3.410558 -4.568709 -4.680749 -4.520453
42.033820 -2.525871 -3.665556 -3.763810 -3.581042 -3.492592 -3.575587 -3.402784 -4.561375 -4.676188 -4.514898
42.073820 -2.519325 -3.659741 -3.757042 -3.575189 -3.486004 -3.568719 -3.395377 -4.554109 -4.672420 -4.507788
42.113820 -2.513125 -3.654636 -3.751255 -3.569570 -3.479694 -3.562285 -3.389378 -4.547050 -4.668241 -4.501049
42.153820 -2.507259 -3.649798 -3.745310 -3.564526 -3.473755 -3.554796 -3.382747 -4.540244 -4.661218 -4.494498
42.193820 -2.501471 -3.645229 -3.739387 -3.558778 -3.467926 -3.547177 -3.376290 -4.533135 -4.657020 -4.487443
42.233820 -2.496548 -3.641459 -3.734654 -3.554056 -3.462960 -3.540339 -3.371268 -4.526990 -4.654471 -4.481068
42.273820 -2.491681 -3.637648 -3.730321 -3.548812 -3.458064 -3.533465 -3.366497 -4.520965 -4.650842 -4.473713
42.313820 -2.487085 -3.634013 -3.727130 -3.543813 -3.453412 -3.526681 -3.361363 -4.515451 -4.646218 -4.467405
42.353820 -2.482751 -3.630628 -3.723443 -3.538816 -3.449024 -3.521740 -3.356221 -4.510214 -4.639283 -4.462986
42.393820 -2.478460 -3.627295 -3.720415 -3.533721 -3.444661 -3.516810 -3.350916 -4.505096 -4.632551 -4.459322
42.433820 -2.474369 -3.624200 -3.717060 -3.529093 -3.440454 -3.512244 -3.345715 -4.500337 -4.625379 -4.455253
42.473820 -2.470316 -3.621162 -3.713960 -3.524281 -3.436293 -3.507482 -3.343425 -4.495560 -4.618060 -4.451437
42.513820 -2.466369 -3.618301 -3.710273 -3.520040 -3.432174 -3.503146 -3.342069 -4.491103 -4.610868 -4.445850
42.553820 -2.462526 -3.615597 -3.706838 -3.515891 -3.428209 -3.498506 -3.340362 -4.486463 -4.603613 -4.439378
42.593820 -2.458716 -3.612867 -3.703730 -3.513727 -3.424273 -3.493519 -3.339150 -4.481948 -4.596862 -4.433761
42.633820 -2.455098 -3.610624 -3.700433 -3.511695 -3.420503 -3.488098 -3.336500 -4.477399 -4.590536 -4.427795
42.673820 -2.451509 -3.608421 -3.697722 -3.509934 -3.416799 -3.483156 -3.334126 -4.472710 -4.583949 -4.421959
42.713820 -2.448055 -3.606481 -3.694328 -3.507751 -3.413194 -3.477942 -3.330354 -4.468176 -4.577665 -4.414397
42.753820 -2.444732 -3.604868 -3.691409 -3.504243 -3.409659 -3.472937 -3.325973 -4.463828 -4.571746 -4.407240
42.793820 -2.441435 -3.603347 -3.688122 -3.500225 -3.406166 -3.467221 -3.322718 -4.459373 -4.565339 -4.400059
42.833820 -2.438409 -3.601844 -3.685438 -3.496876 -3.403052 -3.461858 -3.319955 -4.454998 -4.558773 -4.393203
42.873820 -2.435404 -3.600358 -3.682477 -3.493259 -3.399990 -3.456614 -3.315742 -4.450525 -4.552201 -4.386793
42.913820 -2.432537 -3.599128 -3.679730 -3.490475 -3.397030 -3.451328 -3.311869 -4.446226 -4.545221 -4.382341
42.953820 -2.429805 -3.598245 -3.677184 -3.488752 -3.394154 -3.447456 -3.307859 -4.442064 -4.540522 -4.379520
42.993820 -2.427090 -3.596945 -3.674276 -3.486113 -3.391436 -3.444414 -3.303605 -4.437791 -4.534860 -4.373260
43.033820 -2.424622 -3.596017 -3.671823 -3.484105 -3.388970 -3.440817 -3.300108 -4.433612 -4.530084 -4.367528
43.073820 -2.422167 -3.594861 -3.670678 -3.481589 -3.386544 -3.435936 -3.296493 -4.429603 -4.524995 -4.361742
43.113820 -2.419871 -3.594140 -3.670039 -3.479592 -3.384154 -3.432216 -3.293854 -4.426003 -4.520842 -4.356251
43.153820 -2.417730 -3.593351 -3.669150 -3.477030 -3.381973 -3.427971 -3.290592 -4.422572 -4.516871 -4.350973
43.193820 -2.415601 -3.592482 -3.668935 -3.475429 -3.379842 -3.424402 -3.287939 -4.419098 -4.513293 -4.345428
43.233820 -2.413823 -3.592443 -3.668764 -3.474396 -3.377964 -3.420635 -3.284998 -4.415896 -4.509718 -4.340531
43.273820 -2.412053 -3.591967 -3.668752 -3.473395 -3.376143 -3.417103 -3.282219 -4.412976 -4.506180 -4.335336
43.313820 -2.410457 -3.592153 -3.668433 -3.472893 -3.374388 -3.413631 -3.279912 -4.410187 -4.502465 -4.330668
43.353820 -2.409034 -3.591640 -3.668469 -3.472297 -3.372995 -3.410122 -3.277507 -4.407680 -4.498710 -4.325853
43.393820 -2.407615 -3.591865 -3.668195 -3.472109 -3.371527 -3.407206 -3.275474 -4.404756 -4.495605 -4.321048
43.433820 -2.406525 -3.592342 -3.668460 -3.471632 -3.370327 -3.404052 -3.273075 -4.402517 -4.492525 -4.316737
43.473820 -2.405438 -3.593036 -3.668944 -3.471749 -3.369093 -3.401597 -3.271489 -4.400229 -4.489815 -4.312316
43.513820 -2.404525 -3.594141 -3.669422 -3.471590 -3.367988 -3.398414 -3.269315 -4.398076 -4.486380 -4.308429
43.553820 -2.403785 -3.595459 -3.670012 -3.472075 -3.367069 -3.396538 -3.267809 -4.396012 -4.483833 -4.304273
43.593820 -2.403047 -3.596625 -3.670056 -3.472263 -3.366263 -3.393924 -3.265901 -4.393651 -4.480863 -4.300216
43.633820 -2.402663 -3.597629 -3.671231 -3.471542 -3.365843 -3.392158 -3.264298 -4.392029 -4.478653 -4.296969
43.673820 -2.402279 -3.599066 -3.672089 -3.470739 -3.365493 -3.390789 -3.263039 -4.389695 -4.475808 -4.294570
43.713820 -2.402066 -3.600484 -3.673842 -3.471082 -3.365198 -3.389419 -3.261700 -4.388224 -4.473132 -4.292969
43.753820 -2.402025 -3.602206 -3.674561 -3.470313 -3.365151 -3.388486 -3.260945 -4.386485 -4.470877 -4.290958
43.793820 -2.401983 -3.603045 -3.676125 -3.471402 -3.365169 -3.387494 -3.259973 -4.385335 -4.468120 -4.289084
43.833820 -2.402273 -3.604653 -3.677720 -3.471490 -3.365517 -3.386435 -3.259717 -4.384110 -4.465637 -4.287795
43.873820 -2.402564 -3.605893 -3.679817 -3.472872 -3.365943 -3.385363 -3.259126 -4.382926 -4.462912 -4.284258
43.913820 -2.403019 -3.607653 -3.682078 -3.473983 -3.366418 -3.384847 -3.259318 -4.382051 -4.460909 -4.281130
43.953820 -2.403638 -3.609645 -3.683901 -3.474073 -3.367128 -3.383788 -3.259512 -4.380992 -4.458620 -4.277530
43.993820 -2.404258 -3.611790 -3.686139 -3.475000 -3.367771 -3.383434 -3.259955 -4.380080 -4.456910 -4.274305
44.033820 -2.405279 -3.614202 -3.687717 -3.474442 -3.368894 -3.382735 -3.260515 -4.379383 -4.456231 -4.271613
44.073820 -2.406303 -3.616041 -3.690772 -3.477391 -3.369998 -3.382531 -3.261752 -4.379320 -4.456478 -4.269449
44.113820 -2.407515 -3.618822 -3.692792 -3.477987 -3.371197 -3.382604 -3.262196 -4.379134 -4.455638 -4.267288
44.153820 -2.408916 -3.621404 -3.696376 -3.481419 -3.372647 -3.382585 -3.263892 -4.379251 -4.455735 -4.266599
44.193820 -2.410322 -3.624731 -3.697768 -3.483551 -3.374038 -3.383008 -3.265096 -4.378967 -4.455631 -4.265979
44.233820 -2.411891 -3.626658 -3.700871 -3.486822 -3.375687 -3.384532 -3.266720 -4.379887 -4.456199 -4.265733
44.273820 -2.413465 -3.629263 -3.703282 -3.489225 -3.377265 -3.385587 -3.268638 -4.380512 -4.456737 -4.265229
44.313820 -2.415155 -3.632271 -3.705739 -3.491952 -3.378880 -3.387038 -3.270293 -4.381319 -4.456803 -4.264667
44.353820 -2.416963 -3.635408 -3.710015 -3.497275 -3.380602 -3.388893 -3.273104 -4.382281 -4.457690 -4.264771
44.393820 -2.418778 -3.638434 -3.712126 -3.501248 -3.382477 -3.390041 -3.274748 -4.382780 -4.457025 -4.264276
44.433820 -2.420836 -3.640993 -3.715668 -3.507612 -3.384725 -3.391317 -3.278063 -4.383633 -4.458462 -4.264441
44.473820 -2.422903 -3.644580 -3.716877 -3.509809 -3.386842 -3.392685 -3.280146 -4.384160 -4.458823 -4.263621
44.513820 -2.425090 -3.647067 -3.718456 -3.513381 -3.389082 -3.393832 -3.283508 -4.385872 -4.460754 -4.264220
44.553820 -2.427398 -3.650736 -3.723532 -3.518024 -3.391432 -3.394781 -3.286178 -4.386824 -4.461119 -4.263397
44.593820 -2.429718 -3.654891 -3.727807 -3.522537 -3.393569 -3.396385 -3.290352 -4.388274 -4.462771 -4.264892
44.633820 -2.432271 -3.659182 -3.734787 -3.528622 -3.396117 -3.398208 -3.293509 -4.389348 -4.464658 -4.265182
44.673820 -2.434839 -3.663343 -3.738839 -3.538896 -3.398502 -3.401105 -3.295842 -4.391273 -4.466544 -4.266024
44.713820 -2.437540 -3.667125 -3.747323 -3.554316 -3.401057 -3.406822 -3.299684 -4.393624 -4.469186 -4.267474
44.753820 -2.440378 -3.672726 -3.751497 -3.572114 -3.403664 -3.409600 -3.304146 -4.395025 -4.470105 -4.266208
44.793820 -2.443234 -3.676968 -3.760085 -3.588897 -3.406424 -3.413646 -3.308457 -4.397088 -4.472757 -4.267373
44.833820 -2.446408 -3.682683 -3.768011 -3.595472 -3.409475 -3.415974 -3.313258 -4.398621 -4.472721 -4.267742
44.873820 -2.449606 -3.687298 -3.779562 -3.606743 -3.412610 -3.420306 -3.318080 -4.400887 -4.475757 -4.270000
44.913820 -2.453112 -3.693296 -3.787348 -3.623216 -3.415994 -3.423111 -3.323081 -4.402817 -4.476662 -4.270932
44.953820 -2.456936 -3.702440 -3.797674 -3.639789 -3.418920 -3.427056 -3.328917 -4.405796 -4.480125 -4.272650
44.993820 -2.460793 -3.710762 -3.806750 -3.658774 -3.422077 -3.429911 -3.334457 -4.408784 -4.482340 -4.274461
45.033820 -2.465049 -3.720461 -3.818716 -3.667450 -3.425538 -3.434671 -3.340270 -4.411808 -4.484520 -4.275475
45.073820 -2.469347 -3.728403 -3.833073 -3.676698 -3.429240 -3.440096 -3.345063 -4.415568 -4.488495 -4.277613
45.113820 -2.473945 -3.739011 -3.847096 -3.687003 -3.433210 -3.445699 -3.348637 -4.417958 -4.490034 -4.277059
45.153820 -2.478852 -3.750780 -3.865412 -3.701586 -3.437081 -3.451557 -3.358424 -4.421673 -4.494985 -4.280344
45.193820 -2.483815 -3.763375 -3.886348 -3.717740 -3.441368 -3.456770 -3.367026 -4.423586 -4.496527 -4.281004
45.233820 -2.489512 -3.779702 -3.909427 -3.740862 -3.445775 -3.470739 -3.376175 -4.426568 -4.502155 -4.286399
45.273820 -2.495284 -3.795152 -3.927241 -3.757451 -3.450504 -3.480972 -3.383620 -4.429555 -4.504322 -4.289045
45.313820 -2.501632 -3.810610 -3.954106 -3.784352 -3.456136 -3.491043 -3.391911 -4.432432 -4.508562 -4.292273
45.353820 -2.508581 -3.825555 -3.976231 -3.803350 -3.462373 -3.501378 -3.399133 -4.436781 -4.512249 -4.295071
45.393820 -2.515643 -3.844582 -4.004686 -3.829511 -3.468819 -3.509925 -3.405447 -4.438486 -4.513498 -4.296549
45.433820 -2.523818 -3.866287 -4.032486 -3.859562 -3.475860 -3.525738 -3.416915 -4.442549 -4.519802 -4.300211
45.473820 -2.532151 -3.887987 -4.063653 -3.881706 -3.483733 -3.543151 -3.427089 -4.444693 -4.521498 -4.301832
45.513820 -2.541312 -3.913210 -4.100773 -3.911759 -3.492211 -3.556516 -3.439550 -4.447309 -4.527960 -4.304062
45.553820 -2.551354 -3.937129 -4.136475 -3.942886 -3.502039 -3.571253 -3.450809 -4.450703 -4.530408 -4.306284
45.593820 -2.561632 -3.962199 -4.174688 -3.976049 -3.512598 -3.588960 -3.462240 -4.452472 -4.537533 -4.311198
45.633820 -2.573576 -3.988530 -4.209941 -4.007458 -3.524851 -3.608763 -3.475116 -4.456414 -4.544996 -4.318902
45.673820 -2.585858 -4.017856 -4.249138 -4.034615 -3.537550 -3.628608 -3.488440 -4.459515 -4.552583 -4.329205
45.713820 -2.599188 -4.049640 -4.290914 -4.066442 -3.550928 -3.650654 -3.505096 -4.464769 -4.561407 -4.333460
45.753820 -2.613654 -4.081916 -4.326344 -4.097716 -3.566161 -3.673414 -3.523233 -4.469568 -4.569160 -4.347235
45.793820 -2.628619 -4.117456 -4.364180 -4.131349 -3.581867 -3.696741 -3.543746 -4.474429 -4.578428 -4.363883
45.833820 -2.645462 -4.152779 -4.402205 -4.167338 -3.599941 -3.723148 -3.563293 -4.480970 -4.586191 -4.382069
45.873820 -2.662985 -4.189785 -4.444842 -4.208977 -3.619673 -3.751820 -3.580159 -4.485498 -4.593981 -4.401196
45.913820 -2.681692 -4.226043 -4.487774 -4.249940 -3.640483 -3.782695 -3.597546 -4.492758 -4.603368 -4.420155
45.953820 -2.701708 -4.265017 -4.531985 -4.293924 -3.663221 -3.816888 -3.621324 -4.499762 -4.617653 -4.437053
45.993820 -2.722693 -4.304713 -4.576453 -4.336871 -3.686735 -3.849681 -3.646815 -4.508954 -4.630651 -4.447820
46.033820 -2.745026 -4.345198 -4.620222 -4.378296 -3.711726 -3.881213 -3.674028 -4.519850 -4.644675 -4.457521
46.073820 -2.768570 -4.387844 -4.664733 -4.424372 -3.738261 -3.916962 -3.701646 -4.531425 -4.668448 -4.472824
46.113820 -2.793202 -4.429069 -4.707354 -4.469413 -3.766219 -3.950884 -3.726708 -4.544358 -4.687281 -4.488931
46.153820 -2.819037 -4.471930 -4.751594 -4.512865 -3.796386 -3.988068 -3.754231 -4.556581 -4.706821 -4.505778
46.193820 -2.846508 -4.515038 -4.795271 -4.555931 -3.827870 -4.025529 -3.785968 -4.572034 -4.729481 -4.521635
46.233820 -2.874352 -4.558889 -4.839473 -4.599824 -3.860385 -4.065486 -3.818140 -4.586896 -4.753122 -4.539453
46.273820 -2.904104 -4.603704 -4.883800 -4.644369 -3.894272 -4.106578 -3.850022 -4.605497 -4.772171 -4.557012
46.313820 -2.934642 -4.649155 -4.928869 -4.689366 -3.929064 -4.148256 -3.883641 -4.625109 -4.791183 -4.579086
46.353820 -2.965982 -4.695140 -4.973904 -4.734586 -3.964758 -4.190185 -3.917522 -4.645795 -4.815039 -4.601438
46.393820 -2.999760 -4.742324 -5.020016 -4.780846 -4.003022 -4.233329 -3.954407 -4.669246 -4.844009 -4.626745
46.433820 -3.032486 -4.789083 -5.065711 -4.826179 -4.040767 -4.275457 -3.990864 -4.690989 -4.877891 -4.654324
46.473820 -3.067881 -4.836934 -5.112153 -4.872304 -4.080751 -4.319134 -4.029305 -4.716764 -4.913338 -4.685594
46.513820 -3.103821 -4.885769 -5.159884 -4.919112 -4.121368 -4.362917 -4.069436 -4.743218 -4.947564 -4.712813
46.553820 -3.140181 -4.933494 -5.206762 -4.965110 -4.161826 -4.406545 -4.110738 -4.771530 -4.982125 -4.746301
46.593820 -3.179866 -4.984684 -5.257561 -5.014399 -4.205631 -4.453047 -4.155369 -4.803359 -5.019553 -4.783114
46.633820 -3.216772 -5.032149 -5.304683 -5.059861 -4.246509 -4.496126 -4.196585 -4.832964 -5.054303 -4.817662
46.673820 -3.257109 -5.082763 -5.355036 -5.108321 -4.290752 -4.542264 -4.241348 -4.866328 -5.092181 -4.855381
46.713820 -3.297722 -5.132872 -5.406063 -5.156602 -4.335313 -4.588034 -4.285847 -4.900165 -5.129949 -4.893618
46.753820 -3.338290 -5.181702 -5.456123 -5.204706 -4.379567 -4.632102 -4.330300 -4.934619 -5.167949 -4.930612
46.793820 -3.383042 -5.234943 -5.511704 -5.257467 -4.428128 -4.680849 -4.378660 -4.973208 -5.211006 -4.969398
46.833820 -3.423407 -5.282872 -5.561775 -5.305177 -4.471733 -4.724081 -4.422467 -5.008418 -5.251436 -5.003880
46.873820 -3.467911 -5.335250 -5.617533 -5.357824 -4.519515 -4.771160 -4.469995 -5.047794 -5.295726 -5.042980
46.913820 -3.512341 -5.386863 -5.673613 -5.413328 -4.566797 -4.818015 -4.517380 -5.087820 -5.339079 -5.082692
46.953820 -3.556128 -5.438493 -5.730395 -5.467419 -4.613499 -4.863597 -4.563474 -5.127148 -5.384216 -5.121875
46.993820 -3.604830 -5.494357 -5.792995 -5.525733 -4.664862 -4.914292 -4.613646 -5.171851 -5.433545 -5.167489
47.033820 -3.647745 -5.545282 -5.850586 -5.575645 -4.710358 -4.958390 -4.657434 -5.210871 -5.474619 -5.207938
47.073820 -3.695372 -5.601253 -5.914322 -5.629405 -4.760481 -5.007516 -4.704933 -5.254750 -5.516531 -5.254680
47.113820 -3.742747 -5.658233 -5.978588 -5.683246 -4.810110 -5.056035 -4.755636 -5.298649 -5.558374 -5.301888
47.153820 -3.789111 -5.713854 -6.043465 -5.735937 -4.858744 -5.103730 -4.804828 -5.341597 -5.601079 -5.347470
47.193820 -3.841021 -5.776284 -6.113150 -5.795325 -4.912521 -5.157325 -4.859882 -5.390546 -5.651143 -5.399447
47.233820 -3.886055 -5.831493 -6.171620 -5.846901 -4.959510 -5.203399 -4.906265 -5.432582 -5.694086 -5.443823
47.273820 -3.936304 -5.893621 -6.235629 -5.907957 -5.011432 -5.256037 -4.958075 -5.480107 -5.742218 -5.493188
47.313820 -3.986207 -5.955370 -6.299763 -5.969988 -5.063208 -5.307446 -5.008756 -5.527098 -5.789595 -5.540378
47.353820 -4.034842 -6.017299 -6.369067 -6.031014 -5.113531 -5.359183 -5.058686 -5.573000 -5.834890 -5.586329
47.393820 -4.089618 -6.086165 -6.445321 -6.099482 -5.170371 -5.416488 -5.114395 -5.624617 -5.885831 -5.638394
47.433820 -4.136715 -6.147116 -6.505347 -6.158986 -5.219406 -5.467229 -5.162582 -5.668769 -5.929274 -5.682144
47.473820 -4.189548 -6.215325 -6.579562 -6.223674 -5.274499 -5.523688 -5.216622 -5.718274 -5.978108 -5.731740
47.513820 -4.242019 -6.282540 -6.662964 -6.293681 -5.329142 -5.580116 -5.270316 -5.767610 -6.027931 -5.779994
47.553820 -4.293051 -6.350773 -6.746348 -6.365336 -5.382675 -5.636543 -5.323046 -5.815094 -6.077208 -5.827066
47.593820 -4.350889 -6.425733 -6.833146 -6.443247 -5.443032 -5.702416 -5.382602 -5.869445 -6.133158 -5.880439
47.633820 -4.400276 -6.495297 -6.913158 -6.514606 -5.495343 -5.759941 -5.436757 -5.914862 -6.180920 -5.925342
47.673820 -4.456009 -6.571515 -7.000013 -6.594336 -5.554198 -5.824544 -5.496922 -5.966504 -6.234660 -5.976407
47.713820 -4.511421 -6.650114 -7.088568 -6.673368 -5.613136 -5.889441 -5.558031 -6.017413 -6.287122 -6.026592
47.753820 -4.565271 -6.727679 -7.176908 -6.748404 -5.671038 -5.954787 -5.616470 -6.066338 -6.334517 -6.075321
47.793820 -4.626757 -6.815629 -7.277696 -6.832646 -5.736610 -6.027809 -5.683761 -6.122913 -6.390088 -6.130879
47.833820 -4.678959 -6.895180 -7.376450 -6.907487 -5.793548 -6.090511 -5.738116 -6.169704 -6.436047 -6.177539
47.873820 -4.738303 -6.984702 -7.482481 -6.994046 -5.857552 -6.162305 -5.799831 -6.223793 -6.491140 -6.230862
47.913820 -4.797471 -7.075575 -7.591251 -7.079453 -5.922283 -6.234663 -5.860408 -6.277015 -6.545781 -6.283848
47.953820 -4.855026 -7.166347 -7.699039 -7.168475 -5.985385 -6.310047 -5.921882 -6.328805 -6.600233 -6.335147
47.993820 -4.921391 -7.268964 -7.817735 -7.265475 -6.058502 -6.395590 -5.994294 -6.388503 -6.664453 -6.394796
48.033820 -4.977329 -7.360777 -7.926825 -7.356942 -6.121242 -6.473041 -6.056779 -6.437992 -6.720663 -6.444380
48.073820 -5.041553 -7.464766 -8.045813 -7.457227 -6.193618 -6.559188 -6.128731 -6.494854 -6.781478 -6.501830
48.113820 -5.105716 -7.566777 -8.165626 -7.559412 -6.266124 -6.646005 -6.200459 -6.551841 -6.840018 -6.559153
48.153820 -5.168038 -7.671611 -8.284617 -7.654149 -6.337836 -6.731502 -6.271797 -6.606432 -6.899447 -6.615491
48.193820 -5.240826 -7.784416 -8.415998 -7.761120 -6.420368 -6.829581 -6.351172 -6.671607 -6.969982 -6.681104
48.233820 -5.301300 -7.888898 -8.532534 -7.857648 -6.491644 -6.916033 -6.418793 -6.724030 -7.030267 -6.736248
48.273820 -5.371578 -8.002009 -8.662923 -7.962066 -6.573324 -7.013593 -6.495455 -6.786249 -7.096893 -6.799415
48.313820 -5.441887 -8.117047 -8.790353 -8.069893 -6.655838 -7.114001 -6.574614 -6.848362 -7.171790 -6.864639
48.353820 -5.509895 -8.231120 -8.920700 -8.172218 -6.737250 -7.212386 -6.649736 -6.907853 -7.242710 -6.925957
48.393820 -5.590567 -8.357727 -9.059446 -8.292362 -6.831688 -7.325300 -6.740432 -6.980245 -7.325355 -7.001378
48.433820 -5.656391 -8.473070 -9.188608 -8.393981 -6.912774 -7.416943 -6.814756 -7.037397 -7.394119 -7.058876
48.473820 -5.734005 -8.598608 -9.325412 -8.513740 -7.005481 -7.523100 -6.902536 -7.106915 -7.473586 -7.127694
48.513820 -5.811718 -8.729054 -9.466357 -8.639808 -7.100279 -7.627802 -6.989907 -7.175994 -7.554374 -7.196131
48.553820 -5.886345 -8.854598 -9.602757 -8.768451 -7.191606 -7.731782 -7.077269 -7.242678 -7.631835 -7.261099
48.593820 -5.976512 -9.000019 -9.756220 -8.910618 -7.300511 -7.850149 -7.181320 -7.324471 -7.726280 -7.344194
48.633820 -6.048234 -9.126041 -9.894005 -9.041396 -7.391092 -7.951488 -7.267896 -7.388293 -7.801801 -7.410815
48.673820 -6.134190 -9.268821 -10.052788 -9.186993 -7.497097 -8.066646 -7.374877 -7.466378 -7.893261 -7.490884
48.713820 -6.220318 -9.412167 -10.214891 -9.329406 -7.604415 -8.182111 -7.477012 -7.544733 -7.983527 -7.571678
48.753820 -6.302195 -9.551898 -10.390114 -9.469328 -7.707719 -8.293690 -7.582455 -7.619265 -8.071723 -7.648083
48.793820 -6.403182 -9.711597 -10.569749 -9.629744 -7.832094 -8.423288 -7.701947 -7.712785 -8.177668 -7.743358
48.833820 -6.481057 -9.848017 -10.716762 -9.767301 -7.932751 -8.530794 -7.805565 -7.783880 -8.262316 -7.816224
48.873820 -6.576016 -10.001540 -10.895203 -9.925167 -8.053004 -8.657776 -7.922369 -7.871844 -8.363687 -7.903038
48.913820 -6.671305 -10.155883 -11.061203 -10.086869 -8.172665 -8.791552 -8.040526 -7.960866 -8.460315 -7.990843
48.953820 -6.760855 -10.304173 -11.239600 -10.245424 -8.288675 -8.926793 -8.143243 -8.044101 -8.549022 -8.073357
48.993820 -6.873800 -10.476811 -11.467685 -10.422181 -8.427702 -9.082961 -8.277196 -8.151270 -8.671288 -8.179249
49.033820 -6.958289 -10.622250 -11.661504 -10.570916 -8.539075 -9.222200 -8.388580 -8.230233 -8.765330 -8.259238
49.073820 -7.063286 -10.788346 -11.894855 -10.749175 -8.671526 -9.378660 -8.511872 -8.329999 -8.879841 -8.359803
49.113820 -7.168822 -10.959143 -12.117474 -10.922936 -8.803869 -9.539894 -8.639264 -8.430791 -8.995657 -8.464960
49.153820 -7.266508 -11.119663 -12.340091 -11.092957 -8.929890 -9.692268 -8.760050 -8.523827 -9.102669 -8.558207
49.193820 -7.392743 -11.316865 -12.592386 -11.289998 -9.083010 -9.874396 -8.913513 -8.645961 -9.239908 -8.677420
49.233820 -7.483653 -11.471795 -12.793680 -11.448748 -9.202510 -10.019449 -9.029001 -8.732824 -9.339670 -8.761200
49.273820 -7.598771 -11.663125 -13.036492 -11.634563 -9.344807 -10.172720 -9.174353 -8.844362 -9.466434 -8.868278
49.313820 -7.714630 -11.844702 -13.257755 -11.806900 -9.489613 -10.333442 -9.322111 -8.956683 -9.590931 -8.976319
49.353820 -7.819853 -12.029574 -13.507171 -11.987275 -9.622335 -10.479869 -9.458215 -9.058777 -9.707641 -9.075638
49.393820 -7.959011 -12.238500 -13.758159 -12.186328 -9.791397 -10.664212 -9.630653 -9.194778 -9.855737 -9.208837
49.433820 -8.055528 -12.417108 -14.012673 -12.361472 -9.915993 -10.810360 -9.765622 -9.288540 -9.963392 -9.300646
49.473820 -8.179812 -12.618383 -14.261444 -12.551196 -10.071894 -10.985522 -9.942323 -9.409949 -10.096760 -9.422424
49.513820 -8.305326 -12.828525 -14.558509 -12.757490 -10.226115 -11.179515 -10.117070 -9.533042 -10.233311 -9.544049
49.553820 -8.417621 -13.029116 -14.813052 -12.942248 -10.372641 -11.381785 -10.271195 -9.642669 -10.354349 -9.654452
49.593820 -8.569480 -13.268739 -15.151538 -13.176461 -10.553935 -11.606971 -10.448898 -9.792408 -10.516547 -9.803658
49.633820 -8.671875 -13.474154 -15.417283 -13.363756 -10.693453 -11.790559 -10.594388 -9.892341 -10.627955 -9.903311
49.673820 -8.806112 -13.700948 -15.754960 -13.582512 -10.859342 -11.988558 -10.755302 -10.024648 -10.773412 -10.025913
49.713820 -8.942393 -13.956478 -16.077377 -13.811343 -11.035359 -12.215938 -10.935805 -10.158709 -10.925051 -10.154115
49.753820 -9.062457 -14.176814 -16.414345 -14.018554 -11.191903 -12.409106 -11.086328 -10.276915 -11.065583 -10.263867
49.793820 -9.228961 -14.478876 -16.791094 -14.286290 -11.400888 -12.674433 -11.296211 -10.441453 -11.250805 -10.421237
49.833820 -9.337296 -14.698333 -17.132145 -14.483405 -11.552822 -12.868578 -11.440522 -10.547968 -11.380223 -10.521289
49.873820 -9.481972 -14.993499 -17.505783 -14.741644 -11.742901 -13.115064 -11.627212 -10.690941 -11.547493 -10.658232
49.913820 -9.629558 -15.268013 -17.902736 -15.004106 -11.942807 -13.361656 -11.816856 -10.836780 -11.715059 -10.803898
49.953820 -9.756875 -15.557671 -18.284157 -15.255170 -12.118160 -13.593142 -11.985521 -10.962674 -11.867938 -10.924796
49.993820 -9.937762 -15.888522 -18.735079 -15.562309 -12.360552 -13.889236 -12.214466 -11.141960 -12.069523 -11.101784
50.033820 -10.051141 -16.172148 -19.124672 -15.823455 -12.524701 -14.108922 -12.371081 -11.254181 -12.209371 -11.211015
50.073820 -10.204997 -16.507526 -19.568450 -16.115536 -12.748407 -14.394671 -12.581509 -11.406655 -12.384212 -11.358172
50.113820 -10.362893 -16.842325 -20.019173 -16.449833 -12.961362 -14.662281 -12.785436 -11.563610 -12.570457 -11.514115
50.153820 -10.496822 -17.196469 -20.471547 -16.748095 -13.172298 -14.944212 -12.980965 -11.696411 -12.727867 -11.638924
50.193820 -10.691473 -17.576281 -20.979699 -17.135822 -13.428632 -15.257288 -13.223204 -11.890293 -12.950995 -11.832291
50.233820 -10.810332 -17.958861 -21.441470 -17.454219 -13.630144 -15.539989 -13.408368 -12.008282 -13.096634 -11.942076
50.273820 -10.974513 -18.321109 -21.951118 -17.825640 -13.865808 -15.835474 -13.625315 -12.171834 -13.289177 -12.105727
50.313820 -11.144643 -18.797704 -22.345101 -18.216733 -14.122037 -16.185657 -13.865682 -12.341332 -13.481342 -12.278731
50.353820 -11.286927 -19.161095 -22.825586 -18.567732 -14.349339 -16.473222 -14.066922 -12.483104 -13.642661 -12.423752
50.393820 -11.499937 -19.719549 -23.362005 -19.026546 -14.649637 -16.883212 -14.367357 -12.695684 -13.871192 -12.647578
50.433820 -11.625421 -20.095234 -24.047263 -19.418363 -14.877207 -17.163590 -14.558660 -12.820764 -14.016952 -12.776518
50.473820 -11.802605 -20.645114 -24.743633 -19.849954 -15.143119 -17.549578 -14.840349 -12.997666 -14.209445 -12.970335
50.513820 -11.988268 -21.111856 -25.524603 -20.356155 -15.450723 -17.901214 -15.098958 -13.183025 -14.416869 -13.156500
50.553820 -12.139671 -21.644986 -26.239670 -20.750864 -15.695275 -18.275797 -15.364012 -13.334247 -14.587970 -13.312589
50.593820 -12.374084 -22.197000 -27.069318 -21.263835 -16.073360 -18.698524 -15.684487 -13.568447 -14.845797 -13.554389
50.633820 -12.506205 -22.708990 -28.101568 -21.650832 -16.308782 -19.071862 -15.935236 -13.700453 -14.998360 -13.695615
50.673820 -12.697027 -23.273017 -28.822771 -22.185153 -16.664889 -19.478012 -16.234020 -13.891139 -15.214111 -13.890278
50.713820 -12.899871 -23.885348 -30.275859 -22.680319 -16.989154 -19.938390 -16.568399 -14.093912 -15.439978 -14.083342
50.753820 -13.061273 -24.449377 -30.831674 -23.259359 -17.332750 -20.347333 -16.866792 -14.255238 -15.634725 -14.253182
50.793820 -13.321001 -25.187205 -32.728288 -23.855113 -17.742054 -20.867833 -17.258055 -14.514924 -15.930930 -14.499256
