#Quasar bolometric luminosity function in different bins of deviation from the SMBH mass--galaxy mass (BHSM) relation
#from TRINITY PaperIII (Fig. 7, Zhang+2024, MNRAS, 529, 2777)
#z: 5.00
#log10(Lbol [erg/s])(0) log10(QLF_total [Mpc^-3 dex^-1])(1) log10(QLF(offset < -0.3 dex) [Mpc^-3 dex^-1])(2) log10(QLF(offset < -0.3 dex)_16th [Mpc^-3 dex^-1])(3) log10(QLF(offset < -0.3 dex)_84th [Mpc^-3 dex^-1])(4)
#log10(QLF(-0.3 dex < offset < 0.3 dex) [Mpc^-3 dex^-1])(5) log10(QLF(-0.3 dex < offset < 0.3 dex)_16th [Mpc^-3 dex^-1])(6) log10(QLF(-0.3 dex < offset < 0.3 dex)_84th [Mpc^-3 dex^-1])(7)
#log10(QLF(offset > 0.3 dex) [Mpc^-3 dex^-1])(8) log10(QLF(offset > 0.3 dex)_16th [Mpc^-3 dex^-1])(9) log10(QLF(offset > 0.3 dex)_84th [Mpc^-3 dex^-1])(10)
41.193820 -5.051456 -6.126440 -6.604466 -5.996587 -6.014926 -6.608255 -5.817353 -7.204679 -7.751455 -7.073487
41.233820 -5.038612 -6.113770 -6.586263 -5.985706 -6.002121 -6.591399 -5.806480 -7.191259 -7.733611 -7.059791
41.273820 -5.026136 -6.101508 -6.568407 -5.973786 -5.989697 -6.574383 -5.795927 -7.178054 -7.716023 -7.046865
41.313820 -5.013574 -6.088999 -6.550396 -5.961354 -5.977195 -6.557147 -5.785304 -7.165022 -7.698413 -7.033449
41.353820 -5.000942 -6.076483 -6.532698 -5.949006 -5.964596 -6.539980 -5.774605 -7.151970 -7.680689 -7.020201
41.393820 -4.988667 -6.064288 -6.518468 -5.936753 -5.952357 -6.522802 -5.764186 -7.139321 -7.663092 -7.006967
41.433820 -4.975873 -6.051710 -6.503965 -5.924131 -5.939588 -6.505041 -5.753302 -7.125959 -7.644917 -6.993228
41.473820 -4.963445 -6.039352 -6.488399 -5.911557 -5.927201 -6.487118 -5.742640 -7.113148 -7.626805 -6.979545
41.513820 -4.950850 -6.026862 -6.471596 -5.898889 -5.914620 -6.468884 -5.731995 -7.100264 -7.608018 -6.965386
41.553820 -4.938110 -6.014230 -6.454359 -5.885908 -5.901900 -6.450136 -5.721097 -7.087202 -7.586036 -6.950443
41.593820 -4.925734 -6.001979 -6.437345 -5.873257 -5.889544 -6.431467 -5.710704 -7.074466 -7.561540 -6.935316
41.633820 -4.912523 -5.988975 -6.419202 -5.859605 -5.876338 -6.411520 -5.699263 -7.060832 -7.544241 -6.922579
41.673820 -4.899703 -5.976257 -6.401105 -5.846181 -5.863547 -6.391336 -5.688396 -7.047641 -7.527554 -6.911641
41.713820 -4.886528 -5.963358 -6.382305 -5.832321 -5.850378 -6.370119 -5.674659 -7.033912 -7.510163 -6.900231
41.753820 -4.873041 -5.950077 -6.363718 -5.817839 -5.836922 -6.347608 -5.659379 -7.019847 -7.488891 -6.888603
41.793820 -4.859961 -5.937390 -6.346403 -5.806347 -5.823868 -6.323934 -5.648224 -7.005874 -7.467182 -6.877413
41.833820 -4.845416 -5.923185 -6.327435 -5.792958 -5.809360 -6.296738 -5.632353 -6.990464 -7.448487 -6.863250
41.873820 -4.831343 -5.909610 -6.308664 -5.778213 -5.795320 -6.266250 -5.614048 -6.975262 -7.430329 -6.837877
41.913820 -4.816305 -5.895220 -6.288690 -5.762475 -5.780315 -6.227448 -5.593090 -6.958821 -7.408382 -6.789502
41.953820 -4.800416 -5.880176 -6.266234 -5.741702 -5.764453 -6.166429 -5.569325 -6.941211 -7.366690 -6.750341
41.993820 -4.785087 -5.865935 -6.246145 -5.722958 -5.749152 -6.082382 -5.543195 -6.923718 -7.301780 -6.710843
42.033820 -4.765454 -5.847550 -6.222128 -5.702675 -5.729561 -6.043337 -5.507472 -6.901564 -7.250128 -6.639288
42.073820 -4.746670 -5.830587 -6.186001 -5.675859 -5.710805 -5.981609 -5.463254 -6.879336 -7.187496 -6.559804
42.113820 -4.723454 -5.809768 -6.137754 -5.612731 -5.687571 -5.948987 -5.392645 -6.851965 -7.139626 -6.442803
42.153820 -4.696520 -5.786104 -6.079930 -5.565823 -5.660586 -5.900478 -5.264388 -6.819617 -7.079350 -6.294761
42.193820 -4.671159 -5.764814 -6.037755 -5.507056 -5.635189 -5.856099 -5.185556 -6.787518 -6.993225 -6.124060
42.233820 -4.623312 -5.722751 -5.951850 -5.430668 -5.587249 -5.745834 -5.121687 -6.730605 -6.854040 -6.031578
42.273820 -4.580217 -5.688024 -5.883804 -5.389898 -5.543771 -5.647726 -5.078623 -6.676289 -6.747839 -5.940651
42.313820 -4.521595 -5.640125 -5.821421 -5.384082 -5.484629 -5.547690 -5.066020 -6.604204 -6.632835 -5.910139
42.353820 -4.453410 -5.586565 -5.738758 -5.353675 -5.415829 -5.436789 -5.020576 -6.518440 -6.549689 -5.897354
42.393820 -4.394492 -5.546996 -5.730961 -5.334214 -5.355872 -5.418737 -5.040530 -6.439382 -6.468008 -5.951451
42.433820 -4.385036 -5.549093 -5.767394 -5.364665 -5.347596 -5.442269 -5.082483 -6.410421 -6.489002 -5.989146
42.473820 -4.375781 -5.544818 -5.782983 -5.379422 -5.344319 -5.452307 -5.123439 -6.369171 -6.509125 -6.043118
42.513820 -4.371750 -5.520444 -5.746437 -5.361665 -5.352201 -5.437054 -5.094947 -6.338443 -6.496292 -6.018114
42.553820 -4.372798 -5.529828 -5.744854 -5.383001 -5.352289 -5.452310 -5.110826 -6.334556 -6.503272 -6.061574
42.593820 -4.373848 -5.540839 -5.736631 -5.359359 -5.346779 -5.447461 -5.114418 -6.351215 -6.493692 -6.095424
42.633820 -4.374143 -5.554185 -5.754655 -5.360871 -5.340700 -5.457637 -5.127386 -6.364352 -6.513312 -6.108072
42.673820 -4.374438 -5.535710 -5.729263 -5.346294 -5.351259 -5.458332 -5.120879 -6.342213 -6.532497 -6.118093
42.713820 -4.373959 -5.527934 -5.734473 -5.335336 -5.354223 -5.470597 -5.134977 -6.335878 -6.539206 -6.117561
42.753820 -4.372708 -5.529684 -5.731509 -5.325867 -5.348818 -5.472189 -5.123014 -6.347756 -6.533787 -6.144743
42.793820 -4.371460 -5.528776 -5.737475 -5.310973 -5.337731 -5.471690 -5.138381 -6.387757 -6.541346 -6.135592
42.833820 -4.368523 -5.520462 -5.726087 -5.328505 -5.334203 -5.492306 -5.127865 -6.393821 -6.566092 -6.179761
42.873820 -4.365606 -5.497469 -5.722176 -5.319974 -5.331873 -5.478430 -5.140997 -6.413342 -6.569933 -6.183935
42.913820 -4.361663 -5.488841 -5.718687 -5.309324 -5.331243 -5.506999 -5.154914 -6.399790 -6.559246 -6.193311
42.953820 -4.356721 -5.466660 -5.710887 -5.281038 -5.332738 -5.504274 -5.149261 -6.387897 -6.578061 -6.175603
42.993820 -4.351835 -5.467311 -5.720678 -5.264820 -5.329338 -5.501865 -5.158421 -6.369155 -6.579602 -6.202998
43.033820 -4.344202 -5.454731 -5.688409 -5.234068 -5.316395 -5.498722 -5.125938 -6.392363 -6.574675 -6.203939
43.073820 -4.336702 -5.451957 -5.666361 -5.228833 -5.304849 -5.489020 -5.137982 -6.397911 -6.587908 -6.206313
43.113820 -4.328322 -5.430175 -5.652287 -5.207076 -5.299483 -5.505928 -5.128862 -6.393900 -6.570873 -6.190403
43.153820 -4.319116 -5.414900 -5.631325 -5.203199 -5.291507 -5.498255 -5.132027 -6.387590 -6.562624 -6.194660
43.193820 -4.310102 -5.400469 -5.619235 -5.182491 -5.284224 -5.475828 -5.119477 -6.378146 -6.565831 -6.204194
43.233820 -4.301111 -5.389897 -5.609590 -5.167115 -5.271890 -5.476389 -5.094342 -6.388661 -6.566714 -6.201598
43.273820 -4.292302 -5.374498 -5.592742 -5.139866 -5.264572 -5.478692 -5.085917 -6.382663 -6.566384 -6.207413
43.313820 -4.283109 -5.351749 -5.576809 -5.117937 -5.255517 -5.473752 -5.082316 -6.395756 -6.563573 -6.205928
43.353820 -4.273559 -5.335682 -5.561805 -5.106388 -5.248970 -5.467529 -5.087530 -6.381324 -6.578938 -6.199729
43.393820 -4.264214 -5.314359 -5.547221 -5.081170 -5.243573 -5.443515 -5.073456 -6.372246 -6.579788 -6.196006
43.433820 -4.252529 -5.300337 -5.536523 -5.056281 -5.234464 -5.424221 -5.058621 -6.351131 -6.582195 -6.189207
43.473820 -4.241150 -5.276020 -5.523076 -5.022869 -5.224088 -5.435116 -5.043252 -6.358532 -6.582467 -6.199467
43.513820 -4.228388 -5.260384 -5.514457 -4.994481 -5.210751 -5.415935 -5.032401 -6.354569 -6.579040 -6.190940
43.553820 -4.214372 -5.234656 -5.494617 -4.959868 -5.199598 -5.400123 -5.022056 -6.348324 -6.560210 -6.188265
43.593820 -4.200794 -5.213138 -5.480184 -4.932742 -5.189169 -5.384712 -5.008622 -6.333729 -6.545703 -6.180323
43.633820 -4.184433 -5.189109 -5.462006 -4.901762 -5.174095 -5.366584 -4.983964 -6.326633 -6.542842 -6.164198
43.673820 -4.168667 -5.167182 -5.446378 -4.885690 -5.157462 -5.346769 -4.970372 -6.329836 -6.543519 -6.153440
43.713820 -4.151904 -5.146391 -5.426902 -4.857086 -5.140234 -5.332327 -4.949045 -6.325430 -6.533643 -6.133358
43.753820 -4.134277 -5.120428 -5.408045 -4.834352 -5.123152 -5.311874 -4.927598 -6.325142 -6.523398 -6.133299
43.793820 -4.117338 -5.098551 -5.381139 -4.811008 -5.107471 -5.287859 -4.911380 -6.312964 -6.499804 -6.116478
43.833820 -4.097290 -5.069650 -5.362498 -4.788865 -5.089596 -5.273451 -4.886072 -6.302547 -6.503290 -6.122504
43.873820 -4.078128 -5.047481 -5.337662 -4.763013 -5.071986 -5.242358 -4.860239 -6.281520 -6.493570 -6.102054
43.913820 -4.057760 -5.021912 -5.315775 -4.733931 -5.051597 -5.218812 -4.837021 -6.275888 -6.489872 -6.091418
43.953820 -4.036386 -4.996494 -5.293935 -4.706669 -5.030169 -5.201768 -4.821782 -6.266712 -6.469486 -6.069539
43.993820 -4.016015 -4.969380 -5.272117 -4.675666 -5.010998 -5.184708 -4.800202 -6.258507 -6.459676 -6.047262
44.033820 -3.993566 -4.943320 -5.246486 -4.648869 -4.988918 -5.162690 -4.782145 -6.244821 -6.457783 -6.024877
44.073820 -3.972221 -4.918886 -5.217463 -4.621277 -4.968163 -5.136881 -4.760187 -6.229196 -6.446002 -6.015472
44.113820 -3.950042 -4.896872 -5.197450 -4.604188 -4.944928 -5.116273 -4.738192 -6.214252 -6.435266 -6.003629
44.153820 -3.927202 -4.871135 -5.169944 -4.574663 -4.923045 -5.090999 -4.708325 -6.193969 -6.420724 -5.981164
44.193820 -3.905503 -4.849061 -5.153206 -4.550589 -4.900254 -5.074397 -4.683533 -6.181794 -6.398804 -5.966410
44.233820 -3.880295 -4.823509 -5.124501 -4.524372 -4.874618 -5.045826 -4.653589 -6.161070 -6.382365 -5.942009
44.273820 -3.856470 -4.800945 -5.109772 -4.501230 -4.849254 -5.024038 -4.624274 -6.144855 -6.364283 -5.929510
44.313820 -3.831955 -4.778547 -5.082300 -4.480114 -4.823288 -4.992171 -4.596611 -6.124385 -6.349586 -5.907541
44.353820 -3.806928 -4.752507 -5.057059 -4.455711 -4.798035 -4.960141 -4.572203 -6.104796 -6.332822 -5.876541
44.393820 -3.783266 -4.732096 -5.033909 -4.439737 -4.772727 -4.936856 -4.551321 -6.082845 -6.319907 -5.849369
44.433820 -3.757668 -4.707410 -5.005122 -4.422191 -4.746111 -4.909329 -4.529277 -6.062334 -6.299414 -5.815910
44.473820 -3.733496 -4.689418 -4.984365 -4.401376 -4.718883 -4.887706 -4.509369 -6.041348 -6.282552 -5.794366
44.513820 -3.709375 -4.668189 -4.956689 -4.382288 -4.692696 -4.857939 -4.480827 -6.024324 -6.261631 -5.771699
44.553820 -3.685365 -4.650996 -4.938044 -4.376661 -4.665925 -4.833293 -4.449853 -5.999513 -6.244592 -5.749352
44.593820 -3.662613 -4.633114 -4.914156 -4.364684 -4.641046 -4.805314 -4.422990 -5.977869 -6.218348 -5.730812
44.633820 -3.639487 -4.616754 -4.894678 -4.350493 -4.615174 -4.778165 -4.395500 -5.954913 -6.200679 -5.708218
44.673820 -3.617530 -4.601475 -4.873028 -4.340315 -4.591084 -4.750419 -4.370262 -5.928575 -6.176414 -5.686768
44.713820 -3.595947 -4.586062 -4.855870 -4.347085 -4.567557 -4.728903 -4.348195 -5.903145 -6.158509 -5.654650
44.753820 -3.574736 -4.574426 -4.837428 -4.349651 -4.543596 -4.706458 -4.325601 -5.874450 -6.130086 -5.617991
44.793820 -3.554512 -4.564947 -4.817063 -4.349664 -4.519425 -4.685480 -4.307597 -5.854316 -6.105214 -5.583439
44.833820 -3.534202 -4.558634 -4.798277 -4.349755 -4.494918 -4.659630 -4.285608 -5.827619 -6.080656 -5.546095
44.873820 -3.514800 -4.550551 -4.780587 -4.353748 -4.472170 -4.631391 -4.267016 -5.803938 -6.055865 -5.515271
44.913820 -3.496385 -4.545070 -4.764111 -4.359878 -4.451026 -4.605898 -4.253327 -5.772679 -6.031704 -5.482765
44.953820 -3.478871 -4.540330 -4.749221 -4.368043 -4.430426 -4.579245 -4.241669 -5.747203 -6.000784 -5.452389
44.993820 -3.462036 -4.539707 -4.737041 -4.379101 -4.409910 -4.554913 -4.231154 -5.720157 -5.976174 -5.435867
45.033820 -3.446828 -4.539476 -4.729842 -4.392626 -4.391826 -4.532350 -4.221887 -5.693007 -5.951014 -5.420955
45.073820 -3.432134 -4.540158 -4.724383 -4.410118 -4.374305 -4.513189 -4.199208 -5.666745 -5.934413 -5.405954
45.113820 -3.418768 -4.541574 -4.724000 -4.417443 -4.358715 -4.491753 -4.207391 -5.639950 -5.902687 -5.386620
45.153820 -3.406623 -4.547295 -4.738463 -4.424038 -4.343449 -4.472842 -4.193486 -5.616769 -5.881001 -5.356812
45.193820 -3.394808 -4.553316 -4.749960 -4.443566 -4.329229 -4.454441 -4.178885 -5.590481 -5.853020 -5.327724
45.233820 -3.385829 -4.562208 -4.759014 -4.464780 -4.317936 -4.447741 -4.175228 -5.568136 -5.827852 -5.295260
45.273820 -3.377031 -4.570707 -4.757887 -4.482328 -4.307517 -4.434428 -4.176963 -5.543677 -5.802224 -5.263755
45.313820 -3.369887 -4.581511 -4.768842 -4.504023 -4.298661 -4.425900 -4.173362 -5.522156 -5.775326 -5.230635
45.353820 -3.364318 -4.595854 -4.775065 -4.526610 -4.291661 -4.426364 -4.171390 -5.499362 -5.749477 -5.198724
45.393820 -3.358820 -4.611071 -4.790023 -4.537435 -4.284784 -4.413084 -4.170669 -5.477187 -5.722437 -5.180010
45.433820 -3.356742 -4.632972 -4.814245 -4.557349 -4.281391 -4.409049 -4.181760 -5.456304 -5.695899 -5.164536
45.473820 -3.354674 -4.653955 -4.838028 -4.582850 -4.278233 -4.399772 -4.182092 -5.437189 -5.672566 -5.150091
45.513820 -3.354477 -4.678434 -4.859911 -4.613645 -4.277445 -4.404111 -4.181927 -5.417546 -5.651138 -5.142536
45.553820 -3.356150 -4.703776 -4.869270 -4.646243 -4.278986 -4.403130 -4.189759 -5.400155 -5.628373 -5.138047
45.593820 -3.357830 -4.730301 -4.894405 -4.674583 -4.280977 -4.415732 -4.199051 -5.381476 -5.612597 -5.137597
45.633820 -3.363141 -4.759994 -4.931533 -4.711917 -4.286887 -4.429239 -4.215280 -5.367227 -5.599257 -5.130715
45.673820 -3.368518 -4.790047 -4.968768 -4.743454 -4.293061 -4.436866 -4.226324 -5.353654 -5.586334 -5.123885
45.713820 -3.375660 -4.820760 -5.005117 -4.774217 -4.301656 -4.449879 -4.237756 -5.341134 -5.578123 -5.120530
45.753820 -3.384655 -4.853155 -5.042233 -4.808444 -4.312514 -4.453108 -4.253096 -5.330366 -5.565141 -5.120967
45.793820 -3.393841 -4.885624 -5.075177 -4.842423 -4.324368 -4.466657 -4.269185 -5.318120 -5.541165 -5.124555
45.833820 -3.406497 -4.920602 -5.109278 -4.879240 -4.339812 -4.495179 -4.289192 -5.310856 -5.529335 -5.135097
45.873820 -3.419533 -4.955840 -5.139875 -4.917515 -4.356037 -4.525466 -4.306931 -5.303964 -5.519886 -5.133239
45.913820 -3.434337 -4.991517 -5.170416 -4.952293 -4.373968 -4.555324 -4.328263 -5.300819 -5.511732 -5.140133
45.953820 -3.451081 -5.028650 -5.209018 -4.988055 -4.394294 -4.574321 -4.352001 -5.299394 -5.508685 -5.153336
45.993820 -3.468497 -5.065114 -5.241166 -5.025761 -4.415505 -4.593975 -4.369041 -5.299454 -5.502254 -5.156166
46.033820 -3.488303 -5.103985 -5.279810 -5.065660 -4.439408 -4.616048 -4.387027 -5.302001 -5.497930 -5.165933
46.073820 -3.509055 -5.142023 -5.321753 -5.106690 -4.464336 -4.639695 -4.410573 -5.306662 -5.504965 -5.170352
46.113820 -3.531210 -5.181405 -5.364620 -5.149202 -4.490854 -4.675699 -4.439843 -5.313079 -5.510503 -5.178514
46.153820 -3.554937 -5.221044 -5.406447 -5.192551 -4.519261 -4.712124 -4.461969 -5.321335 -5.530992 -5.198943
46.193820 -3.580035 -5.261397 -5.449635 -5.237387 -4.549291 -4.748826 -4.487435 -5.331245 -5.535441 -5.224057
46.233820 -3.606026 -5.302179 -5.491967 -5.284326 -4.580425 -4.786198 -4.514009 -5.342381 -5.548741 -5.253881
46.273820 -3.633672 -5.343654 -5.534857 -5.329391 -4.612888 -4.826610 -4.541998 -5.356767 -5.555135 -5.280459
46.313820 -3.662266 -5.385304 -5.579871 -5.372790 -4.646574 -4.866083 -4.575999 -5.372213 -5.571450 -5.306589
46.353820 -3.691879 -5.426860 -5.623793 -5.415179 -4.681154 -4.905439 -4.608004 -5.389665 -5.599358 -5.331132
46.393820 -3.723660 -5.470261 -5.670109 -5.460348 -4.718123 -4.945661 -4.644206 -5.409389 -5.614676 -5.348905
46.433820 -3.754658 -5.511551 -5.709558 -5.502541 -4.754235 -4.984351 -4.677294 -5.429131 -5.636777 -5.375348
46.473820 -3.788040 -5.554760 -5.754367 -5.548540 -4.792770 -5.025551 -4.714426 -5.451671 -5.664503 -5.405202
46.513820 -3.821931 -5.597322 -5.799922 -5.593980 -4.831313 -5.066042 -4.751676 -5.476141 -5.692104 -5.428052
46.553820 -3.856234 -5.639670 -5.846181 -5.636487 -4.870124 -5.106883 -4.790356 -5.501652 -5.721578 -5.451046
46.593820 -3.893480 -5.683907 -5.894119 -5.679179 -4.911551 -5.149382 -4.831949 -5.531037 -5.753775 -5.479457
46.633820 -3.928201 -5.725337 -5.939688 -5.718885 -4.950007 -5.188928 -4.871573 -5.558870 -5.784782 -5.503830
46.673820 -3.965941 -5.769345 -5.989057 -5.762006 -4.991209 -5.231031 -4.914276 -5.590373 -5.821516 -5.531229
46.713820 -4.003789 -5.813081 -6.039252 -5.811506 -5.032121 -5.273504 -4.957376 -5.622781 -5.858366 -5.562314
46.753820 -4.041447 -5.856513 -6.092240 -5.862219 -5.072471 -5.315209 -4.999585 -5.655691 -5.895099 -5.593143
46.793820 -4.082684 -5.903299 -6.149163 -5.914999 -5.115966 -5.359464 -5.047321 -5.692941 -5.934977 -5.631262
46.833820 -4.120021 -5.946540 -6.202085 -5.958221 -5.155350 -5.400050 -5.090990 -5.726630 -5.971913 -5.669610
46.873820 -4.160873 -5.993462 -6.258037 -6.004923 -5.197912 -5.443649 -5.138509 -5.764369 -6.009543 -5.717676
46.913820 -4.201587 -6.040648 -6.312426 -6.051904 -5.240225 -5.488354 -5.185845 -5.802133 -6.044108 -5.765209
46.953820 -4.241706 -6.087697 -6.365955 -6.101717 -5.281785 -5.534323 -5.232316 -5.839527 -6.077436 -5.807577
46.993820 -4.285913 -6.139709 -6.424349 -6.158662 -5.327151 -5.579629 -5.283330 -5.881369 -6.116303 -5.847998
47.033820 -4.325254 -6.187754 -6.478623 -6.212714 -5.367571 -5.619535 -5.329433 -5.918411 -6.150026 -5.883033
47.073820 -4.368516 -6.240556 -6.538356 -6.264216 -5.411896 -5.664356 -5.379657 -5.959358 -6.186433 -5.922240
47.113820 -4.411580 -6.294099 -6.599918 -6.318072 -5.456065 -5.711231 -5.429538 -6.000005 -6.222743 -5.960765
47.153820 -4.453884 -6.348129 -6.660524 -6.383176 -5.499477 -5.758944 -5.478767 -6.039827 -6.262539 -6.000066
47.193820 -4.500758 -6.407998 -6.727550 -6.454158 -5.547490 -5.811552 -5.532054 -6.084123 -6.309295 -6.047153
47.233820 -4.542275 -6.464127 -6.793538 -6.509381 -5.590297 -5.859469 -5.579487 -6.122785 -6.351460 -6.087431
47.273820 -4.588185 -6.525865 -6.864875 -6.567233 -5.637696 -5.912246 -5.631634 -6.165548 -6.394449 -6.127450
47.313820 -4.633964 -6.589105 -6.932390 -6.632917 -5.685167 -5.965389 -5.683269 -6.207867 -6.439598 -6.167202
47.353820 -4.678968 -6.652703 -6.999841 -6.705003 -5.732038 -6.018531 -5.734674 -6.249194 -6.484198 -6.210603
47.393820 -4.729180 -6.722911 -7.072758 -6.771877 -5.784463 -6.077166 -5.791183 -6.295287 -6.534557 -6.260589
47.433820 -4.773478 -6.788247 -7.140237 -6.837916 -5.831336 -6.130941 -5.840684 -6.335051 -6.579044 -6.305291
47.473820 -4.822813 -6.859875 -7.212624 -6.903440 -5.883653 -6.189800 -5.887505 -6.379399 -6.628599 -6.354812
47.513820 -4.872133 -6.932225 -7.296308 -6.976284 -5.936419 -6.249495 -5.934856 -6.423267 -6.674912 -6.403795
47.553820 -4.920676 -7.004887 -7.379287 -7.052317 -5.988819 -6.308500 -5.982673 -6.465974 -6.719320 -6.451664
47.593820 -4.975337 -7.084040 -7.460470 -7.135437 -6.047913 -6.374228 -6.037725 -6.514287 -6.770413 -6.505111
47.633820 -5.023216 -7.157375 -7.535011 -7.206098 -6.100741 -6.430297 -6.093186 -6.555393 -6.814589 -6.551749
47.673820 -5.077036 -7.237358 -7.615463 -7.277400 -6.160148 -6.493418 -6.156833 -6.601934 -6.864236 -6.603695
47.713820 -5.130925 -7.317764 -7.693333 -7.348654 -6.220164 -6.556691 -6.220636 -6.648207 -6.913261 -6.655750
47.753820 -5.183913 -7.397983 -7.783293 -7.425280 -6.280016 -6.619137 -6.278554 -6.693068 -6.961731 -6.706350
47.793820 -5.244277 -7.485240 -7.883359 -7.512315 -6.347750 -6.688988 -6.345160 -6.745122 -7.017143 -6.764174
47.833820 -5.296424 -7.564890 -7.976570 -7.591936 -6.407928 -6.751086 -6.407836 -6.788634 -7.064972 -6.813646
47.873820 -5.355700 -7.652005 -8.079951 -7.676518 -6.475799 -6.828599 -6.471181 -6.839098 -7.119347 -6.869870
47.913820 -5.415058 -7.739530 -8.182493 -7.758061 -6.544188 -6.907356 -6.531117 -6.889622 -7.174552 -6.926285
47.953820 -5.473179 -7.826098 -8.285428 -7.838164 -6.611839 -6.985270 -6.589618 -6.938859 -7.227874 -6.980341
47.993820 -5.540297 -7.921280 -8.396219 -7.924246 -6.688736 -7.072969 -6.657242 -6.997288 -7.290732 -7.041857
48.033820 -5.597148 -8.007256 -8.491284 -8.001976 -6.755684 -7.151474 -6.714632 -7.045564 -7.343067 -7.092241
48.073820 -5.662577 -8.101442 -8.597092 -8.096088 -6.831546 -7.228786 -6.781845 -7.102551 -7.405437 -7.151865
48.113820 -5.728066 -8.196912 -8.701984 -8.181619 -6.907605 -7.306648 -6.857198 -7.159857 -7.467582 -7.211339
48.153820 -5.791779 -8.289153 -8.803906 -8.265774 -6.982165 -7.383067 -6.928946 -7.215579 -7.527630 -7.269587
48.193820 -5.866473 -8.392772 -8.920038 -8.360662 -7.067856 -7.471088 -7.005552 -7.282529 -7.599071 -7.335751
48.233820 -5.928315 -8.484618 -9.020168 -8.441787 -7.140895 -7.546444 -7.070032 -7.336829 -7.656782 -7.390711
48.273820 -6.000447 -8.587222 -9.133298 -8.534185 -7.224312 -7.632631 -7.145378 -7.401691 -7.724976 -7.457621
48.313820 -6.072565 -8.691054 -9.243324 -8.626957 -7.307884 -7.718899 -7.219788 -7.466745 -7.791597 -7.527627
48.353820 -6.142104 -8.792538 -9.353265 -8.717503 -7.388942 -7.803100 -7.292722 -7.529489 -7.862461 -7.593280
48.393820 -6.224942 -8.908699 -9.477096 -8.820818 -7.483510 -7.902953 -7.377560 -7.605699 -7.947391 -7.667602
48.433820 -6.291840 -9.008733 -9.586567 -8.908663 -7.562045 -7.988764 -7.447657 -7.666303 -8.018145 -7.726545
48.473820 -6.370954 -9.122222 -9.710145 -9.008776 -7.653154 -8.086903 -7.531283 -7.739205 -8.094256 -7.792709
48.513820 -6.449981 -9.236434 -9.835638 -9.109363 -7.744100 -8.184133 -7.615880 -7.812315 -8.175633 -7.859609
48.553820 -6.525421 -9.348388 -9.961335 -9.209091 -7.831928 -8.286183 -7.697219 -7.881868 -8.257988 -7.923692
48.593820 -6.616780 -9.475852 -10.105735 -9.339156 -7.935500 -8.405851 -7.798989 -7.967670 -8.348636 -8.011868
48.633820 -6.688653 -9.583981 -10.234411 -9.447696 -8.019638 -8.506157 -7.882787 -8.034194 -8.414030 -8.084553
48.673820 -6.774828 -9.706382 -10.378025 -9.559455 -8.118479 -8.622868 -7.982338 -8.115081 -8.493011 -8.165739
48.713820 -6.860843 -9.828532 -10.524597 -9.675628 -8.217263 -8.740469 -8.083595 -8.195989 -8.572412 -8.240967
48.753820 -6.942034 -9.944736 -10.669042 -9.788353 -8.312120 -8.854261 -8.178795 -8.271963 -8.652154 -8.309902
48.793820 -7.041975 -10.079941 -10.832260 -9.920954 -8.426206 -8.982647 -8.293689 -8.366744 -8.757087 -8.398236
48.833820 -7.118504 -10.189563 -10.973396 -10.029948 -8.517743 -9.080271 -8.378288 -8.438060 -8.838192 -8.462431
48.873820 -7.211465 -10.318327 -11.131390 -10.154919 -8.625677 -9.196721 -8.484889 -8.526052 -8.936110 -8.543176
48.913820 -7.304277 -10.445336 -11.292452 -10.278489 -8.733655 -9.314525 -8.591528 -8.614066 -9.026693 -8.623896
48.953820 -7.390976 -10.568537 -11.449275 -10.397094 -8.835961 -9.427322 -8.692296 -8.696052 -9.113022 -8.698043
48.993820 -7.499412 -10.714104 -11.621716 -10.540864 -8.960172 -9.565012 -8.815204 -8.799946 -9.223297 -8.802456
49.033820 -7.580473 -10.834348 -11.771128 -10.658498 -9.056893 -9.675448 -8.905098 -8.876701 -9.300961 -8.877489
49.073820 -7.680217 -10.977435 -11.943209 -10.798852 -9.171971 -9.808951 -9.011048 -8.972411 -9.395822 -8.963870
49.113820 -7.779922 -11.123223 -12.118419 -10.941221 -9.286849 -9.942670 -9.115674 -9.068296 -9.489285 -9.048354
49.153820 -7.872149 -11.266536 -12.289842 -11.079873 -9.394606 -10.073002 -9.215726 -9.156782 -9.576271 -9.126742
49.193820 -7.989392 -11.438452 -12.495570 -11.243308 -9.527491 -10.228732 -9.339021 -9.270422 -9.687536 -9.229615
49.233820 -8.075033 -11.583082 -12.686970 -11.374981 -9.628920 -10.354614 -9.433087 -9.352586 -9.767938 -9.305840
49.273820 -8.181818 -11.754182 -12.902018 -11.530451 -9.751233 -10.505327 -9.548224 -9.456098 -9.876783 -9.405425
49.313820 -8.288788 -11.926396 -13.122789 -11.686401 -9.875517 -10.655117 -9.664576 -9.559592 -9.986765 -9.502893
49.353820 -8.386779 -12.097658 -13.328215 -11.833374 -9.991638 -10.800340 -9.773215 -9.654119 -10.088764 -9.589770
49.393820 -8.513525 -12.288963 -13.570464 -12.008402 -10.138395 -10.970145 -9.910584 -9.777249 -10.219326 -9.703219
49.433820 -8.603984 -12.455888 -13.776893 -12.147126 -10.248782 -11.109074 -10.014872 -9.864295 -10.315200 -9.783411
49.473820 -8.718380 -12.635074 -14.011894 -12.307887 -10.384501 -11.272035 -10.143017 -9.975246 -10.434972 -9.891076
49.513820 -8.833327 -12.824815 -14.255069 -12.471932 -10.522964 -11.436552 -10.274294 -10.086616 -10.556360 -9.999987
49.553820 -8.937543 -12.995209 -14.486824 -12.625042 -10.652458 -11.588044 -10.395259 -10.187232 -10.667411 -10.098106
49.593820 -9.074939 -13.201341 -14.765819 -12.815997 -10.816748 -11.774561 -10.551220 -10.321054 -10.812219 -10.228436
49.633820 -9.170498 -13.366332 -15.008134 -12.967322 -10.941324 -11.922654 -10.667334 -10.413028 -10.917042 -10.317372
49.673820 -9.293193 -13.558904 -15.274932 -13.150547 -11.094178 -12.095952 -10.811326 -10.532272 -11.044290 -10.433339
49.713820 -9.416890 -13.759481 -15.552216 -13.340437 -11.250912 -12.274711 -10.956763 -10.652483 -11.170577 -10.551198
49.753820 -9.527596 -13.948998 -15.829045 -13.515888 -11.395704 -12.437151 -11.090377 -10.759887 -11.284006 -10.657093
49.793820 -9.676548 -14.184505 -16.135862 -13.729785 -11.580302 -12.640440 -11.262853 -10.905676 -11.439623 -10.807866
49.833820 -9.777345 -14.380165 -16.440407 -13.899519 -11.717185 -12.795934 -11.388639 -11.003546 -11.553118 -10.909915
49.873820 -9.908839 -14.615519 -16.721334 -14.101771 -11.888166 -13.011526 -11.545123 -11.132124 -11.698709 -11.043038
49.913820 -10.042086 -14.861382 -17.049878 -14.310784 -12.059336 -13.232690 -11.703584 -11.262826 -11.846496 -11.177400
49.953820 -10.159892 -15.093686 -17.344878 -14.503378 -12.220031 -13.443901 -11.846799 -11.378026 -11.979837 -11.288448
49.993820 -10.322060 -15.388468 -17.702026 -14.748713 -12.423140 -13.705006 -12.036958 -11.537948 -12.159763 -11.444028
50.033820 -10.428691 -15.630081 -18.035471 -14.961747 -12.576199 -13.915040 -12.173899 -11.642288 -12.283197 -11.543399
50.073820 -10.570330 -15.926934 -18.402530 -15.200551 -12.765466 -14.167429 -12.345846 -11.781829 -12.443687 -11.678636
50.113820 -10.714814 -16.227418 -18.816975 -15.462623 -12.959622 -14.422306 -12.522914 -11.924366 -12.606477 -11.822281
50.153820 -10.840690 -16.521166 -19.240407 -15.702881 -13.138622 -14.678996 -12.684199 -12.048401 -12.753793 -11.948083
50.193820 -11.018660 -16.889830 -19.725218 -16.017328 -13.374046 -14.977644 -12.900068 -12.224625 -12.952490 -12.121069
50.233820 -11.132004 -17.169686 -20.235399 -16.267284 -13.547907 -15.239418 -13.053135 -12.336369 -13.086627 -12.227998
50.273820 -11.285794 -17.546210 -20.799813 -16.557423 -13.767122 -15.518879 -13.251278 -12.488669 -13.264203 -12.375493
50.313820 -11.444154 -17.862237 -21.315887 -16.867756 -13.990511 -15.831832 -13.453583 -12.645758 -13.447628 -12.527181
50.353820 -11.579701 -18.243763 -21.876107 -17.149707 -14.194938 -16.113424 -13.638501 -12.780155 -13.610027 -12.657683
50.393820 -11.777820 -18.619465 -22.638646 -17.526757 -14.466300 -16.469704 -13.879692 -12.977237 -13.834085 -12.849752
50.433820 -11.899659 -19.017516 -23.138157 -17.837074 -14.655166 -16.752531 -14.041412 -13.098272 -13.983319 -12.965454
50.473820 -12.069615 -19.421141 -24.091523 -18.192114 -14.900216 -17.085990 -14.249366 -13.267463 -14.181205 -13.129098
50.513820 -12.248054 -19.898108 -24.731611 -18.627675 -15.144620 -17.445663 -14.466340 -13.445332 -14.390080 -13.302490
50.553820 -12.399204 -20.398372 -25.643088 -18.976906 -15.372378 -17.800731 -14.654287 -13.595921 -14.572546 -13.449653
50.593820 -12.633002 -20.922646 -26.566193 -19.448125 -15.679996 -18.197627 -14.925011 -13.829265 -14.837384 -13.678433
50.633820 -12.771409 -21.654823 -27.444155 -19.815644 -15.896064 -18.524338 -15.098988 -13.967271 -15.007611 -13.810881
50.673820 -12.975759 -22.025639 -28.302030 -20.189487 -16.176107 -18.889932 -15.345312 -14.171294 -15.247181 -14.010922
50.713820 -13.199381 -22.883032 -29.554778 -20.722551 -16.489123 -19.318654 -15.608772 -14.394596 -15.506537 -14.229347
50.753820 -13.380804 -23.337779 -30.703726 -21.072328 -16.755720 -19.686794 -15.828718 -14.575770 -15.728540 -14.406477
50.793820 -13.698235 -24.262429 -32.058763 -21.820795 -17.181610 -20.227732 -16.183495 -14.892948 -16.090070 -14.716057
