#Quasar bolometric luminosity function in different bins of deviation from the SMBH mass--galaxy mass (BHSM) relation
#from TRINITY PaperIII (Fig. 7, Zhang+2024, MNRAS, 529, 2777)
#z: 0.10
#log10(Lbol [erg/s])(0) log10(QLF_total [Mpc^-3 dex^-1])(1) log10(QLF(offset < -0.3 dex) [Mpc^-3 dex^-1])(2) log10(QLF(offset < -0.3 dex)_16th [Mpc^-3 dex^-1])(3) log10(QLF(offset < -0.3 dex)_84th [Mpc^-3 dex^-1])(4)
#log10(QLF(-0.3 dex < offset < 0.3 dex) [Mpc^-3 dex^-1])(5) log10(QLF(-0.3 dex < offset < 0.3 dex)_16th [Mpc^-3 dex^-1])(6) log10(QLF(-0.3 dex < offset < 0.3 dex)_84th [Mpc^-3 dex^-1])(7)
#log10(QLF(offset > 0.3 dex) [Mpc^-3 dex^-1])(8) log10(QLF(offset > 0.3 dex)_16th [Mpc^-3 dex^-1])(9) log10(QLF(offset > 0.3 dex)_84th [Mpc^-3 dex^-1])(10)
41.193820 -1.573671 -2.865354 -3.135758 -2.787979 -2.544609 -2.800809 -2.372743 -3.457806 -3.775560 -3.360432
41.233820 -1.577976 -2.870799 -3.137309 -2.796923 -2.548791 -2.807121 -2.380344 -3.461800 -3.778763 -3.369255
41.273820 -1.582324 -2.875097 -3.136453 -2.806830 -2.553469 -2.811998 -2.388312 -3.465101 -3.781589 -3.378611
41.313820 -1.587267 -2.879467 -3.139288 -2.812979 -2.558951 -2.818507 -2.397453 -3.468645 -3.787367 -3.386896
41.353820 -1.592827 -2.886092 -3.142318 -2.818001 -2.564495 -2.823988 -2.407699 -3.473598 -3.790870 -3.390876
41.393820 -1.598458 -2.893184 -3.146400 -2.824880 -2.569846 -2.829948 -2.418640 -3.479233 -3.795382 -3.397555
41.433820 -1.604787 -2.900438 -3.149398 -2.830932 -2.576155 -2.836219 -2.429074 -3.485058 -3.797752 -3.402201
41.473820 -1.611209 -2.909135 -3.152584 -2.837029 -2.582439 -2.841978 -2.441133 -3.490533 -3.800569 -3.412153
41.513820 -1.617766 -2.916177 -3.154913 -2.843030 -2.589151 -2.847482 -2.451332 -3.496294 -3.804396 -3.419233
41.553820 -1.624463 -2.924607 -3.162567 -2.850384 -2.595440 -2.853480 -2.462963 -3.503259 -3.808216 -3.427366
41.593820 -1.631264 -2.932015 -3.172847 -2.861952 -2.602050 -2.856611 -2.473126 -3.510309 -3.812361 -3.435819
41.633820 -1.638488 -2.940589 -3.181029 -2.871239 -2.609191 -2.859633 -2.484095 -3.516984 -3.814421 -3.441743
41.673820 -1.645834 -2.947885 -3.188551 -2.884309 -2.616635 -2.863594 -2.495812 -3.524045 -3.824605 -3.451191
41.713820 -1.653470 -2.955202 -3.195726 -2.894633 -2.624312 -2.868228 -2.505799 -3.531740 -3.831683 -3.458251
41.753820 -1.661409 -2.963587 -3.203036 -2.908004 -2.631959 -2.874077 -2.518786 -3.540356 -3.838214 -3.468329
41.793820 -1.669495 -2.971191 -3.209479 -2.917630 -2.640059 -2.880124 -2.528979 -3.548688 -3.843760 -3.476501
41.833820 -1.677887 -2.981338 -3.216973 -2.928738 -2.648303 -2.887135 -2.541666 -3.556499 -3.849491 -3.485442
41.873820 -1.686443 -2.990647 -3.222306 -2.940609 -2.656650 -2.894521 -2.553028 -3.565279 -3.855094 -3.494799
41.913820 -1.695064 -3.000224 -3.225686 -2.951020 -2.665705 -2.901905 -2.565364 -3.571926 -3.862472 -3.501732
41.953820 -1.703749 -3.008490 -3.235505 -2.962344 -2.674683 -2.909420 -2.577140 -3.579919 -3.870249 -3.510628
41.993820 -1.712612 -3.017643 -3.244839 -2.970211 -2.683603 -2.916445 -2.588077 -3.588424 -3.874754 -3.517325
42.033820 -1.721289 -3.027604 -3.254209 -2.982214 -2.691990 -2.925050 -2.600548 -3.597271 -3.877936 -3.525439
42.073820 -1.730143 -3.037061 -3.262326 -2.992265 -2.700736 -2.932011 -2.611454 -3.606113 -3.880964 -3.531889
42.113820 -1.739020 -3.045844 -3.272456 -3.004628 -2.709738 -2.940226 -2.622999 -3.614643 -3.884940 -3.539585
42.153820 -1.747918 -3.054611 -3.281686 -3.016601 -2.718387 -2.947474 -2.634910 -3.624422 -3.888661 -3.545089
42.193820 -1.757002 -3.064346 -3.290227 -3.029123 -2.727347 -2.954099 -2.642505 -3.633518 -3.891723 -3.554207
42.233820 -1.765976 -3.074600 -3.297976 -3.039731 -2.735715 -2.961303 -2.654713 -3.643690 -3.895948 -3.565269
42.273820 -1.775138 -3.083366 -3.306515 -3.050648 -2.745123 -2.967305 -2.664341 -3.652290 -3.899728 -3.575019
42.313820 -1.784318 -3.091986 -3.315509 -3.060461 -2.754449 -2.975355 -2.677138 -3.661332 -3.909794 -3.587743
42.353820 -1.793510 -3.101558 -3.323065 -3.065412 -2.763561 -2.981287 -2.687420 -3.670555 -3.917894 -3.597637
42.393820 -1.802901 -3.111809 -3.330433 -3.069710 -2.772549 -2.989775 -2.700176 -3.680742 -3.929183 -3.610763
42.433820 -1.812156 -3.121609 -3.338030 -3.078829 -2.781482 -2.996314 -2.710678 -3.690716 -3.937041 -3.621920
42.473820 -1.821613 -3.130244 -3.347271 -3.087648 -2.791242 -3.004413 -2.722392 -3.699679 -3.945455 -3.635091
42.513820 -1.831055 -3.140405 -3.355397 -3.098081 -2.800759 -3.011757 -2.731596 -3.708451 -3.954428 -3.646215
42.553820 -1.840476 -3.150127 -3.364472 -3.108608 -2.809928 -3.016287 -2.741817 -3.718511 -3.962984 -3.657291
42.593820 -1.850106 -3.160844 -3.371780 -3.120172 -2.819220 -3.025057 -2.750417 -3.728596 -3.971920 -3.666101
42.633820 -1.859568 -3.169517 -3.381953 -3.130192 -2.828823 -3.032658 -2.760096 -3.738065 -3.978393 -3.675077
42.673820 -1.869241 -3.177880 -3.392877 -3.141166 -2.838957 -3.042440 -2.770166 -3.747020 -3.986556 -3.685394
42.713820 -1.878917 -3.188630 -3.402436 -3.150884 -2.848537 -3.049552 -2.779282 -3.756371 -3.995505 -3.694428
42.753820 -1.888590 -3.199171 -3.411561 -3.163753 -2.857905 -3.057050 -2.789163 -3.766519 -4.004488 -3.705143
42.793820 -1.898484 -3.210139 -3.419379 -3.175854 -2.867639 -3.062737 -2.800996 -3.776297 -4.013872 -3.714222
42.833820 -1.908061 -3.221768 -3.427092 -3.188257 -2.876969 -3.072550 -2.815176 -3.785470 -4.023604 -3.725216
42.873820 -1.917854 -3.232263 -3.436361 -3.199619 -2.886992 -3.080073 -2.825361 -3.794107 -4.033216 -3.734997
42.913820 -1.927623 -3.243428 -3.451089 -3.210814 -2.896414 -3.088011 -2.833735 -3.804183 -4.042830 -3.745976
42.953820 -1.937362 -3.253469 -3.463087 -3.220358 -2.906310 -3.095298 -2.841884 -3.813240 -4.052048 -3.755973
42.993820 -1.947324 -3.265184 -3.474630 -3.229490 -2.916122 -3.103148 -2.853382 -3.822671 -4.062273 -3.766112
43.033820 -1.956993 -3.276788 -3.485747 -3.241069 -2.925559 -3.110802 -2.864983 -3.831973 -4.072469 -3.776586
43.073820 -1.966881 -3.287685 -3.496540 -3.250558 -2.935372 -3.118385 -2.871644 -3.841526 -4.081883 -3.786202
43.113820 -1.976770 -3.297973 -3.506164 -3.263584 -2.945043 -3.126170 -2.878739 -3.851888 -4.091377 -3.797297
43.153820 -1.986655 -3.307168 -3.517883 -3.274435 -2.955158 -3.133808 -2.885707 -3.861427 -4.100601 -3.807501
43.193820 -1.996771 -3.319687 -3.529205 -3.286712 -2.965134 -3.141800 -2.896889 -3.870623 -4.108270 -3.817954
43.233820 -2.006838 -3.330248 -3.541415 -3.295371 -2.975207 -3.149347 -2.906847 -3.880390 -4.114715 -3.828456
43.273820 -2.017145 -3.342067 -3.552838 -3.301909 -2.986095 -3.158300 -2.918668 -3.887981 -4.122784 -3.838098
43.313820 -2.027507 -3.351906 -3.564693 -3.309125 -2.997021 -3.167172 -2.930675 -3.896842 -4.130928 -3.847856
43.353820 -2.037921 -3.363119 -3.576803 -3.316695 -3.007657 -3.177208 -2.941394 -3.906101 -4.138845 -3.858024
43.393820 -2.048592 -3.376300 -3.589540 -3.325220 -3.018103 -3.188763 -2.954640 -3.916090 -4.147651 -3.866981
43.433820 -2.058969 -3.387921 -3.601504 -3.336494 -3.028601 -3.197609 -2.965443 -3.925395 -4.155886 -3.878684
43.473820 -2.069601 -3.402656 -3.612598 -3.349380 -3.039198 -3.209692 -2.977963 -3.933890 -4.165693 -3.892193
43.513820 -2.080296 -3.415433 -3.625477 -3.363597 -3.049693 -3.219655 -2.990231 -3.944084 -4.175428 -3.904131
43.553820 -2.091053 -3.428851 -3.637311 -3.377951 -3.060424 -3.231284 -3.001854 -3.953491 -4.185901 -3.915218
43.593820 -2.102084 -3.442106 -3.651571 -3.393397 -3.070947 -3.242112 -3.010173 -3.964925 -4.196160 -3.925833
43.633820 -2.113042 -3.455596 -3.664170 -3.404714 -3.082134 -3.253364 -3.016216 -3.973823 -4.206457 -3.933495
43.673820 -2.124283 -3.470142 -3.678568 -3.420763 -3.093265 -3.264883 -3.024145 -3.983674 -4.214896 -3.941614
43.713820 -2.135784 -3.482210 -3.692232 -3.439555 -3.105107 -3.275563 -3.035492 -3.993823 -4.223832 -3.951239
43.753820 -2.147557 -3.497868 -3.707710 -3.457634 -3.116630 -3.287393 -3.050151 -4.004360 -4.234481 -3.964161
43.793820 -2.159659 -3.511982 -3.723618 -3.480557 -3.128489 -3.298544 -3.064670 -4.016183 -4.244256 -3.975508
43.833820 -2.171708 -3.528556 -3.737858 -3.497699 -3.140627 -3.312334 -3.079105 -4.025664 -4.254726 -3.989336
43.873820 -2.184101 -3.546261 -3.755066 -3.513121 -3.152614 -3.326654 -3.095205 -4.036653 -4.264407 -4.000613
43.913820 -2.196635 -3.563298 -3.770011 -3.528861 -3.165643 -3.339928 -3.107777 -4.045472 -4.275103 -4.008478
43.953820 -2.209313 -3.580136 -3.787143 -3.547713 -3.178867 -3.354913 -3.123267 -4.054498 -4.286205 -4.019834
43.993820 -2.222372 -3.596031 -3.800696 -3.563347 -3.192159 -3.369339 -3.133626 -4.065513 -4.297969 -4.029680
44.033820 -2.235509 -3.615211 -3.816629 -3.579830 -3.205392 -3.383651 -3.146224 -4.075544 -4.308155 -4.041732
44.073820 -2.249056 -3.634218 -3.836727 -3.595283 -3.218755 -3.399355 -3.158338 -4.087139 -4.319453 -4.053871
44.113820 -2.262726 -3.652371 -3.858206 -3.609579 -3.233307 -3.412710 -3.171903 -4.096205 -4.329011 -4.066493
44.153820 -2.276517 -3.670716 -3.877241 -3.633051 -3.247244 -3.427784 -3.185760 -4.107562 -4.338761 -4.078518
44.193820 -2.290761 -3.689279 -3.895508 -3.651971 -3.261968 -3.442445 -3.202341 -4.118547 -4.350511 -4.089027
44.233820 -2.305018 -3.710899 -3.917657 -3.666084 -3.276176 -3.457609 -3.219749 -4.129815 -4.362110 -4.099261
44.273820 -2.319759 -3.731609 -3.940529 -3.682287 -3.291146 -3.473610 -3.231148 -4.141427 -4.373574 -4.106565
44.313820 -2.334770 -3.754626 -3.959312 -3.699866 -3.306891 -3.489056 -3.246352 -4.151131 -4.384145 -4.116133
44.353820 -2.350062 -3.776412 -3.980170 -3.720250 -3.322766 -3.503904 -3.259950 -4.162245 -4.395843 -4.123151
44.393820 -2.365912 -3.796997 -4.001528 -3.741929 -3.339524 -3.515439 -3.276501 -4.173775 -4.405554 -4.131116
44.433820 -2.381801 -3.820962 -4.024059 -3.759414 -3.355558 -3.526460 -3.291550 -4.186236 -4.420014 -4.144774
44.473820 -2.398293 -3.844140 -4.047628 -3.779778 -3.372796 -3.537019 -3.313116 -4.198270 -4.433768 -4.159961
44.513820 -2.415137 -3.869447 -4.072485 -3.800521 -3.390602 -3.548446 -3.329398 -4.209547 -4.444045 -4.176971
44.553820 -2.432348 -3.890883 -4.099538 -3.824564 -3.408763 -3.567321 -3.340539 -4.222802 -4.457275 -4.190737
44.593820 -2.450270 -3.916027 -4.125648 -3.848044 -3.427517 -3.585747 -3.361608 -4.236122 -4.468726 -4.201707
44.633820 -2.468332 -3.940754 -4.153903 -3.872986 -3.445945 -3.601725 -3.382507 -4.251041 -4.485089 -4.215230
44.673820 -2.487178 -3.968798 -4.180152 -3.899727 -3.465743 -3.625688 -3.401342 -4.264517 -4.499450 -4.227950
44.713820 -2.506567 -3.998609 -4.212640 -3.927622 -3.485911 -3.639139 -3.423446 -4.278724 -4.513612 -4.242077
44.753820 -2.526534 -4.030007 -4.248560 -3.954363 -3.506362 -3.655643 -3.449213 -4.294074 -4.527025 -4.262337
44.793820 -2.547465 -4.062555 -4.282422 -3.984025 -3.528749 -3.680707 -3.471290 -4.308125 -4.541273 -4.281409
44.833820 -2.568316 -4.094000 -4.316436 -4.016320 -3.550134 -3.698406 -3.489383 -4.324763 -4.558870 -4.300258
44.873820 -2.590219 -4.125536 -4.352274 -4.046112 -3.573523 -3.723526 -3.510726 -4.340585 -4.576799 -4.315354
44.913820 -2.612534 -4.156398 -4.390827 -4.078322 -3.596993 -3.751639 -3.531114 -4.358008 -4.592401 -4.330739
44.953820 -2.635264 -4.192656 -4.422690 -4.112550 -3.621312 -3.778131 -3.550915 -4.373743 -4.605717 -4.342093
44.993820 -2.659250 -4.229333 -4.459560 -4.147313 -3.645953 -3.801569 -3.573767 -4.393238 -4.626613 -4.358440
45.033820 -2.682828 -4.267873 -4.491493 -4.184652 -3.670443 -3.829862 -3.595616 -4.411380 -4.646832 -4.369648
45.073820 -2.707759 -4.307932 -4.533866 -4.220340 -3.696779 -3.862591 -3.619671 -4.429958 -4.667186 -4.382888
45.113820 -2.733177 -4.348610 -4.578844 -4.258458 -3.723603 -3.884445 -3.643144 -4.449203 -4.684716 -4.398081
45.153820 -2.759078 -4.386580 -4.622254 -4.295269 -3.751823 -3.903720 -3.667259 -4.467846 -4.704674 -4.415391
45.193820 -2.786623 -4.425619 -4.669131 -4.333545 -3.782123 -3.926936 -3.691739 -4.487562 -4.722046 -4.434754
45.233820 -2.813454 -4.467672 -4.710432 -4.366257 -3.811478 -3.947731 -3.716901 -4.506595 -4.736535 -4.448663
45.273820 -2.842052 -4.512657 -4.756549 -4.410043 -3.841951 -3.975884 -3.744481 -4.528719 -4.762281 -4.469074
45.313820 -2.871139 -4.555981 -4.798776 -4.453636 -3.873396 -4.008154 -3.769147 -4.550962 -4.788527 -4.492212
45.353820 -2.900680 -4.602011 -4.847495 -4.506080 -3.905001 -4.043037 -3.793358 -4.574071 -4.815064 -4.513899
45.393820 -2.932377 -4.650136 -4.897655 -4.549873 -3.939817 -4.081119 -3.817723 -4.597623 -4.837872 -4.532045
45.433820 -2.962943 -4.694653 -4.947564 -4.592783 -3.973645 -4.118287 -3.840962 -4.620401 -4.857870 -4.554167
45.473820 -2.995824 -4.741439 -4.998505 -4.640706 -4.010499 -4.163747 -3.865118 -4.644513 -4.879823 -4.577463
45.513820 -3.029314 -4.792211 -5.045843 -4.687565 -4.047984 -4.197808 -3.896329 -4.669077 -4.902437 -4.600997
45.553820 -3.063346 -4.843060 -5.097155 -4.731828 -4.086037 -4.238775 -3.922848 -4.694516 -4.925717 -4.620829
45.593820 -3.100273 -4.893420 -5.149296 -4.774293 -4.126284 -4.280759 -3.954476 -4.724624 -4.953329 -4.643917
45.633820 -3.134851 -4.943533 -5.202348 -4.826698 -4.163935 -4.318689 -3.984820 -4.752736 -4.977913 -4.664618
45.673820 -3.172422 -4.994839 -5.254839 -4.870862 -4.205120 -4.355983 -4.029343 -4.783385 -5.003416 -4.687775
45.713820 -3.210247 -5.047669 -5.311384 -4.919094 -4.247146 -4.398447 -4.071229 -4.813495 -5.029446 -4.712975
45.753820 -3.248074 -5.099885 -5.365669 -4.969288 -4.289198 -4.438363 -4.107858 -4.843870 -5.054102 -4.730850
45.793820 -3.289514 -5.157360 -5.421789 -5.026047 -4.335749 -4.485336 -4.152006 -4.876709 -5.081647 -4.765299
45.833820 -3.327828 -5.211487 -5.473871 -5.080432 -4.379039 -4.539263 -4.196572 -4.906920 -5.113646 -4.791561
45.873820 -3.369852 -5.266316 -5.536530 -5.136842 -4.425116 -4.598542 -4.238456 -4.942549 -5.148775 -4.820089
45.913820 -3.412137 -5.320016 -5.596879 -5.196886 -4.471155 -4.660201 -4.280202 -4.979095 -5.187977 -4.848403
45.953820 -3.454308 -5.372207 -5.655029 -5.256107 -4.517013 -4.721314 -4.326448 -5.015848 -5.225746 -4.881262
45.993820 -3.501018 -5.430828 -5.723222 -5.321752 -4.568325 -4.782033 -4.379061 -5.056004 -5.269169 -4.925862
46.033820 -3.542853 -5.484548 -5.786372 -5.378691 -4.613759 -4.830686 -4.423079 -5.092673 -5.306014 -4.966930
46.073820 -3.589152 -5.543911 -5.854614 -5.439509 -4.665128 -4.887833 -4.475162 -5.132117 -5.348703 -5.013488
46.113820 -3.635491 -5.600736 -5.920754 -5.501593 -4.716519 -4.940423 -4.524971 -5.171974 -5.391044 -5.052673
46.153820 -3.681268 -5.656524 -5.989584 -5.559727 -4.766448 -4.994883 -4.578479 -5.212476 -5.437018 -5.086600
46.193820 -3.732444 -5.716710 -6.061869 -5.629192 -4.822279 -5.052882 -4.636038 -5.258003 -5.486401 -5.128433
46.233820 -3.777481 -5.772600 -6.117433 -5.691244 -4.871749 -5.108423 -4.690748 -5.297666 -5.526278 -5.164823
46.273820 -3.827734 -5.831530 -6.176229 -5.759941 -4.926425 -5.167677 -4.749692 -5.342795 -5.572014 -5.211182
46.313820 -3.877904 -5.890072 -6.241733 -5.828708 -4.979848 -5.227219 -4.810175 -5.389171 -5.617947 -5.248981
46.353820 -3.927157 -5.948712 -6.311019 -5.898237 -5.032150 -5.284726 -4.863216 -5.434849 -5.665920 -5.304191
46.393820 -3.982719 -6.012486 -6.387080 -5.974220 -5.090624 -5.349212 -4.918130 -5.487092 -5.721287 -5.355117
46.433820 -4.030998 -6.070948 -6.455500 -6.044662 -5.141777 -5.405868 -4.966903 -5.532048 -5.769149 -5.400866
46.473820 -4.085322 -6.135222 -6.529926 -6.120398 -5.198535 -5.472312 -5.020212 -5.583541 -5.821925 -5.451936
46.513820 -4.139354 -6.200551 -6.604260 -6.197107 -5.255590 -5.540845 -5.082993 -5.634163 -5.874473 -5.501173
46.553820 -4.191952 -6.265850 -6.677437 -6.270951 -5.310660 -5.606485 -5.148039 -5.683869 -5.926502 -5.549524
46.593820 -4.251810 -6.338372 -6.757766 -6.351376 -5.372929 -5.673589 -5.213160 -5.740942 -5.984006 -5.607813
46.633820 -4.302525 -6.403437 -6.829515 -6.423293 -5.424790 -5.731476 -5.262054 -5.790021 -6.036520 -5.658454
46.673820 -4.359954 -6.474306 -6.901310 -6.500452 -5.483599 -5.800879 -5.321841 -5.845660 -6.094186 -5.712646
46.713820 -4.416908 -6.548058 -6.976637 -6.573047 -5.542308 -5.870480 -5.394844 -5.900387 -6.149469 -5.767901
46.753820 -4.471964 -6.620586 -7.053549 -6.639468 -5.599336 -5.938157 -5.466261 -5.953038 -6.201951 -5.825105
46.793820 -4.535027 -6.701766 -7.138293 -6.725138 -5.664721 -6.013884 -5.536743 -6.013407 -6.263127 -5.894220
46.833820 -4.588143 -6.773755 -7.213678 -6.798260 -5.720115 -6.082215 -5.607277 -6.063898 -6.314889 -5.945687
46.873820 -4.648674 -6.852040 -7.302225 -6.879043 -5.783580 -6.158584 -5.684049 -6.121315 -6.381725 -6.007526
46.913820 -4.708738 -6.932325 -7.386098 -6.962265 -5.846616 -6.234198 -5.753595 -6.178225 -6.448739 -6.069661
46.953820 -4.766682 -7.009642 -7.473106 -7.049075 -5.908537 -6.308174 -5.821789 -6.232254 -6.513333 -6.129795
46.993820 -4.833566 -7.097752 -7.569169 -7.131967 -5.979684 -6.390667 -5.895923 -6.295029 -6.585349 -6.200420
47.033820 -4.889162 -7.174381 -7.652199 -7.202792 -6.038922 -6.457089 -5.954386 -6.347123 -6.648550 -6.262049
47.073820 -4.952935 -7.260138 -7.742677 -7.287283 -6.107820 -6.531050 -6.031963 -6.406266 -6.718655 -6.328210
47.113820 -5.016376 -7.345926 -7.826801 -7.372534 -6.176030 -6.606352 -6.104049 -6.465468 -6.789969 -6.391794
47.153820 -5.077619 -7.429582 -7.907262 -7.455977 -6.242939 -6.680451 -6.167986 -6.521893 -6.858060 -6.454214
47.193820 -5.148939 -7.523309 -8.004952 -7.550052 -6.320972 -6.771032 -6.242265 -6.587750 -6.935972 -6.525714
47.233820 -5.207927 -7.604383 -8.087989 -7.631309 -6.386288 -6.845033 -6.309091 -6.641723 -7.001816 -6.588885
47.273820 -5.276205 -7.694436 -8.176396 -7.721192 -6.462476 -6.926026 -6.389539 -6.704027 -7.075009 -6.661264
47.313820 -5.344141 -7.784636 -8.266179 -7.810656 -6.537688 -7.007282 -6.462925 -6.766608 -7.150039 -6.731721
47.353820 -5.409426 -7.871535 -8.358808 -7.897083 -6.611422 -7.085276 -6.537168 -6.825940 -7.219986 -6.801988
47.393820 -5.486291 -7.969964 -8.462656 -7.992996 -6.696387 -7.174691 -6.621808 -6.897277 -7.303319 -6.881258
47.433820 -5.548744 -8.053032 -8.551182 -8.071431 -6.767498 -7.248434 -6.693882 -6.954049 -7.369743 -6.948783
47.473820 -5.621712 -8.146738 -8.648492 -8.164713 -6.850116 -7.333217 -6.774399 -7.020936 -7.448130 -7.024846
47.513820 -5.694403 -8.239642 -8.744944 -8.257547 -6.932200 -7.419141 -6.853040 -7.087920 -7.518906 -7.094773
47.553820 -5.764022 -8.328288 -8.832786 -8.344902 -7.011062 -7.500270 -6.929312 -7.152127 -7.581258 -7.161210
47.593820 -5.846971 -8.430409 -8.932837 -8.445564 -7.103039 -7.594497 -7.017978 -7.229961 -7.657339 -7.245476
47.633820 -5.913299 -8.514161 -9.016151 -8.528041 -7.178350 -7.670836 -7.090386 -7.291381 -7.716369 -7.314605
47.673820 -5.991616 -8.610569 -9.111364 -8.622927 -7.265895 -7.759650 -7.174875 -7.364818 -7.792419 -7.396451
47.713820 -6.069609 -8.704954 -9.206846 -8.715929 -7.352577 -7.847539 -7.258991 -7.438367 -7.875158 -7.471634
47.753820 -6.143758 -8.795705 -9.297673 -8.799579 -7.435862 -7.933768 -7.339811 -7.507992 -7.954001 -7.542968
47.793820 -6.233228 -8.900231 -9.404297 -8.894577 -7.533823 -8.031090 -7.435317 -7.593388 -8.038462 -7.627266
47.833820 -6.303453 -8.985471 -9.490453 -8.971225 -7.612582 -8.111865 -7.511926 -7.659637 -8.103225 -7.693650
47.873820 -6.387264 -9.083467 -9.591091 -9.060360 -7.704863 -8.204947 -7.601890 -7.739621 -8.191141 -7.772616
47.913820 -6.470599 -9.180079 -9.689565 -9.149112 -7.795769 -8.295486 -7.691020 -7.819622 -8.279684 -7.850751
47.953820 -6.549003 -9.271634 -9.783718 -9.233357 -7.882081 -8.379493 -7.775315 -7.894637 -8.352931 -7.923838
47.993820 -6.644750 -9.379271 -9.895228 -9.337268 -7.984750 -8.474152 -7.876282 -7.987487 -8.442959 -8.014394
48.033820 -6.718255 -9.464801 -9.991996 -9.418906 -8.065587 -8.550491 -7.955270 -8.057999 -8.511164 -8.082778
48.073820 -6.806787 -9.564596 -10.105217 -9.516707 -8.160630 -8.648801 -8.048529 -8.143929 -8.592785 -8.166099
48.113820 -6.894782 -9.663475 -10.208939 -9.614383 -8.255189 -8.746012 -8.141375 -8.229359 -8.674243 -8.249596
48.153820 -6.976907 -9.756522 -10.302652 -9.708145 -8.343320 -8.836989 -8.223083 -8.309178 -8.752557 -8.326584
48.193820 -7.078271 -9.867983 -10.416469 -9.820569 -8.450497 -8.946500 -8.330630 -8.408356 -8.850794 -8.423676
48.233820 -7.154492 -9.954867 -10.504917 -9.907597 -8.532196 -9.030869 -8.412205 -8.482547 -8.923871 -8.495914
48.273820 -7.247000 -10.057532 -10.615109 -10.010788 -8.629700 -9.130459 -8.507950 -8.573232 -9.012905 -8.584757
48.313820 -7.338840 -10.160601 -10.732630 -10.112870 -8.726465 -9.229643 -8.604593 -8.663298 -9.101466 -8.673136
48.353820 -7.423800 -10.256804 -10.848174 -10.209625 -8.815806 -9.321088 -8.695831 -8.746696 -9.183209 -8.755468
48.393820 -7.529526 -10.374580 -10.983536 -10.332458 -8.925941 -9.432987 -8.807469 -8.850870 -9.286049 -8.860222
48.433820 -7.607960 -10.466742 -11.093382 -10.424713 -9.008411 -9.517869 -8.892203 -8.927890 -9.362261 -8.937779
48.473820 -7.703751 -10.575595 -11.223081 -10.529103 -9.108046 -9.619084 -8.993788 -9.022351 -9.455819 -9.032622
48.513820 -7.798801 -10.687814 -11.376527 -10.641389 -9.206877 -9.720423 -9.094989 -9.116092 -9.548568 -9.126705
48.553820 -7.886131 -10.790754 -11.514199 -10.745845 -9.297743 -9.814580 -9.184892 -9.202215 -9.639301 -9.213181
48.593820 -7.995557 -10.920958 -11.664023 -10.875337 -9.410765 -9.932034 -9.294704 -9.310409 -9.753976 -9.321700
48.633820 -8.075767 -11.020619 -11.783857 -10.975585 -9.494442 -10.019383 -9.374442 -9.389450 -9.839495 -9.401130
48.673820 -8.174225 -11.143368 -11.930615 -11.098791 -9.596654 -10.126527 -9.474520 -9.486647 -9.943285 -9.498906
48.713820 -8.271989 -11.265443 -12.077266 -11.225438 -9.698138 -10.233835 -9.573877 -9.583179 -10.046544 -9.596226
48.753820 -8.361480 -11.382499 -12.220423 -11.343909 -9.791609 -10.332454 -9.666581 -9.671368 -10.141371 -9.685367
48.793820 -8.474328 -11.525265 -12.385854 -11.492418 -9.909076 -10.456602 -9.785540 -9.782735 -10.259314 -9.799664
48.833820 -8.556212 -11.638202 -12.524831 -11.608608 -9.995411 -10.549784 -9.878021 -9.863210 -10.346834 -9.883311
48.873820 -8.657208 -11.775550 -12.699407 -11.751765 -10.102427 -10.667115 -9.989773 -9.962352 -10.452009 -9.984303
48.913820 -8.757541 -11.912458 -12.891446 -11.885239 -10.208095 -10.786550 -10.099777 -10.061066 -10.556981 -10.085962
48.953820 -8.849015 -12.047632 -13.079064 -12.013118 -10.307052 -10.912689 -10.197031 -10.150336 -10.652362 -10.178241
48.993820 -8.965041 -12.206439 -13.273883 -12.166900 -10.430219 -11.065315 -10.318351 -10.264310 -10.772685 -10.295151
49.033820 -9.048777 -12.341360 -13.443536 -12.284497 -10.523277 -11.188103 -10.410040 -10.345448 -10.857809 -10.379355
49.073820 -9.152610 -12.494461 -13.629197 -12.439578 -10.636801 -11.335072 -10.527244 -10.446668 -10.962662 -10.483672
49.113820 -9.255980 -12.656334 -13.826655 -12.591641 -10.751394 -11.486059 -10.647358 -10.547109 -11.066390 -10.582830
49.153820 -9.350077 -12.806531 -14.007225 -12.732770 -10.858451 -11.630948 -10.756735 -10.637962 -11.162033 -10.674780
49.193820 -9.470368 -12.992821 -14.227146 -12.911484 -10.992112 -11.807027 -10.895888 -10.755029 -11.284031 -10.791475
49.233820 -9.556617 -13.142258 -14.403799 -13.051381 -11.094936 -11.950322 -10.998383 -10.837471 -11.373273 -10.875919
49.273820 -9.664349 -13.322337 -14.620455 -13.215377 -11.218808 -12.107400 -11.120821 -10.941662 -11.483867 -10.981354
49.313820 -9.771983 -13.501021 -14.844604 -13.380572 -11.346844 -12.252449 -11.242420 -11.045062 -11.593252 -11.087068
49.353820 -9.869858 -13.675587 -15.082817 -13.543267 -11.464531 -12.389306 -11.358003 -11.139048 -11.694264 -11.184240
49.393820 -9.996411 -13.882757 -15.345959 -13.748821 -11.615416 -12.559509 -11.503630 -11.261117 -11.823957 -11.308908
49.433820 -10.086303 -14.053488 -15.589051 -13.923724 -11.729069 -12.724316 -11.616466 -11.346909 -11.923571 -11.396672
49.473820 -10.199791 -14.259223 -15.850749 -14.132176 -11.870636 -12.910644 -11.748275 -11.455883 -12.055132 -11.504496
49.513820 -10.313693 -14.458852 -16.126224 -14.337974 -12.012208 -13.084344 -11.882420 -11.565659 -12.168289 -11.612166
49.553820 -10.416923 -14.668132 -16.388216 -14.537250 -12.147150 -13.254576 -12.010267 -11.664517 -12.275982 -11.709414
49.593820 -10.552603 -14.896193 -16.698148 -14.771951 -12.314836 -13.454305 -12.169434 -11.796140 -12.419142 -11.835586
49.633820 -10.647497 -15.111306 -16.963053 -14.949982 -12.445439 -13.620089 -12.291034 -11.886887 -12.523766 -11.922735
49.673820 -10.769096 -15.335437 -17.256153 -15.157562 -12.604246 -13.811465 -12.439837 -12.004554 -12.654682 -12.032414
49.713820 -10.891723 -15.588887 -17.533983 -15.362664 -12.766073 -14.007758 -12.592348 -12.123420 -12.791044 -12.145606
49.753820 -11.001847 -15.813943 -17.775875 -15.562262 -12.919434 -14.191636 -12.739464 -12.229806 -12.915487 -12.242188
49.793820 -11.149743 -16.101397 -18.061410 -15.824277 -13.109947 -14.413203 -12.935251 -12.374392 -13.078219 -12.378853
49.833820 -11.250310 -16.329272 -18.295143 -16.054813 -13.260417 -14.597386 -13.084278 -12.471503 -13.192260 -12.465001
49.873820 -11.381414 -16.604618 -18.606405 -16.317964 -13.437461 -14.836176 -13.267762 -12.599778 -13.338092 -12.582463
49.913820 -11.514387 -16.876338 -19.035816 -16.577314 -13.627475 -15.067641 -13.459665 -12.729653 -13.484624 -12.710817
49.953820 -11.632331 -17.137586 -19.387757 -16.804918 -13.795096 -15.301465 -13.636714 -12.845227 -13.613401 -12.828540
49.993820 -11.794763 -17.447394 -19.937196 -17.081155 -14.021274 -15.568311 -13.863973 -13.005004 -13.784686 -12.992082
50.033820 -11.901854 -17.696810 -20.301190 -17.305654 -14.183073 -15.793708 -14.029156 -13.110118 -13.893503 -13.098712
50.073820 -12.044311 -17.995392 -20.716216 -17.575990 -14.393561 -16.054400 -14.233880 -13.250451 -14.051678 -13.244849
50.113820 -12.189917 -18.283462 -21.213920 -17.854595 -14.600496 -16.319476 -14.442788 -13.394414 -14.210280 -13.392517
50.153820 -12.317053 -18.584609 -21.544955 -18.126570 -14.798955 -16.577207 -14.626172 -13.519916 -14.355155 -13.525985
50.193820 -12.497573 -18.912884 -22.098157 -18.486901 -15.048838 -16.879748 -14.850609 -13.699089 -14.549215 -13.709091
50.233820 -12.612499 -19.228701 -22.452071 -18.771990 -15.237809 -17.141538 -15.021212 -13.812800 -14.679047 -13.825963
50.273820 -12.769233 -19.550361 -23.046243 -19.103315 -15.474539 -17.428627 -15.228289 -13.968436 -14.847028 -13.964245
50.313820 -12.931143 -19.941956 -23.517136 -19.448973 -15.713210 -17.726371 -15.450970 -14.129470 -15.024660 -14.110031
50.353820 -13.069403 -20.276560 -24.115485 -19.782943 -15.943758 -17.999646 -15.664925 -14.266863 -15.177904 -14.230261
50.393820 -13.273428 -20.738988 -24.774652 -20.184365 -16.229988 -18.327991 -15.945166 -14.470258 -15.404216 -14.417285
50.433820 -13.397275 -21.101952 -25.482614 -20.563653 -16.456700 -18.581222 -16.164446 -14.593469 -15.559247 -14.528742
50.473820 -13.571191 -21.558473 -26.100327 -20.955371 -16.718719 -18.872824 -16.429148 -14.766948 -15.763766 -14.711887
50.513820 -13.754242 -22.033650 -27.102236 -21.453852 -17.016162 -19.223513 -16.722203 -14.949550 -15.987114 -14.904032
50.553820 -13.907767 -22.491695 -27.693716 -21.829204 -17.261680 -19.662243 -16.977546 -15.102790 -16.176351 -15.065257
50.593820 -14.147379 -23.064807 -28.852901 -22.443637 -17.624828 -20.096765 -17.301356 -15.342104 -16.462644 -15.317907
50.633820 -14.286018 -23.551431 -29.523553 -22.832401 -17.857336 -20.550262 -17.509202 -15.480567 -16.648910 -15.460875
50.673820 -14.490878 -24.179744 -30.797473 -23.469499 -18.190523 -20.965835 -17.785155 -15.685240 -16.909873 -15.680765
50.713820 -14.714884 -24.769821 -31.509511 -23.994107 -18.509618 -21.429663 -18.075921 -15.909140 -17.180997 -15.906410
50.753820 -14.895591 -25.584730 -32.961963 -24.658329 -18.823428 -21.834845 -18.362686 -16.089731 -17.414839 -16.103388
50.793820 -15.210770 -26.198056 -34.338652 -25.326280 -19.235370 -22.398875 -18.769530 -16.404847 -17.785544 -16.423687
