#Quasar bolometric luminosity function in different bins of deviation from the SMBH mass--galaxy mass (BHSM) relation
#from TRINITY PaperIII (Fig. 7, Zhang+2024, MNRAS, 529, 2777)
#z: 8.00
#log10(Lbol [erg/s])(0) log10(QLF_total [Mpc^-3 dex^-1])(1) log10(QLF(offset < -0.3 dex) [Mpc^-3 dex^-1])(2) log10(QLF(offset < -0.3 dex)_16th [Mpc^-3 dex^-1])(3) log10(QLF(offset < -0.3 dex)_84th [Mpc^-3 dex^-1])(4)
#log10(QLF(-0.3 dex < offset < 0.3 dex) [Mpc^-3 dex^-1])(5) log10(QLF(-0.3 dex < offset < 0.3 dex)_16th [Mpc^-3 dex^-1])(6) log10(QLF(-0.3 dex < offset < 0.3 dex)_84th [Mpc^-3 dex^-1])(7)
#log10(QLF(offset > 0.3 dex) [Mpc^-3 dex^-1])(8) log10(QLF(offset > 0.3 dex)_16th [Mpc^-3 dex^-1])(9) log10(QLF(offset > 0.3 dex)_84th [Mpc^-3 dex^-1])(10)
41.193820 -7.388335 -8.409048 -9.151444 -8.273143 -8.366929 -9.179916 -8.140750 -9.560692 -10.403102 -9.409482
41.233820 -7.371510 -8.392948 -9.131270 -8.255314 -8.350212 -9.152141 -8.107810 -9.541554 -10.380081 -9.391139
41.273820 -7.355312 -8.376760 -9.108505 -8.237547 -8.334135 -9.126584 -8.073890 -9.524583 -10.357154 -9.372466
41.313820 -7.339115 -8.362444 -9.088834 -8.220583 -8.317847 -9.099453 -8.045753 -9.504745 -10.335719 -9.353636
41.353820 -7.322940 -8.347469 -9.066630 -8.203327 -8.301559 -9.075028 -8.021000 -9.486610 -10.313318 -9.336271
41.393820 -7.307346 -8.333274 -9.046108 -8.185773 -8.286159 -9.048209 -7.997251 -9.466770 -10.290113 -9.318636
41.433820 -7.291065 -8.318195 -9.025225 -8.137776 -8.270083 -9.023053 -7.974613 -9.446655 -10.261778 -9.294440
41.473820 -7.275372 -8.303429 -9.003589 -8.113168 -8.254377 -8.995267 -7.946081 -9.429049 -10.213332 -9.269341
41.513820 -7.259504 -8.288929 -8.982555 -8.087752 -8.238397 -8.968901 -7.910894 -9.410937 -10.168512 -9.242990
41.553820 -7.243499 -8.273598 -8.958513 -8.070216 -8.222276 -8.940804 -7.890914 -9.394198 -10.146444 -9.216198
41.593820 -7.228064 -8.258837 -8.937466 -8.053709 -8.206986 -8.913145 -7.873746 -9.376484 -10.124611 -9.185332
41.633820 -7.211368 -8.242581 -8.913215 -8.035485 -8.190515 -8.884114 -7.854872 -9.357539 -10.101087 -9.153384
41.673820 -7.195291 -8.227294 -8.890703 -8.018387 -8.174793 -8.857939 -7.831091 -9.337753 -10.075626 -9.118453
41.713820 -7.178601 -8.211389 -8.865883 -8.000277 -8.158281 -8.829951 -7.809094 -9.318417 -10.030008 -9.080911
41.753820 -7.161389 -8.194866 -8.839916 -7.981928 -8.141297 -8.789432 -7.793397 -9.298484 -9.963307 -9.036062
41.793820 -7.144834 -8.179272 -8.810805 -7.964373 -8.124883 -8.759160 -7.777870 -9.279177 -9.883238 -8.984706
41.833820 -7.125530 -8.160951 -8.784810 -7.937144 -8.105849 -8.706819 -7.758068 -9.256370 -9.849559 -8.934248
41.873820 -7.107049 -8.143420 -8.758277 -7.906872 -8.087908 -8.606759 -7.734476 -9.232970 -9.805469 -8.859967
41.913820 -7.086502 -8.124011 -8.705630 -7.870655 -8.067818 -8.552271 -7.707750 -9.207663 -9.746851 -8.788946
41.953820 -7.064205 -8.103191 -8.675923 -7.826337 -8.045964 -8.496710 -7.681850 -9.180097 -9.710658 -8.709416
41.993820 -7.042997 -8.084019 -8.631276 -7.782753 -8.025260 -8.444603 -7.633564 -9.152316 -9.625823 -8.586886
42.033820 -7.012376 -8.055659 -8.562304 -7.694604 -7.995403 -8.349020 -7.530931 -9.113459 -9.569718 -8.521070
42.073820 -6.983772 -8.030541 -8.500264 -7.600526 -7.967565 -8.283338 -7.435662 -9.074615 -9.504243 -8.406758
42.113820 -6.945368 -7.996059 -8.424937 -7.476587 -7.930279 -8.207214 -7.241320 -9.023761 -9.407504 -8.249091
42.153820 -6.899687 -7.955475 -8.326031 -7.326531 -7.886096 -8.141173 -7.102705 -8.962307 -9.262438 -8.109759
42.193820 -6.858357 -7.921102 -8.247739 -7.243208 -7.846838 -8.057900 -6.884364 -8.900404 -9.166267 -7.866272
42.233820 -6.768851 -7.840855 -8.083473 -6.977792 -7.759980 -7.875710 -6.616890 -8.785720 -9.012269 -7.513734
42.273820 -6.694677 -7.778468 -8.008985 -6.716050 -7.689207 -7.759624 -6.341598 -8.681820 -8.858800 -7.241492
42.313820 -6.565426 -7.661991 -7.842171 -6.524521 -7.564071 -7.521454 -6.190717 -8.521481 -8.620237 -7.108658
42.353820 -6.419846 -7.533163 -7.709915 -6.418822 -7.424653 -7.337515 -6.062165 -8.336527 -8.430866 -6.960059
42.393820 -6.311006 -7.443471 -7.564651 -6.411626 -7.323060 -7.172500 -6.043036 -8.187119 -8.316139 -6.963644
42.433820 -6.155860 -7.309250 -7.335379 -6.448309 -7.175529 -7.104911 -6.024743 -7.993532 -8.118238 -6.957203
42.473820 -6.041785 -7.213490 -7.301171 -6.468770 -7.068279 -7.004544 -6.118236 -7.848876 -8.021547 -7.063173
42.513820 -5.998285 -7.184110 -7.461269 -6.640904 -7.031944 -7.097013 -6.208125 -7.779415 -8.139873 -7.168489
42.553820 -6.006335 -7.226774 -7.381344 -6.678432 -7.007774 -7.055846 -6.197875 -7.844935 -8.084472 -7.197876
42.593820 -6.014537 -7.355094 -7.401037 -6.640254 -6.980504 -7.069868 -6.203533 -7.886289 -8.069335 -7.154843
42.633820 -6.028299 -7.353376 -7.467142 -6.636380 -6.985245 -7.097924 -6.245180 -7.939726 -8.089632 -7.208131
42.673820 -6.042510 -7.341303 -7.387779 -6.604214 -7.014481 -7.062257 -6.218188 -7.918918 -8.093923 -7.203450
42.713820 -6.054669 -7.352181 -7.481904 -6.768159 -7.022500 -7.134493 -6.315608 -7.945445 -8.168652 -7.318256
42.753820 -6.064584 -7.382403 -7.405007 -6.621154 -7.037350 -7.044226 -6.251468 -7.927398 -8.045923 -7.222323
42.793820 -6.074731 -7.446566 -7.479440 -6.759746 -7.043355 -7.126764 -6.348295 -7.922238 -8.216326 -7.305424
42.833820 -6.081368 -7.353441 -7.360483 -6.643648 -7.075455 -7.078781 -6.298033 -7.908179 -8.077483 -7.281829
42.873820 -6.088108 -7.353960 -7.441787 -6.629123 -7.104441 -7.116335 -6.349803 -7.862762 -8.179093 -7.303440
42.913820 -6.093110 -7.319744 -7.431545 -6.592321 -7.096077 -7.114804 -6.338187 -7.923507 -8.135011 -7.304642
42.953820 -6.096313 -7.328354 -7.429071 -6.578269 -7.079545 -7.086966 -6.334077 -7.980767 -8.153258 -7.333898
42.993820 -6.099540 -7.318449 -7.464302 -6.647017 -7.077686 -7.107673 -6.359188 -8.010678 -8.161831 -7.285347
43.033820 -6.108022 -7.295504 -7.399336 -6.571438 -7.089992 -7.068584 -6.336824 -8.031968 -8.122694 -7.283225
43.073820 -6.116673 -7.310444 -7.486959 -6.633341 -7.099401 -7.136958 -6.377367 -8.032598 -8.191087 -7.326752
43.113820 -6.127197 -7.240314 -7.437935 -6.564868 -7.150456 -7.091721 -6.309642 -7.988745 -8.125977 -7.355842
43.153820 -6.139728 -7.274942 -7.551903 -6.682205 -7.176887 -7.163698 -6.423157 -7.947698 -8.260183 -7.457272
43.193820 -6.152631 -7.258239 -7.481485 -6.659302 -7.164067 -7.150157 -6.366987 -8.055953 -8.168206 -7.404214
43.233820 -6.158134 -7.305802 -7.517293 -6.677622 -7.149376 -7.173804 -6.423885 -8.086361 -8.251052 -7.461062
43.273820 -6.163707 -7.273536 -7.447647 -6.585359 -7.153036 -7.177348 -6.417122 -8.139216 -8.214835 -7.368195
43.313820 -6.167387 -7.256567 -7.459579 -6.560367 -7.158665 -7.161581 -6.421937 -8.160549 -8.194455 -7.372989
43.353820 -6.169125 -7.263673 -7.479649 -6.542972 -7.160874 -7.199642 -6.429993 -8.153638 -8.261992 -7.435240
43.393820 -6.170869 -7.255014 -7.434633 -6.590239 -7.174710 -7.168276 -6.398344 -8.122801 -8.185141 -7.371539
43.433820 -6.167006 -7.282781 -7.519227 -6.617644 -7.167730 -7.210670 -6.474061 -8.094728 -8.269294 -7.477046
43.473820 -6.163177 -7.195697 -7.462875 -6.635200 -7.170303 -7.175402 -6.409453 -8.171716 -8.255671 -7.393635
43.513820 -6.156442 -7.204665 -7.521923 -6.606460 -7.166730 -7.211616 -6.465233 -8.130401 -8.316147 -7.490101
43.553820 -6.146934 -7.140498 -7.466491 -6.608145 -7.155048 -7.177962 -6.400226 -8.217439 -8.321498 -7.499648
43.593820 -6.137630 -7.131864 -7.483934 -6.617330 -7.141148 -7.196827 -6.431792 -8.228672 -8.303979 -7.497732
43.633820 -6.120649 -7.108714 -7.497321 -6.595480 -7.121627 -7.188658 -6.410752 -8.237316 -8.315256 -7.524580
43.673820 -6.104308 -7.105272 -7.462164 -6.541391 -7.101206 -7.176948 -6.422133 -8.215076 -8.287434 -7.432809
43.713820 -6.085900 -7.089072 -7.505995 -6.550560 -7.083068 -7.218159 -6.415096 -8.190765 -8.312099 -7.577938
43.753820 -6.065703 -7.020790 -7.446031 -6.515517 -7.079135 -7.152218 -6.414736 -8.192092 -8.270453 -7.492084
43.793820 -6.046403 -7.011929 -7.470240 -6.500577 -7.061688 -7.232074 -6.429425 -8.139988 -8.344129 -7.531411
43.833820 -6.025521 -6.953661 -7.405564 -6.459027 -7.038079 -7.147132 -6.413989 -8.228872 -8.295904 -7.454685
43.873820 -6.005596 -6.946325 -7.402551 -6.471276 -7.013822 -7.205932 -6.404441 -8.198678 -8.298614 -7.492122
43.913820 -5.984991 -6.922350 -7.367343 -6.432637 -6.986511 -7.147787 -6.369221 -8.232388 -8.303541 -7.489837
43.953820 -5.963837 -6.916186 -7.380404 -6.409729 -6.959506 -7.169538 -6.358562 -8.204651 -8.300851 -7.498377
43.993820 -5.943667 -6.886601 -7.379115 -6.376744 -6.943797 -7.153045 -6.347569 -8.182850 -8.317863 -7.485218
44.033820 -5.923142 -6.843809 -7.347945 -6.376092 -6.937718 -7.125635 -6.381382 -8.136851 -8.324597 -7.462213
44.073820 -5.903544 -6.822410 -7.327771 -6.349184 -6.919069 -7.147272 -6.358025 -8.116924 -8.332796 -7.494324
44.113820 -5.881596 -6.791240 -7.297275 -6.352565 -6.890144 -7.096525 -6.364699 -8.175800 -8.322601 -7.465294
44.153820 -5.857679 -6.781317 -7.299964 -6.362422 -6.861167 -7.099321 -6.342817 -8.138000 -8.360217 -7.470509
44.193820 -5.835011 -6.767223 -7.252745 -6.307147 -6.828743 -7.052840 -6.306426 -8.161469 -8.313012 -7.454714
44.233820 -5.807946 -6.748406 -7.253240 -6.292862 -6.799877 -7.064545 -6.316812 -8.117852 -8.321617 -7.426565
44.273820 -5.782469 -6.721762 -7.213086 -6.244619 -6.776185 -7.027988 -6.295111 -8.082054 -8.299695 -7.438505
44.313820 -5.756619 -6.688952 -7.187311 -6.232134 -6.757213 -7.013624 -6.273821 -8.027694 -8.301901 -7.447976
44.353820 -5.730541 -6.669076 -7.155286 -6.216277 -6.726288 -6.998749 -6.235228 -8.016731 -8.296029 -7.411773
44.393820 -5.705941 -6.636825 -7.140929 -6.182571 -6.700122 -6.968474 -6.276276 -8.033815 -8.279417 -7.493211
44.433820 -5.680117 -6.610729 -7.142859 -6.165044 -6.674005 -6.956352 -6.251339 -8.011623 -8.308592 -7.426602
44.473820 -5.655742 -6.589233 -7.108405 -6.151886 -6.647137 -6.925556 -6.263198 -7.997571 -8.254879 -7.426111
44.513820 -5.631053 -6.566531 -7.084380 -6.167628 -6.624040 -6.927063 -6.258061 -7.951069 -8.258170 -7.443397
44.553820 -5.606172 -6.548894 -7.025108 -6.168857 -6.599044 -6.887632 -6.227687 -7.900107 -8.206362 -7.385974
44.593820 -5.582639 -6.529614 -7.019569 -6.165219 -6.576061 -6.877718 -6.218082 -7.857401 -8.255365 -7.387614
44.633820 -5.558013 -6.516944 -6.981611 -6.137482 -6.546490 -6.837382 -6.180305 -7.830665 -8.210304 -7.374992
44.673820 -5.534708 -6.488234 -6.984313 -6.131029 -6.524640 -6.814348 -6.170817 -7.814154 -8.218971 -7.351243
44.713820 -5.512224 -6.468921 -6.966362 -6.114084 -6.504020 -6.795723 -6.141844 -7.767180 -8.219212 -7.306001
44.753820 -5.490497 -6.444094 -6.934057 -6.123635 -6.485101 -6.763075 -6.137960 -7.734949 -8.206070 -7.282511
44.793820 -5.469806 -6.428588 -6.900680 -6.134505 -6.461796 -6.759243 -6.114962 -7.716803 -8.210925 -7.265393
44.833820 -5.448487 -6.417023 -6.866152 -6.145983 -6.433929 -6.725128 -6.090289 -7.713346 -8.175616 -7.244907
44.873820 -5.428166 -6.410866 -6.877095 -6.142013 -6.406104 -6.726153 -6.074430 -7.706745 -8.161399 -7.205746
44.913820 -5.407196 -6.400662 -6.845541 -6.148011 -6.382437 -6.686569 -6.034706 -7.673936 -8.139696 -7.176661
44.953820 -5.385709 -6.380002 -6.840210 -6.157888 -6.361704 -6.674679 -6.017992 -7.644149 -8.096039 -7.160976
44.993820 -5.365236 -6.358496 -6.811369 -6.157983 -6.344660 -6.651215 -5.984637 -7.601129 -8.060683 -7.143785
45.033820 -5.343721 -6.335178 -6.799490 -6.147042 -6.323522 -6.629516 -5.992970 -7.581957 -8.032888 -7.165513
45.073820 -5.323222 -6.322540 -6.773661 -6.110938 -6.299955 -6.603325 -5.972701 -7.561784 -8.027707 -7.117260
45.113820 -5.303437 -6.313494 -6.772867 -6.093149 -6.274379 -6.578362 -5.962986 -7.555376 -7.961975 -7.114088
45.153820 -5.284315 -6.314852 -6.758883 -6.078531 -6.248752 -6.562187 -5.977994 -7.530499 -7.963030 -7.069256
45.193820 -5.266000 -6.312211 -6.727639 -6.084677 -6.227216 -6.564701 -5.977978 -7.496729 -7.909052 -7.036745
45.233820 -5.250594 -6.307212 -6.716375 -6.095681 -6.211266 -6.534361 -5.975026 -7.460705 -7.889909 -7.012234
45.273820 -5.235715 -6.298234 -6.708010 -6.094309 -6.196590 -6.553848 -5.965989 -7.431281 -7.834634 -6.967961
45.313820 -5.222459 -6.294277 -6.730751 -6.096391 -6.180546 -6.529656 -5.961780 -7.417234 -7.855550 -6.952840
45.353820 -5.210695 -6.292403 -6.738908 -6.095462 -6.165774 -6.509863 -5.936621 -7.405528 -7.821653 -6.916490
45.393820 -5.199240 -6.293203 -6.723232 -6.105679 -6.150686 -6.501480 -5.945741 -7.394332 -7.835535 -6.917383
45.433820 -5.190040 -6.306411 -6.728357 -6.099497 -6.137676 -6.459206 -5.922272 -7.368188 -7.780543 -6.929851
45.473820 -5.181031 -6.320304 -6.744387 -6.084735 -6.125469 -6.446995 -5.912399 -7.340272 -7.762756 -6.953209
45.513820 -5.173687 -6.334061 -6.746325 -6.084670 -6.117259 -6.437579 -5.895011 -7.305022 -7.742344 -6.961099
45.553820 -5.167927 -6.343549 -6.761803 -6.058630 -6.110949 -6.421211 -5.881357 -7.280641 -7.729566 -6.933040
45.593820 -5.162243 -6.358204 -6.777638 -6.083157 -6.102769 -6.408771 -5.870278 -7.262433 -7.724959 -6.920502
45.633820 -5.159273 -6.375383 -6.768139 -6.103858 -6.097377 -6.390351 -5.854225 -7.248372 -7.695591 -6.908821
45.673820 -5.156324 -6.393736 -6.771887 -6.141579 -6.093194 -6.385234 -5.856891 -7.227950 -7.683837 -6.913663
45.713820 -5.155016 -6.403951 -6.788390 -6.131177 -6.092519 -6.386903 -5.847098 -7.211052 -7.654988 -6.893590
45.753820 -5.155336 -6.419492 -6.805586 -6.143523 -6.092450 -6.405141 -5.850064 -7.198271 -7.647565 -6.902445
45.793820 -5.155656 -6.433453 -6.820549 -6.159314 -6.093872 -6.411435 -5.839115 -7.180447 -7.618269 -6.895064
45.833820 -5.158312 -6.456078 -6.834860 -6.185384 -6.097043 -6.408941 -5.838362 -7.163597 -7.613774 -6.899192
45.873820 -5.160985 -6.484433 -6.854617 -6.204707 -6.099743 -6.409773 -5.837518 -7.146264 -7.597654 -6.913474
45.913820 -5.165063 -6.518426 -6.875006 -6.231435 -6.103196 -6.426205 -5.844150 -7.132274 -7.566642 -6.917060
45.953820 -5.170586 -6.553089 -6.906714 -6.266351 -6.110078 -6.425457 -5.856928 -7.114118 -7.558919 -6.895204
45.993820 -5.176181 -6.577708 -6.924528 -6.286104 -6.118440 -6.424149 -5.854254 -7.098276 -7.536958 -6.878804
46.033820 -5.185178 -6.607931 -6.967053 -6.323662 -6.129712 -6.415531 -5.872277 -7.088052 -7.542616 -6.882523
46.073820 -5.194366 -6.633199 -6.994943 -6.355730 -6.138939 -6.427807 -5.878185 -7.089535 -7.500691 -6.874873
46.113820 -5.205625 -6.667216 -7.031025 -6.415304 -6.150569 -6.463622 -5.899190 -7.089476 -7.499177 -6.876179
46.153820 -5.219117 -6.694964 -7.067365 -6.454215 -6.165707 -6.472709 -5.915223 -7.091477 -7.471947 -6.861696
46.193820 -5.233040 -6.729628 -7.115665 -6.482729 -6.182789 -6.495064 -5.921807 -7.087107 -7.468536 -6.857512
46.233820 -5.249970 -6.766791 -7.162630 -6.513971 -6.204872 -6.516835 -5.943961 -7.081013 -7.455516 -6.847104
46.273820 -5.267587 -6.807095 -7.203484 -6.543141 -6.228502 -6.527142 -5.943778 -7.074086 -7.460057 -6.836851
46.313820 -5.286824 -6.851877 -7.249863 -6.573206 -6.253227 -6.545644 -5.984598 -7.071267 -7.488540 -6.823252
46.353820 -5.307871 -6.897478 -7.288369 -6.607586 -6.277449 -6.580989 -5.998233 -7.077901 -7.496659 -6.822081
46.393820 -5.329990 -6.948624 -7.333749 -6.652186 -6.303781 -6.618655 -6.016997 -7.082961 -7.515551 -6.817677
46.433820 -5.354560 -6.990972 -7.370714 -6.694196 -6.333137 -6.649011 -6.057093 -7.092545 -7.518509 -6.827755
46.473820 -5.380603 -7.038115 -7.417977 -6.745182 -6.365813 -6.677138 -6.083352 -7.099710 -7.530146 -6.851024
46.513820 -5.407744 -7.076261 -7.456323 -6.791028 -6.396638 -6.712519 -6.105883 -7.117008 -7.536514 -6.859742
46.553820 -5.436092 -7.119279 -7.503641 -6.846872 -6.429591 -6.757756 -6.131933 -7.133366 -7.529182 -6.851344
46.593820 -5.466421 -7.160042 -7.553123 -6.900232 -6.464561 -6.799529 -6.161218 -7.152793 -7.542461 -6.875094
46.633820 -5.496841 -7.203760 -7.602473 -6.951106 -6.500611 -6.841742 -6.191250 -7.170427 -7.545467 -6.901323
46.673820 -5.529553 -7.253399 -7.660073 -7.008089 -6.539995 -6.888526 -6.226951 -7.188547 -7.569657 -6.902779
46.713820 -5.562920 -7.301696 -7.711961 -7.055137 -6.580684 -6.927210 -6.258648 -7.207212 -7.593815 -6.914568
46.753820 -5.596890 -7.356280 -7.767138 -7.110376 -6.622898 -6.976009 -6.302879 -7.225071 -7.618604 -6.923115
46.793820 -5.633745 -7.407369 -7.816543 -7.160852 -6.664225 -7.011544 -6.340829 -7.253236 -7.619046 -6.945988
46.833820 -5.668546 -7.462722 -7.868928 -7.225342 -6.703881 -7.054653 -6.387308 -7.278397 -7.639430 -6.980234
46.873820 -5.706380 -7.512351 -7.912648 -7.295662 -6.744036 -7.091043 -6.410771 -7.311562 -7.673082 -7.015253
46.913820 -5.744772 -7.566169 -7.971236 -7.347262 -6.786176 -7.131457 -6.441118 -7.342969 -7.710603 -7.052001
46.953820 -5.783547 -7.614089 -8.022674 -7.414248 -6.827193 -7.169568 -6.464228 -7.377673 -7.741775 -7.086645
46.993820 -5.826127 -7.664244 -8.073817 -7.480493 -6.872807 -7.236502 -6.508062 -7.415287 -7.773211 -7.126485
47.033820 -5.865376 -7.708225 -8.121564 -7.534393 -6.916436 -7.295389 -6.555863 -7.448082 -7.808320 -7.162610
47.073820 -5.908528 -7.752263 -8.165729 -7.586817 -6.963472 -7.345075 -6.613528 -7.485927 -7.842744 -7.203722
47.113820 -5.951862 -7.797046 -8.232573 -7.661650 -7.012427 -7.390726 -6.670411 -7.521763 -7.887337 -7.245527
47.153820 -5.994942 -7.836360 -8.270848 -7.730114 -7.059393 -7.431433 -6.732752 -7.560190 -7.931583 -7.273935
47.193820 -6.042770 -7.883893 -8.313654 -7.792864 -7.112696 -7.486828 -6.801375 -7.601201 -7.983068 -7.326769
47.233820 -6.085234 -7.922570 -8.347403 -7.848222 -7.157321 -7.541750 -6.856431 -7.641333 -8.024754 -7.364714
47.273820 -6.132305 -7.972502 -8.396180 -7.908249 -7.206662 -7.599534 -6.907246 -7.685416 -8.074004 -7.407386
47.313820 -6.179246 -8.022431 -8.449491 -7.962075 -7.253580 -7.651299 -6.961579 -7.732139 -8.119860 -7.448590
47.353820 -6.225363 -8.074591 -8.502022 -8.012771 -7.298700 -7.715091 -7.015056 -7.778965 -8.163746 -7.494961
47.393820 -6.276966 -8.133829 -8.559930 -8.071655 -7.349333 -7.764527 -7.074399 -7.831130 -8.211398 -7.545890
47.433820 -6.321445 -8.187654 -8.611360 -8.133800 -7.392543 -7.799677 -7.125927 -7.876414 -8.251284 -7.591234
47.473820 -6.371005 -8.247797 -8.670156 -8.208919 -7.442693 -7.844023 -7.187143 -7.924441 -8.295642 -7.643068
47.513820 -6.420059 -8.307937 -8.732929 -8.280258 -7.492144 -7.892678 -7.257550 -7.972184 -8.344123 -7.694309
47.553820 -6.467662 -8.365937 -8.800932 -8.344992 -7.542222 -7.942524 -7.325299 -8.016062 -8.391714 -7.743963
47.593820 -6.521133 -8.428280 -8.873214 -8.412677 -7.597299 -7.994168 -7.382577 -8.067004 -8.444090 -7.808517
47.633820 -6.566754 -8.482821 -8.937527 -8.468382 -7.646629 -8.043152 -7.430694 -8.107682 -8.488759 -7.868685
47.673820 -6.617736 -8.541636 -9.006620 -8.547967 -7.700568 -8.104209 -7.489339 -8.154750 -8.537166 -7.938321
47.713820 -6.668163 -8.599785 -9.071093 -8.606518 -7.754454 -8.163186 -7.550320 -8.200776 -8.586766 -7.988992
47.753820 -6.716995 -8.656403 -9.133821 -8.667422 -7.806499 -8.222658 -7.618599 -8.245555 -8.634637 -8.040402
47.793820 -6.772022 -8.719455 -9.200053 -8.741231 -7.864520 -8.285143 -7.688581 -8.296825 -8.689696 -8.094921
47.833820 -6.818939 -8.775352 -9.257806 -8.792688 -7.914416 -8.334416 -7.753653 -8.340007 -8.735178 -8.141976
47.873820 -6.871546 -8.838965 -9.326194 -8.854159 -7.969955 -8.386021 -7.820948 -8.388878 -8.786763 -8.196474
47.913820 -6.923692 -8.903449 -9.396605 -8.922787 -8.024867 -8.459010 -7.890365 -8.437454 -8.836510 -8.247606
47.953820 -6.974280 -8.967213 -9.465849 -8.993700 -8.077733 -8.524186 -7.950930 -8.484993 -8.885103 -8.302589
47.993820 -7.031547 -9.040244 -9.532761 -9.070946 -8.137393 -8.586979 -8.016389 -8.539018 -8.937954 -8.358170
48.033820 -7.080356 -9.106063 -9.594758 -9.133300 -8.188329 -8.644705 -8.076052 -8.584856 -8.983056 -8.414638
48.073820 -7.135353 -9.180022 -9.675708 -9.200597 -8.245248 -8.710218 -8.133612 -8.637056 -9.034473 -8.489847
48.113820 -7.189953 -9.256011 -9.762241 -9.268300 -8.301839 -8.775894 -8.191035 -8.688751 -9.092899 -8.556158
48.153820 -7.242931 -9.331309 -9.843495 -9.334885 -8.356489 -8.842095 -8.244763 -8.739167 -9.140728 -8.608708
48.193820 -7.303281 -9.415421 -9.932999 -9.411304 -8.418922 -8.914714 -8.306787 -8.796575 -9.194544 -8.666014
48.233820 -7.354504 -9.493425 -10.017433 -9.485711 -8.472930 -8.980350 -8.356315 -8.844163 -9.239098 -8.715521
48.273820 -7.412588 -9.577623 -10.111781 -9.571137 -8.534435 -9.050985 -8.412641 -8.898153 -9.292057 -8.769921
48.313820 -7.470329 -9.663332 -10.202273 -9.660358 -8.596356 -9.120042 -8.469611 -8.951169 -9.345113 -8.846630
48.353820 -7.526315 -9.745105 -10.290046 -9.736973 -8.657471 -9.189081 -8.524656 -9.001794 -9.410702 -8.915372
48.393820 -7.590602 -9.836236 -10.409293 -9.809870 -8.727347 -9.266012 -8.589815 -9.060457 -9.480693 -8.977660
48.433820 -7.644882 -9.915206 -10.522022 -9.872346 -8.788203 -9.332178 -8.644373 -9.108517 -9.534518 -9.028309
48.473820 -7.706928 -10.001628 -10.636023 -9.956177 -8.856496 -9.398520 -8.709375 -9.164822 -9.586451 -9.089996
48.513820 -7.768726 -10.085917 -10.738249 -10.039629 -8.924992 -9.464318 -8.777226 -9.220742 -9.650111 -9.149302
48.553820 -7.828594 -10.166032 -10.837020 -10.127802 -8.990865 -9.527668 -8.845551 -9.275495 -9.715468 -9.208757
48.593820 -7.898055 -10.258287 -10.942125 -10.221295 -9.066685 -9.601786 -8.925871 -9.339668 -9.791418 -9.275056
48.633820 -7.956238 -10.337361 -11.042164 -10.310882 -9.130201 -9.665503 -8.999163 -9.393505 -9.843005 -9.332226
48.673820 -8.023438 -10.428265 -11.160979 -10.408259 -9.203103 -9.740880 -9.082188 -9.456154 -9.902935 -9.397238
48.713820 -8.090410 -10.517498 -11.278311 -10.501410 -9.275235 -9.815054 -9.165896 -9.519099 -9.961291 -9.466190
48.753820 -8.155011 -10.608075 -11.385306 -10.584493 -9.345702 -9.899190 -9.240259 -9.579232 -10.017538 -9.527590
48.793820 -8.230929 -10.709764 -11.531601 -10.680199 -9.427785 -10.009551 -9.335002 -9.650608 -10.084912 -9.597584
48.833820 -8.293474 -10.804269 -11.669550 -10.766887 -9.498018 -10.107173 -9.414561 -9.707665 -10.147880 -9.665491
48.873820 -8.366567 -10.907837 -11.811445 -10.857468 -9.579668 -10.215486 -9.504748 -9.774929 -10.228758 -9.728597
48.913820 -8.439515 -11.014893 -11.949566 -10.948563 -9.662554 -10.315405 -9.590114 -9.841378 -10.306719 -9.800048
48.953820 -8.509577 -11.120841 -12.085805 -11.037401 -9.743966 -10.402946 -9.666314 -9.904363 -10.382230 -9.885072
48.993820 -8.593158 -11.242263 -12.239448 -11.140961 -9.839929 -10.506440 -9.756153 -9.980591 -10.465936 -9.980394
49.033820 -8.660483 -11.351206 -12.378306 -11.240662 -9.921637 -10.591802 -9.830468 -10.039821 -10.533803 -10.035221
49.073820 -8.740196 -11.472833 -12.539665 -11.349388 -10.015523 -10.700014 -9.916349 -10.111966 -10.611480 -10.097945
49.113820 -8.819833 -11.598548 -12.713632 -11.445049 -10.111642 -10.812937 -10.002211 -10.183300 -10.689866 -10.161193
49.153820 -8.895817 -11.718497 -12.878317 -11.553065 -10.203498 -10.924896 -10.083641 -10.251740 -10.770837 -10.232012
49.193820 -8.987974 -11.859702 -13.069124 -11.687604 -10.313073 -11.056634 -10.187667 -10.336083 -10.878791 -10.320121
49.233820 -9.060525 -11.981643 -13.231294 -11.805801 -10.403917 -11.169594 -10.272072 -10.400924 -10.965304 -10.384864
49.273820 -9.147674 -12.122810 -13.369267 -11.937637 -10.509836 -11.298683 -10.370318 -10.480626 -11.056116 -10.466284
49.313820 -9.234894 -12.265644 -13.506728 -12.052004 -10.616470 -11.416000 -10.466267 -10.560616 -11.158396 -10.544427
49.353820 -9.317489 -12.405684 -13.644829 -12.155404 -10.717855 -11.528911 -10.558420 -10.636623 -11.255670 -10.621423
49.393820 -9.419571 -12.565945 -13.821691 -12.281221 -10.839209 -11.670995 -10.668712 -10.732350 -11.370656 -10.714877
49.433820 -9.497919 -12.706901 -13.986561 -12.383580 -10.936000 -11.796873 -10.756377 -10.804952 -11.450348 -10.785764
49.473820 -9.593584 -12.865424 -14.167441 -12.504294 -11.049626 -11.934925 -10.854240 -10.895327 -11.558520 -10.869923
49.513820 -9.689524 -13.024720 -14.355978 -12.625955 -11.161901 -12.075652 -10.949128 -10.986695 -11.669437 -10.953999
49.553820 -9.779478 -13.180478 -14.539298 -12.751082 -11.268325 -12.209857 -11.037608 -11.072263 -11.774574 -11.034859
49.593820 -9.893067 -13.358484 -14.754741 -12.907235 -11.397851 -12.370304 -11.162039 -11.181811 -11.891087 -11.145915
49.633820 -9.977692 -13.512630 -14.943601 -13.034834 -11.499818 -12.503169 -11.265228 -11.262253 -11.980331 -11.230299
49.673820 -10.082899 -13.686520 -15.157549 -13.179592 -11.622389 -12.656106 -11.386007 -11.363481 -12.092923 -11.329587
49.713820 -10.188832 -13.864509 -15.373295 -13.325408 -11.746658 -12.810275 -11.513627 -11.465425 -12.216546 -11.432406
49.753820 -10.287185 -14.032347 -15.591753 -13.459828 -11.865413 -12.967630 -11.632972 -11.559586 -12.334533 -11.527621
49.793820 -10.414541 -14.235679 -15.843793 -13.625819 -12.012345 -13.157449 -11.776923 -11.683135 -12.484881 -11.656107
49.833820 -10.507391 -14.403597 -16.061720 -13.754037 -12.127378 -13.317969 -11.881862 -11.771919 -12.600001 -11.743729
49.873820 -10.625648 -14.600009 -16.319131 -13.908043 -12.267099 -13.502393 -12.008218 -11.886470 -12.743278 -11.864257
49.913820 -10.746255 -14.801030 -16.580358 -14.062330 -12.409336 -13.694872 -12.138225 -12.003556 -12.887552 -11.959696
49.953820 -10.858099 -14.992628 -16.845678 -14.208772 -12.542670 -13.877393 -12.261411 -12.112099 -13.022189 -12.046920
49.993820 -11.009130 -15.224580 -17.175559 -14.385373 -12.714976 -14.083765 -12.416270 -12.260044 -13.190162 -12.180315
50.033820 -11.116487 -15.415387 -17.427942 -14.524127 -12.842757 -14.231077 -12.518052 -12.364597 -13.311611 -12.272635
50.073820 -11.259415 -15.639138 -17.745790 -14.704637 -13.008440 -14.412078 -12.657430 -12.504576 -13.468241 -12.408085
50.113820 -11.408288 -15.864779 -18.033233 -14.886957 -13.175998 -14.596141 -12.796759 -12.651154 -13.632658 -12.548064
50.153820 -11.544183 -16.080811 -18.322935 -15.069474 -13.331940 -14.763315 -12.926075 -12.784708 -13.785203 -12.675593
50.193820 -11.743053 -16.356087 -18.660396 -15.292874 -13.547531 -14.987025 -13.111543 -12.981715 -13.985053 -12.863602
50.233820 -11.868965 -16.560992 -18.933383 -15.437981 -13.692991 -15.166601 -13.229117 -13.105549 -14.122915 -12.980830
50.273820 -12.047007 -16.823098 -19.302961 -15.634598 -13.887096 -15.391997 -13.406632 -13.281959 -14.310178 -13.136307
50.313820 -12.234954 -17.094520 -19.631043 -15.832962 -14.091266 -15.639548 -13.587321 -13.468324 -14.509441 -13.307514
50.353820 -12.391008 -17.325387 -20.005465 -15.989639 -14.262106 -15.850170 -13.724977 -13.622992 -14.672331 -13.436379
50.393820 -12.636940 -17.667106 -20.421814 -16.236504 -14.523041 -16.158319 -13.960622 -13.867570 -14.940010 -13.667927
50.433820 -12.775649 -17.874532 -20.875391 -16.378008 -14.678654 -16.361725 -14.086276 -14.004813 -15.087564 -13.790668
50.473820 -12.980665 -18.181104 -21.287376 -16.610935 -14.901267 -16.642524 -14.283848 -14.208368 -15.311803 -13.976455
50.513820 -13.205582 -18.495063 -21.872978 -16.866438 -15.143509 -16.944149 -14.499984 -14.431908 -15.568100 -14.183791
50.553820 -13.388896 -18.782872 -22.386773 -17.095716 -15.342769 -17.219247 -14.676385 -14.614006 -15.785397 -14.342157
50.593820 -13.712343 -19.207046 -23.082866 -17.460410 -15.683075 -17.612715 -15.016135 -14.936219 -16.144394 -14.644125
50.633820 -13.880206 -19.513941 -23.802377 -17.689654 -15.858662 -17.885728 -15.178333 -15.103532 -16.345875 -14.800869
50.673820 -14.157446 -19.852613 -24.361853 -18.008101 -16.145254 -18.252212 -15.432809 -15.380122 -16.672956 -15.073787
50.713820 -14.496652 -20.349849 -24.978379 -18.352303 -16.489431 -18.731536 -15.768125 -15.718988 -17.059249 -15.390345
50.753820 -14.730670 -20.664899 -25.791683 -18.586924 -16.725816 -19.051901 -15.992081 -15.952846 -17.330186 -15.585820
50.793820 -15.274349 -21.380889 -26.573432 -19.126151 -17.273981 -19.730021 -16.535156 -16.496223 -17.921470 -16.081764
