#Quasar bolometric luminosity function in different bins of deviation from the SMBH mass--galaxy mass (BHSM) relation
#from TRINITY PaperIII (Fig. 7, Zhang+2024, MNRAS, 529, 2777)
#z: 4.00
#log10(Lbol [erg/s])(0) log10(QLF_total [Mpc^-3 dex^-1])(1) log10(QLF(offset < -0.3 dex) [Mpc^-3 dex^-1])(2) log10(QLF(offset < -0.3 dex)_16th [Mpc^-3 dex^-1])(3) log10(QLF(offset < -0.3 dex)_84th [Mpc^-3 dex^-1])(4)
#log10(QLF(-0.3 dex < offset < 0.3 dex) [Mpc^-3 dex^-1])(5) log10(QLF(-0.3 dex < offset < 0.3 dex)_16th [Mpc^-3 dex^-1])(6) log10(QLF(-0.3 dex < offset < 0.3 dex)_84th [Mpc^-3 dex^-1])(7)
#log10(QLF(offset > 0.3 dex) [Mpc^-3 dex^-1])(8) log10(QLF(offset > 0.3 dex)_16th [Mpc^-3 dex^-1])(9) log10(QLF(offset > 0.3 dex)_84th [Mpc^-3 dex^-1])(10)
41.193820 -4.352860 -5.437224 -5.865187 -5.374567 -5.315497 -5.842492 -5.213883 -6.493649 -6.993898 -6.437031
41.233820 -4.340736 -5.425199 -5.849843 -5.363887 -5.303386 -5.825427 -5.190272 -6.481265 -6.977619 -6.424467
41.273820 -4.328941 -5.413465 -5.833556 -5.349889 -5.291599 -5.808616 -5.165512 -6.469315 -6.961705 -6.412237
41.313820 -4.317055 -5.401680 -5.815887 -5.335726 -5.279719 -5.791692 -5.143466 -6.457207 -6.945524 -6.399876
41.353820 -4.305094 -5.389811 -5.798169 -5.322355 -5.267758 -5.774715 -5.130206 -6.445077 -6.928398 -6.387433
41.393820 -4.293454 -5.378233 -5.780708 -5.309814 -5.256135 -5.757872 -5.118968 -6.433224 -6.911553 -6.375184
41.433820 -4.281317 -5.366178 -5.762806 -5.296802 -5.244008 -5.740492 -5.107269 -6.420874 -6.894260 -6.362344
41.473820 -4.269511 -5.354427 -5.745155 -5.284063 -5.232213 -5.723218 -5.095840 -6.408908 -6.877235 -6.349436
41.513820 -4.257548 -5.342545 -5.727375 -5.271193 -5.220261 -5.705629 -5.084304 -6.396729 -6.860094 -6.336167
41.553820 -4.245449 -5.330521 -5.709430 -5.258048 -5.208172 -5.687645 -5.072489 -6.384435 -6.842743 -6.322419
41.593820 -4.233677 -5.318840 -5.691834 -5.245327 -5.196428 -5.669769 -5.061028 -6.372330 -6.826492 -6.308556
41.633820 -4.221167 -5.306477 -5.673541 -5.232146 -5.183934 -5.650796 -5.048730 -6.359455 -6.809693 -6.293156
41.673820 -4.209008 -5.294453 -5.655557 -5.219790 -5.171810 -5.631687 -5.037462 -6.346845 -6.792967 -6.277466
41.713820 -4.196554 -5.282186 -5.637367 -5.206355 -5.159387 -5.611802 -5.027011 -6.333868 -6.775616 -6.260792
41.753820 -4.183842 -5.269709 -5.618865 -5.189059 -5.146712 -5.590780 -5.016274 -6.320512 -6.757510 -6.242590
41.793820 -4.171491 -5.257651 -5.600786 -5.177320 -5.134410 -5.568885 -5.005475 -6.307343 -6.739056 -6.223115
41.833820 -4.157904 -5.244430 -5.584088 -5.165907 -5.120872 -5.542554 -4.992696 -6.292808 -6.718523 -6.207633
41.873820 -4.144729 -5.231662 -5.568882 -5.152122 -5.107768 -5.514094 -4.979832 -6.278488 -6.699029 -6.182160
41.913820 -4.130770 -5.218301 -5.551160 -5.137797 -5.093880 -5.486256 -4.960989 -6.263044 -6.677807 -6.156853
41.953820 -4.116115 -5.204378 -5.534641 -5.121995 -5.079319 -5.456206 -4.943490 -6.246540 -6.652995 -6.124531
41.993820 -4.101938 -5.191185 -5.518260 -5.106336 -5.065241 -5.394069 -4.930450 -6.230053 -6.628651 -6.095849
42.033820 -4.084244 -5.174648 -5.498039 -5.087461 -5.047693 -5.336261 -4.904007 -6.209496 -6.521385 -6.037975
42.073820 -4.067243 -5.159264 -5.472550 -5.069379 -5.030880 -5.303524 -4.867701 -6.188623 -6.485939 -5.987108
42.113820 -4.046791 -5.141028 -5.436128 -5.046934 -5.010633 -5.268385 -4.843611 -6.163232 -6.449721 -5.905655
42.153820 -4.023383 -5.120502 -5.386042 -5.010497 -4.987474 -5.225721 -4.811114 -6.133623 -6.388114 -5.830614
42.193820 -4.001173 -5.102227 -5.349267 -4.977131 -4.965667 -5.182214 -4.775777 -6.102778 -6.318678 -5.786463
42.233820 -3.963482 -5.070048 -5.295349 -4.936316 -4.928468 -5.111591 -4.735481 -6.053764 -6.194777 -5.718227
42.273820 -3.928802 -5.042856 -5.254192 -4.916907 -4.894413 -5.043561 -4.713722 -6.004558 -6.136858 -5.708871
42.313820 -3.898873 -5.022771 -5.229208 -4.896846 -4.865352 -5.005488 -4.708892 -5.956294 -6.102274 -5.721120
42.353820 -3.872932 -5.009456 -5.216823 -4.886726 -4.840260 -4.981465 -4.711482 -5.909587 -6.085688 -5.726156
42.393820 -3.848454 -4.992292 -5.204742 -4.876975 -4.816460 -4.982784 -4.717353 -5.872884 -6.073673 -5.725641
42.433820 -3.842641 -4.988632 -5.199509 -4.886081 -4.809953 -4.984214 -4.721820 -5.867624 -6.075449 -5.748151
42.473820 -3.836905 -4.973642 -5.192991 -4.871274 -4.803464 -4.999387 -4.713893 -5.876915 -6.073071 -5.753586
42.513820 -3.831177 -4.962190 -5.191038 -4.860818 -4.797360 -5.010725 -4.712608 -5.880446 -6.074381 -5.761097
42.553820 -3.825457 -4.949271 -5.178501 -4.847992 -4.793875 -4.999226 -4.706699 -5.873551 -6.070438 -5.762934
42.593820 -3.819811 -4.940861 -5.177467 -4.836561 -4.787277 -5.007703 -4.704612 -5.876292 -6.081863 -5.763052
42.633820 -3.813295 -4.936104 -5.165652 -4.816541 -4.780416 -5.005782 -4.695071 -5.869053 -6.078402 -5.768720
42.673820 -3.806875 -4.929175 -5.160490 -4.809301 -4.772022 -5.018182 -4.691472 -5.873160 -6.071212 -5.762082
42.713820 -3.800700 -4.920664 -5.143457 -4.797862 -4.766348 -5.010203 -4.683946 -5.867752 -6.085209 -5.771074
42.753820 -3.794761 -4.909168 -5.129331 -4.796485 -4.760392 -5.004940 -4.680265 -5.869900 -6.079539 -5.771856
42.793820 -3.788901 -4.903473 -5.117009 -4.791130 -4.755190 -5.000545 -4.675101 -5.860429 -6.078592 -5.784347
42.833820 -3.782155 -4.894803 -5.105317 -4.785299 -4.748246 -4.987879 -4.669507 -5.857503 -6.065009 -5.779562
42.873820 -3.775511 -4.887491 -5.090203 -4.779659 -4.741226 -4.984418 -4.663269 -5.853782 -6.061049 -5.778827
42.913820 -3.768101 -4.873662 -5.067570 -4.770395 -4.733758 -4.970847 -4.651333 -5.856363 -6.063558 -5.784342
42.953820 -3.759965 -4.863978 -5.061614 -4.756255 -4.725483 -4.963649 -4.644411 -5.851361 -6.060945 -5.786037
42.993820 -3.751979 -4.851477 -5.047651 -4.735022 -4.718804 -4.949535 -4.631531 -5.843451 -6.052720 -5.780461
43.033820 -3.742575 -4.840347 -5.039196 -4.718319 -4.709777 -4.945230 -4.623074 -5.834757 -6.046381 -5.776470
43.073820 -3.733370 -4.825375 -5.022112 -4.695064 -4.701507 -4.932375 -4.609980 -5.829757 -6.051844 -5.772751
43.113820 -3.723643 -4.810737 -5.014038 -4.673883 -4.691842 -4.922721 -4.599599 -5.827753 -6.046740 -5.764341
43.153820 -3.713433 -4.794711 -4.995179 -4.650002 -4.683007 -4.912696 -4.585378 -5.819778 -6.045747 -5.758291
43.193820 -3.703457 -4.779441 -4.974892 -4.628097 -4.673962 -4.897975 -4.575149 -5.813754 -6.038113 -5.752825
43.233820 -3.692587 -4.766636 -4.953717 -4.604437 -4.663611 -4.891437 -4.564451 -5.803379 -6.035906 -5.738522
43.273820 -3.681982 -4.753498 -4.937338 -4.579482 -4.652486 -4.876088 -4.551254 -5.800132 -6.023553 -5.727213
43.313820 -3.670835 -4.740532 -4.924729 -4.557364 -4.641617 -4.864924 -4.540281 -5.790673 -6.022790 -5.713177
43.353820 -3.659193 -4.722977 -4.906699 -4.532482 -4.630578 -4.842868 -4.525102 -5.786383 -6.010950 -5.701601
43.393820 -3.647854 -4.708180 -4.894849 -4.511370 -4.619842 -4.824023 -4.513893 -5.778033 -6.007622 -5.682469
43.433820 -3.635012 -4.691852 -4.871782 -4.484177 -4.607483 -4.799935 -4.497422 -5.769010 -5.990900 -5.665927
43.473820 -3.622539 -4.676691 -4.853363 -4.459797 -4.595387 -4.777800 -4.484933 -5.759508 -5.979161 -5.653815
43.513820 -3.609583 -4.659086 -4.837488 -4.436227 -4.582938 -4.761786 -4.469385 -5.752689 -5.969874 -5.647825
43.553820 -3.596198 -4.639999 -4.820980 -4.414421 -4.570329 -4.740107 -4.454681 -5.746166 -5.954121 -5.640077
43.593820 -3.583214 -4.622811 -4.805809 -4.393272 -4.558155 -4.725894 -4.439524 -5.736973 -5.951541 -5.633550
43.633820 -3.568576 -4.604909 -4.786367 -4.370711 -4.543990 -4.710381 -4.422877 -5.726323 -5.933404 -5.620908
43.673820 -3.554416 -4.587243 -4.770485 -4.350634 -4.530599 -4.700467 -4.407960 -5.714944 -5.926074 -5.617363
43.713820 -3.539344 -4.566669 -4.750541 -4.327921 -4.516239 -4.684532 -4.392359 -5.707472 -5.911018 -5.604376
43.753820 -3.523467 -4.545391 -4.731822 -4.304814 -4.501501 -4.663641 -4.377640 -5.696582 -5.903156 -5.601243
43.793820 -3.508150 -4.525980 -4.711358 -4.279027 -4.486616 -4.642950 -4.357458 -5.687932 -5.883306 -5.591466
43.833820 -3.490544 -4.505479 -4.688366 -4.253668 -4.469279 -4.626028 -4.334386 -5.675393 -5.871722 -5.586304
43.873820 -3.473624 -4.485095 -4.666366 -4.227254 -4.452698 -4.608441 -4.313014 -5.664570 -5.859369 -5.565358
43.913820 -3.456058 -4.463700 -4.652087 -4.200272 -4.435552 -4.592191 -4.292793 -5.653622 -5.849403 -5.547220
43.953820 -3.437947 -4.441319 -4.642435 -4.174979 -4.417983 -4.571752 -4.269924 -5.642620 -5.837675 -5.525170
43.993820 -3.420562 -4.422960 -4.620794 -4.150953 -4.399899 -4.553943 -4.249863 -5.632471 -5.826232 -5.511067
44.033820 -3.401128 -4.401511 -4.593199 -4.129052 -4.380405 -4.532520 -4.228969 -5.618716 -5.813543 -5.491998
44.073820 -3.382527 -4.381122 -4.566075 -4.106726 -4.361986 -4.512787 -4.204052 -5.603595 -5.784993 -5.472134
44.113820 -3.363135 -4.357928 -4.541385 -4.088382 -4.343413 -4.489392 -4.184653 -5.588710 -5.761102 -5.461946
44.153820 -3.343086 -4.335995 -4.514322 -4.065094 -4.323161 -4.465569 -4.157265 -5.575282 -5.739344 -5.441500
44.193820 -3.323922 -4.317042 -4.488640 -4.044446 -4.303014 -4.446325 -4.136731 -5.562617 -5.728954 -5.420453
44.233820 -3.302575 -4.294691 -4.463040 -4.021211 -4.281425 -4.421399 -4.110568 -5.545891 -5.711986 -5.393570
44.273820 -3.282229 -4.273780 -4.440301 -3.999425 -4.261037 -4.400417 -4.083547 -5.527466 -5.694335 -5.368102
44.313820 -3.261333 -4.250900 -4.419031 -3.981116 -4.240313 -4.376549 -4.051246 -5.511029 -5.678311 -5.341452
44.353820 -3.240007 -4.231577 -4.397192 -3.963259 -4.217628 -4.345112 -4.020695 -5.494060 -5.657984 -5.312236
44.393820 -3.219679 -4.213848 -4.376794 -3.951952 -4.195648 -4.319520 -3.998151 -5.478681 -5.644618 -5.290537
44.433820 -3.197799 -4.195169 -4.356799 -3.939516 -4.172569 -4.286118 -3.984329 -5.456627 -5.621795 -5.267099
44.473820 -3.176969 -4.176488 -4.341855 -3.939644 -4.150862 -4.259561 -3.975555 -5.436295 -5.604342 -5.246238
44.513820 -3.156066 -4.158230 -4.322561 -3.937589 -4.128663 -4.227844 -3.961042 -5.417740 -5.583536 -5.220866
44.553820 -3.135145 -4.144001 -4.306025 -3.938458 -4.104972 -4.200190 -3.941928 -5.399136 -5.564062 -5.187285
44.593820 -3.115185 -4.129994 -4.288713 -3.941861 -4.082634 -4.172560 -3.924497 -5.380933 -5.541594 -5.158159
44.633820 -3.094657 -4.115906 -4.271921 -3.944466 -4.060409 -4.148028 -3.905367 -5.355721 -5.515438 -5.127396
44.673820 -3.075055 -4.102515 -4.255116 -3.950991 -4.038873 -4.126256 -3.885638 -5.334285 -5.493684 -5.101795
44.713820 -3.055938 -4.091759 -4.235073 -3.954139 -4.017137 -4.101394 -3.862890 -5.313325 -5.471231 -5.071052
44.753820 -3.037280 -4.083802 -4.229961 -3.959436 -3.994989 -4.080056 -3.844106 -5.294223 -5.451752 -5.048001
44.793820 -3.019390 -4.075265 -4.224744 -3.963718 -3.974660 -4.058734 -3.825071 -5.271812 -5.427184 -5.019653
44.833820 -3.002419 -4.069293 -4.224054 -3.961463 -3.955188 -4.036990 -3.809326 -5.247464 -5.407112 -4.996641
44.873820 -2.986086 -4.063363 -4.229218 -3.961520 -3.936471 -4.014284 -3.790605 -5.225132 -5.384135 -4.970778
44.913820 -2.970824 -4.062329 -4.234155 -3.979608 -3.917861 -3.995990 -3.774395 -5.203538 -5.361227 -4.947156
44.953820 -2.956542 -4.063145 -4.241045 -3.986822 -3.900194 -3.974832 -3.773413 -5.182685 -5.337295 -4.923454
44.993820 -2.942716 -4.063603 -4.237358 -3.993146 -3.884134 -3.958789 -3.780111 -5.156600 -5.308924 -4.897559
45.033820 -2.931097 -4.066847 -4.236175 -4.005854 -3.870381 -3.947307 -3.777112 -5.132228 -5.282841 -4.878042
45.073820 -2.919782 -4.070567 -4.239442 -4.011045 -3.856896 -3.931536 -3.774813 -5.109481 -5.256800 -4.855842
45.113820 -2.909764 -4.078815 -4.245526 -4.024538 -3.844177 -3.922827 -3.771158 -5.087708 -5.231738 -4.838013
45.153820 -2.900962 -4.087312 -4.255889 -4.045644 -3.833227 -3.924378 -3.764729 -5.066485 -5.205091 -4.818479
45.193820 -2.892335 -4.096941 -4.274761 -4.047647 -3.823290 -3.912476 -3.762244 -5.039947 -5.177803 -4.803006
45.233820 -2.886672 -4.108760 -4.293007 -4.062081 -3.816468 -3.905074 -3.760003 -5.018185 -5.155990 -4.785377
45.273820 -2.881083 -4.122006 -4.305294 -4.082713 -3.809638 -3.892787 -3.754077 -4.996854 -5.128253 -4.762809
45.313820 -2.877303 -4.138734 -4.320747 -4.102713 -3.804523 -3.898675 -3.754448 -4.977560 -5.106976 -4.744083
45.353820 -2.875288 -4.155608 -4.334519 -4.117918 -3.802102 -3.903469 -3.752551 -4.957920 -5.091190 -4.726282
45.393820 -2.873281 -4.173342 -4.350548 -4.140421 -3.800208 -3.899406 -3.756917 -4.936139 -5.079467 -4.719601
45.433820 -2.874771 -4.193718 -4.369390 -4.167906 -3.801811 -3.897557 -3.763546 -4.920234 -5.071517 -4.719917
45.473820 -2.876266 -4.215512 -4.394018 -4.195359 -3.803503 -3.911823 -3.773640 -4.904153 -5.058603 -4.719812
45.513820 -2.879528 -4.238402 -4.424332 -4.224038 -3.807131 -3.928483 -3.781170 -4.890898 -5.053076 -4.730400
45.553820 -2.884598 -4.262372 -4.456991 -4.254036 -3.813592 -3.946348 -3.793292 -4.876384 -5.045340 -4.732404
45.593820 -2.889728 -4.286422 -4.483888 -4.281743 -3.820208 -3.957463 -3.806235 -4.862885 -5.032262 -4.728499
45.633820 -2.898357 -4.313057 -4.518199 -4.312805 -3.830793 -3.972896 -3.821771 -4.852673 -5.016916 -4.721558
45.673820 -2.907162 -4.340916 -4.552017 -4.344569 -3.841779 -3.996358 -3.836970 -4.842416 -5.001498 -4.725152
45.713820 -2.917661 -4.367513 -4.584289 -4.376483 -3.854395 -4.019704 -3.849361 -4.836739 -5.000610 -4.731384
45.753820 -2.929976 -4.396318 -4.616460 -4.410123 -3.869422 -4.045042 -3.871959 -4.831406 -4.996349 -4.727224
45.793820 -2.942651 -4.424963 -4.650016 -4.443087 -3.884769 -4.065809 -3.888022 -4.827795 -4.991183 -4.721932
45.833820 -2.958097 -4.455623 -4.687273 -4.479138 -3.903221 -4.090045 -3.902766 -4.826993 -4.988123 -4.721717
45.873820 -2.974113 -4.486588 -4.724444 -4.510675 -3.922271 -4.115400 -3.917677 -4.827608 -4.985898 -4.720994
45.913820 -2.991510 -4.518017 -4.761876 -4.540776 -3.943145 -4.146683 -3.935671 -4.829308 -4.985274 -4.731258
45.953820 -3.010436 -4.550472 -4.798213 -4.572066 -3.965976 -4.177046 -3.953762 -4.832205 -4.993532 -4.747957
45.993820 -3.030224 -4.581920 -4.833263 -4.608652 -3.989548 -4.203408 -3.971762 -4.837638 -5.003252 -4.760347
46.033820 -3.051493 -4.615050 -4.866867 -4.646852 -4.014829 -4.230971 -3.991694 -4.844513 -5.016631 -4.783370
46.073820 -3.073857 -4.648387 -4.904723 -4.684763 -4.040942 -4.258741 -4.013004 -4.854043 -5.030613 -4.801126
46.113820 -3.097223 -4.682767 -4.945319 -4.720645 -4.068425 -4.288709 -4.036979 -4.864160 -5.046808 -4.813866
46.153820 -3.121693 -4.716871 -4.986850 -4.757523 -4.097043 -4.320064 -4.063682 -4.876178 -5.061394 -4.835578
46.193820 -3.147624 -4.752203 -5.027772 -4.797182 -4.127081 -4.352864 -4.094686 -4.890291 -5.078611 -4.852115
46.233820 -3.173692 -4.787685 -5.067352 -4.835813 -4.157101 -4.385442 -4.124870 -4.905331 -5.094386 -4.862965
46.273820 -3.201424 -4.824748 -5.108100 -4.875462 -4.188371 -4.420088 -4.153175 -4.923342 -5.115335 -4.883597
46.313820 -3.229759 -4.862727 -5.149156 -4.914326 -4.220284 -4.454272 -4.181427 -4.942125 -5.137592 -4.902867
46.353820 -3.258692 -4.901936 -5.191495 -4.955194 -4.252462 -4.489117 -4.213734 -4.962379 -5.158769 -4.925980
46.393820 -3.289691 -4.943274 -5.235543 -4.992646 -4.286703 -4.525387 -4.248554 -4.984957 -5.182189 -4.949238
46.433820 -3.319445 -4.983915 -5.278571 -5.028015 -4.319088 -4.560370 -4.282155 -5.007637 -5.208036 -4.972648
46.473820 -3.351387 -5.026813 -5.322226 -5.065861 -4.353603 -4.597342 -4.318185 -5.032794 -5.240247 -5.000149
46.513820 -3.383705 -5.070644 -5.365533 -5.111979 -4.388418 -4.634425 -4.355031 -5.058562 -5.272597 -5.028022
46.553820 -3.416290 -5.115207 -5.409478 -5.158410 -4.423399 -4.672146 -4.392126 -5.084882 -5.305126 -5.057373
46.593820 -3.451520 -5.162916 -5.456135 -5.203832 -4.460715 -4.713300 -4.431520 -5.114495 -5.339539 -5.088931
46.633820 -3.484466 -5.208995 -5.503837 -5.249744 -4.495630 -4.754121 -4.470043 -5.142081 -5.371991 -5.119072
46.673820 -3.520117 -5.257856 -5.555260 -5.299903 -4.533318 -4.796558 -4.511299 -5.172381 -5.405566 -5.150958
46.713820 -3.555932 -5.307892 -5.607648 -5.358668 -4.571256 -4.835579 -4.552811 -5.202701 -5.439682 -5.184322
46.753820 -3.591680 -5.358272 -5.659870 -5.417068 -4.609152 -4.872931 -4.592566 -5.233008 -5.472983 -5.217471
46.793820 -3.630636 -5.412962 -5.715579 -5.474291 -4.650606 -4.914980 -4.636628 -5.265964 -5.509732 -5.254353
46.833820 -3.666417 -5.464899 -5.768307 -5.525128 -4.688962 -4.957033 -4.677037 -5.295741 -5.542844 -5.287501
46.873820 -3.705413 -5.520888 -5.827555 -5.583267 -4.730560 -5.002361 -4.721113 -5.328776 -5.578994 -5.323686
46.913820 -3.744564 -5.577697 -5.891685 -5.635707 -4.772425 -5.048369 -4.768782 -5.361899 -5.614117 -5.360262
46.953820 -3.783555 -5.634674 -5.955633 -5.687932 -4.814280 -5.094012 -4.811946 -5.394781 -5.647133 -5.395793
46.993820 -3.826394 -5.696371 -6.024276 -5.747721 -4.860329 -5.144146 -4.858891 -5.431102 -5.684083 -5.435709
47.033820 -3.865365 -5.754262 -6.089019 -5.802671 -4.902568 -5.189667 -4.903069 -5.463665 -5.716005 -5.470703
47.073820 -3.908182 -5.816868 -6.157859 -5.861246 -4.948973 -5.239272 -4.950814 -5.499746 -5.758255 -5.510014
47.113820 -3.951187 -5.879698 -6.220916 -5.919777 -4.995615 -5.288965 -4.993736 -5.536158 -5.800399 -5.548893
47.153820 -3.993958 -5.942744 -6.281781 -5.980057 -5.042481 -5.338649 -5.036840 -5.571889 -5.839041 -5.587516
47.193820 -4.041405 -6.010869 -6.346961 -6.049587 -5.094162 -5.392954 -5.083996 -5.612314 -5.881436 -5.630590
47.233820 -4.084084 -6.074313 -6.408111 -6.114512 -5.141573 -5.442394 -5.126456 -5.647555 -5.920027 -5.668596
47.273820 -4.131419 -6.142712 -6.474318 -6.184782 -5.193861 -5.496474 -5.179173 -5.687408 -5.962742 -5.711413
47.313820 -4.178965 -6.210869 -6.541263 -6.255488 -5.246689 -5.550766 -5.232718 -5.727349 -6.005202 -5.753830
47.353820 -4.226131 -6.279210 -6.607656 -6.325789 -5.299569 -5.609311 -5.283782 -5.766634 -6.049394 -5.796241
47.393820 -4.279050 -6.352914 -6.679350 -6.395174 -5.358261 -5.670183 -5.340924 -5.811897 -6.101016 -5.843918
47.433820 -4.325930 -6.420607 -6.745434 -6.457363 -5.411410 -5.724941 -5.392822 -5.850840 -6.147020 -5.885684
47.473820 -4.378491 -6.493903 -6.816384 -6.524430 -5.470354 -5.785669 -5.448038 -5.895627 -6.198235 -5.932957
47.513820 -4.431213 -6.566616 -6.889813 -6.590918 -5.529886 -5.846270 -5.507082 -5.940438 -6.249243 -5.980402
47.553820 -4.483232 -6.638851 -6.967608 -6.657098 -5.588709 -5.906412 -5.562778 -5.984826 -6.293649 -6.027128
47.593820 -4.542341 -6.717896 -7.053349 -6.729261 -5.654865 -5.972224 -5.625299 -6.036350 -6.345417 -6.081494
47.633820 -4.593616 -6.789425 -7.131421 -6.794706 -5.713269 -6.031627 -5.680285 -6.080221 -6.390161 -6.130734
47.673820 -4.651765 -6.868129 -7.216480 -6.866547 -5.778664 -6.100613 -5.741517 -6.131112 -6.441431 -6.183365
47.713820 -4.709963 -6.947120 -7.302308 -6.942318 -5.844177 -6.169553 -5.802611 -6.182241 -6.492764 -6.236309
47.753820 -4.766958 -7.025556 -7.387320 -7.013374 -5.908423 -6.237419 -5.866516 -6.232449 -6.542887 -6.287807
47.793820 -4.832578 -7.111665 -7.482362 -7.091771 -5.981484 -6.313476 -5.935075 -6.291382 -6.602710 -6.346231
47.833820 -4.888220 -7.188616 -7.567424 -7.161154 -6.044452 -6.379879 -5.993356 -6.340636 -6.652297 -6.394291
47.873820 -4.952052 -7.272793 -7.661805 -7.236372 -6.115705 -6.453803 -6.059558 -6.398241 -6.709976 -6.451055
47.913820 -5.015776 -7.357981 -7.755626 -7.311514 -6.186614 -6.527979 -6.125542 -6.456094 -6.767772 -6.511656
47.953820 -5.077622 -7.439183 -7.849066 -7.384535 -6.255873 -6.599436 -6.189156 -6.512132 -6.823985 -6.570565
47.993820 -5.149760 -7.531125 -7.954211 -7.476400 -6.335342 -6.679757 -6.264852 -6.578693 -6.894615 -6.640294
48.033820 -5.209483 -7.609613 -8.048679 -7.551497 -6.402594 -6.746802 -6.327263 -6.632895 -6.952476 -6.697231
48.073820 -5.278748 -7.697520 -8.153047 -7.635959 -6.479132 -6.824018 -6.399715 -6.696980 -7.020560 -6.764196
48.113820 -5.347747 -7.786021 -8.257541 -7.718436 -6.555797 -6.900643 -6.474044 -6.760687 -7.087602 -6.829231
48.153820 -5.414108 -7.872195 -8.361825 -7.798185 -6.629379 -6.975894 -6.542473 -6.822192 -7.152960 -6.892619
48.193820 -5.492471 -7.972635 -8.479566 -7.889672 -6.715360 -7.062329 -6.621884 -6.895568 -7.231062 -6.967538
48.233820 -5.555969 -8.058116 -8.583902 -7.971996 -6.785844 -7.135957 -6.687200 -6.954604 -7.292214 -7.023131
48.273820 -5.630367 -8.156695 -8.702262 -8.068746 -6.867372 -7.225944 -6.763768 -7.024557 -7.359128 -7.088865
48.313820 -5.704393 -8.255243 -8.821585 -8.165346 -6.948380 -7.316340 -6.846155 -7.094343 -7.424522 -7.153197
48.353820 -5.775025 -8.352487 -8.940557 -8.254139 -7.025875 -7.406411 -6.926285 -7.160898 -7.486656 -7.214943
48.393820 -5.859419 -8.463580 -9.074442 -8.357732 -7.117297 -7.510491 -7.020418 -7.241239 -7.570340 -7.289825
48.433820 -5.926468 -8.559117 -9.193594 -8.442135 -7.190743 -7.598422 -7.097447 -7.304660 -7.639778 -7.348775
48.473820 -6.005791 -8.665438 -9.326834 -8.539081 -7.276993 -7.698733 -7.186326 -7.380193 -7.715992 -7.423602
48.513820 -6.084681 -8.772923 -9.462554 -8.643521 -7.362426 -7.800893 -7.267764 -7.455573 -7.798733 -7.499751
48.553820 -6.159409 -8.874796 -9.593648 -8.744307 -7.444637 -7.898987 -7.342353 -7.526438 -7.868917 -7.572668
48.593820 -6.249724 -8.995048 -9.743633 -8.862691 -7.542737 -8.015136 -7.434757 -7.612837 -7.953887 -7.661220
48.633820 -6.320145 -9.094985 -9.873316 -8.962664 -7.622104 -8.111646 -7.506380 -7.678928 -8.022419 -7.722129
48.673820 -6.404236 -9.211179 -10.021736 -9.078664 -7.715317 -8.224236 -7.593730 -7.758735 -8.099201 -7.796492
48.713820 -6.487888 -9.329169 -10.170543 -9.195911 -7.809009 -8.337191 -7.680233 -7.837837 -8.174220 -7.870040
48.753820 -6.566622 -9.444601 -10.320426 -9.310540 -7.898417 -8.446732 -7.762323 -7.911908 -8.248191 -7.938815
48.793820 -6.662862 -9.581301 -10.490495 -9.446234 -8.006020 -8.575771 -7.863759 -8.003365 -8.342704 -8.024976
48.833820 -6.736851 -9.697204 -10.642536 -9.560127 -8.091944 -8.684251 -7.941719 -8.072532 -8.415132 -8.088898
48.873820 -6.826087 -9.833228 -10.815569 -9.694649 -8.193524 -8.811316 -8.038062 -8.156971 -8.505283 -8.172347
48.913820 -6.915033 -9.969323 -10.991905 -9.827898 -8.294954 -8.938377 -8.132762 -8.241266 -8.593177 -8.253643
48.953820 -6.998381 -10.105570 -11.167698 -9.961116 -8.391799 -9.062285 -8.224560 -8.319794 -8.677914 -8.330528
48.993820 -7.101617 -10.258578 -11.368292 -10.107867 -8.507940 -9.207096 -8.336273 -8.418620 -8.781174 -8.426314
49.033820 -7.179744 -10.391424 -11.548125 -10.229632 -8.600681 -9.325689 -8.426688 -8.491975 -8.861051 -8.498218
49.073820 -7.275076 -10.538671 -11.749158 -10.376958 -8.710990 -9.461491 -8.535055 -8.582648 -8.957761 -8.586545
49.113820 -7.370343 -10.689435 -11.951458 -10.528178 -8.822778 -9.600180 -8.642362 -8.673026 -9.054947 -8.671340
49.153820 -7.459121 -10.832484 -12.150463 -10.676772 -8.929673 -9.734021 -8.744790 -8.756727 -9.146062 -8.749656
49.193820 -7.570837 -11.001223 -12.380902 -10.847745 -9.060300 -9.894723 -8.871001 -8.863430 -9.260323 -8.850704
49.233820 -7.653770 -11.141577 -12.580695 -10.994172 -9.164319 -10.031311 -8.970568 -8.941100 -9.349589 -8.926013
49.273820 -7.756370 -11.304168 -12.817432 -11.160139 -9.288568 -10.187801 -9.091103 -9.038621 -9.459220 -9.017288
49.313820 -7.859164 -11.471478 -13.038799 -11.328615 -9.415622 -10.349856 -9.212948 -9.136088 -9.570565 -9.107396
49.353820 -7.954154 -11.634999 -13.275694 -11.491857 -9.535326 -10.504348 -9.329010 -9.226012 -9.674096 -9.197526
49.393820 -8.075912 -11.831840 -13.527790 -11.677853 -9.683564 -10.692835 -9.472590 -9.342716 -9.805917 -9.316583
49.433820 -8.164244 -11.998450 -13.761545 -11.828475 -9.798150 -10.847996 -9.585657 -9.426387 -9.904343 -9.403477
49.473820 -8.275252 -12.195775 -14.021068 -11.998485 -9.936903 -11.030248 -9.721350 -9.532818 -10.025607 -9.511839
49.513820 -8.386802 -12.398387 -14.274885 -12.173574 -10.076034 -11.213332 -9.860532 -9.640144 -10.148048 -9.618896
49.553820 -8.488723 -12.600160 -14.539461 -12.339992 -10.207055 -11.391195 -9.990338 -9.737934 -10.261493 -9.716263
49.593820 -8.622143 -12.836218 -14.823355 -12.544006 -10.370157 -11.602721 -10.154690 -9.867455 -10.407717 -9.845480
49.633820 -8.716400 -13.041076 -15.092912 -12.718405 -10.495179 -11.777947 -10.277313 -9.957977 -10.514113 -9.936797
49.673820 -8.836954 -13.272483 -15.380537 -12.926411 -10.648792 -11.979380 -10.425785 -10.074838 -10.647414 -10.050005
49.713820 -8.958623 -13.515424 -15.681034 -13.134535 -10.804832 -12.186580 -10.579113 -10.192985 -10.781986 -10.166509
49.753820 -9.068360 -13.743970 -15.979350 -13.332302 -10.952093 -12.381337 -10.720987 -10.299214 -10.906168 -10.270822
49.793820 -9.215557 -14.020770 -16.305630 -13.573038 -11.138929 -12.620085 -10.904704 -10.443047 -11.067322 -10.411307
49.833820 -9.316246 -14.249899 -16.608900 -13.760926 -11.283168 -12.808566 -11.041900 -10.540406 -11.182505 -10.504247
49.873820 -9.447557 -14.521753 -16.940334 -13.989407 -11.461479 -13.032385 -11.215052 -10.668503 -11.327432 -10.628225
49.913820 -9.580740 -14.802322 -17.281850 -14.213780 -11.645714 -13.258055 -11.388553 -10.798591 -11.480099 -10.753960
49.953820 -9.698801 -15.073989 -17.641486 -14.431064 -11.817916 -13.468926 -11.552503 -10.913764 -11.619897 -10.864379
49.993820 -9.861456 -15.400774 -18.003967 -14.697300 -12.036665 -13.735960 -11.759080 -11.073801 -11.804954 -11.021775
50.033820 -9.968760 -15.664602 -18.424820 -14.912087 -12.203065 -13.936416 -11.914154 -11.178703 -11.934095 -11.121967
50.073820 -10.111594 -15.996505 -18.863119 -15.172217 -12.408434 -14.182534 -12.095005 -11.319339 -12.101035 -11.260364
50.113820 -10.257457 -16.301780 -19.382695 -15.442221 -12.618644 -14.433561 -12.279398 -11.463258 -12.270158 -11.399459
50.153820 -10.384390 -16.642119 -19.822711 -15.705261 -12.811046 -14.674466 -12.447351 -11.588494 -12.424864 -11.522711
50.193820 -10.564495 -16.984894 -20.387895 -16.036948 -13.058495 -14.971906 -12.671604 -11.767107 -12.628739 -11.696702
50.233820 -10.678825 -17.337810 -20.938612 -16.316563 -13.242690 -15.216158 -12.828319 -11.880119 -12.767548 -11.807464
50.273820 -10.834446 -17.680541 -21.477741 -16.642602 -13.471159 -15.493706 -13.033320 -12.034577 -12.933673 -11.959108
50.313820 -10.994819 -18.116692 -22.227450 -17.017351 -13.705930 -15.788629 -13.238369 -12.193950 -13.123243 -12.116360
50.353820 -11.131455 -18.480840 -22.735097 -17.337786 -13.920819 -16.059427 -13.427253 -12.329706 -13.289330 -12.250757
50.393820 -11.331931 -19.014475 -23.553519 -17.827948 -14.198154 -16.404277 -13.674142 -12.529460 -13.521430 -12.447443
50.433820 -11.454028 -19.399904 -24.054373 -18.137506 -14.404877 -16.682920 -13.851028 -12.650898 -13.671635 -12.568047
50.473820 -11.624492 -19.993787 -25.148684 -18.670036 -14.656083 -17.008675 -14.073466 -12.820843 -13.873714 -12.734050
50.513820 -11.802737 -20.452515 -25.683042 -19.058436 -14.923203 -17.386424 -14.309942 -12.998619 -14.082331 -12.911451
50.553820 -11.951661 -21.101889 -26.959647 -19.565412 -15.157664 -17.692530 -14.518550 -13.147173 -14.265371 -13.058853
50.593820 -12.180105 -21.636981 -27.586302 -20.080438 -15.479997 -18.187357 -14.807240 -13.375288 -14.525725 -13.289445
50.633820 -12.313689 -22.449664 -29.106538 -20.479594 -15.711702 -18.486246 -15.010684 -13.508596 -14.690726 -13.420252
50.673820 -12.507607 -22.916235 -29.743200 -21.074203 -16.006410 -18.998742 -15.269439 -13.702289 -14.919747 -13.615463
50.713820 -12.716251 -24.059933 -31.437928 -21.586341 -16.326628 -19.436709 -15.562526 -13.910737 -15.163752 -13.822713
50.753820 -12.885997 -24.441807 -32.327839 -22.224604 -16.602560 -19.959093 -15.799643 -14.080339 -15.371766 -13.993366
50.793820 -13.168529 -25.812170 -33.955597 -22.885613 -17.014535 -20.553238 -16.178501 -14.362736 -15.695445 -14.272050
