#Fractions of galaxies hosting AGNs above 1e45 erg/s from TRINITY PaperIV (arXiv:2309.07210)
#z: 7.00
#log10(Mstar [Msun]) np.log10(f_best) np.log10(f_16th) np.log10(f_84th)
8.000000 -46.815480 -18.247248
8.100000 -42.459418 -16.189442
8.200000 -37.644144 -14.305502
8.300000 -33.029665 -12.638697
8.400000 -28.932270 -11.133438
8.500000 -25.150745 -9.768224
8.600000 -21.459781 -8.563948
8.700000 -18.053246 -7.447674
8.800000 -15.012689 -6.394745
8.900000 -12.587802 -5.452111
9.000000 -10.462748 -4.588648
9.100000 -8.700113 -3.918446
9.200000 -7.160849 -3.285942
9.300000 -5.865669 -2.729909
9.400000 -4.741166 -2.292390
9.500000 -3.788937 -1.957492
9.600000 -3.008393 -1.661970
9.700000 -2.388447 -1.402204
9.800000 -1.922307 -1.165383
9.900000 -1.526232 -0.930746
10.000000 -1.236396 -0.719675
10.100000 -0.994951 -0.532375
10.200000 -0.757740 -0.375336
10.300000 -0.557638 -0.250653
10.400000 -0.380707 -0.168491
10.500000 -0.271112 -0.108250
10.600000 -0.177731 -0.075577
10.700000 -0.130530 -0.053515
10.800000 -0.093947 -0.038810
10.900000 -0.075816 -0.030369
11.000000 -0.063259 -0.023319
11.100000 -0.053273 -0.018647
11.200000 -0.046516 -0.014131
11.300000 -0.041067 -0.011483
11.400000 -0.036549 -0.009756
11.500000 -0.032659 -0.008079
11.600000 -0.029415 -0.006734
11.700000 -0.026322 -0.005883
11.800000 -0.023683 -0.004973
11.900000 -0.021554 -0.004175
12.000000 -0.019461 -0.003655
12.100000 -0.017555 -0.003313
