#Fractions of galaxies hosting AGNs above 1e45 erg/s from TRINITY PaperIV (arXiv:2309.07210)
#z: 6.00
#log10(Mstar [Msun]) np.log10(f_best) np.log10(f_16th) np.log10(f_84th)
8.000000 -37.838524 -16.063682
8.100000 -33.691164 -14.306922
8.200000 -29.695433 -12.715666
8.300000 -26.127719 -11.264243
8.400000 -23.077181 -9.948254
8.500000 -19.978221 -8.759338
8.600000 -16.863313 -7.712442
8.700000 -14.428497 -6.720650
8.800000 -12.107402 -5.799881
8.900000 -10.056237 -4.990775
9.000000 -8.393057 -4.274763
9.100000 -7.033189 -3.669247
9.200000 -5.869862 -3.142721
9.300000 -4.887284 -2.658328
9.400000 -4.000174 -2.254133
9.500000 -3.253058 -1.950325
9.600000 -2.666602 -1.704036
9.700000 -2.188309 -1.471026
9.800000 -1.807940 -1.249036
9.900000 -1.530848 -1.049820
10.000000 -1.287586 -0.845959
10.100000 -1.021800 -0.648148
10.200000 -0.789139 -0.481403
10.300000 -0.598682 -0.341332
10.400000 -0.437948 -0.227910
10.500000 -0.299578 -0.158909
10.600000 -0.219759 -0.114752
10.700000 -0.164942 -0.084430
10.800000 -0.129044 -0.063457
10.900000 -0.104324 -0.047388
11.000000 -0.087673 -0.038649
11.100000 -0.077043 -0.030872
11.200000 -0.068764 -0.024604
11.300000 -0.061584 -0.020582
11.400000 -0.055375 -0.017444
11.500000 -0.050132 -0.015209
11.600000 -0.045947 -0.013139
11.700000 -0.042221 -0.011524
11.800000 -0.038911 -0.010351
11.900000 -0.035959 -0.009420
12.000000 -0.033252 -0.008523
12.100000 -0.030716 -0.007721
