#Fractions of galaxies hosting AGNs above 1e45 erg/s from TRINITY PaperIV (arXiv:2309.07210)
#z: 10.00
#log10(Mstar [Msun]) np.log10(f_best) np.log10(f_16th) np.log10(f_84th)
8.000000 -74.223075 -25.211798
8.100000 -68.155667 -22.350026
8.200000 -62.023168 -19.807077
8.300000 -55.941351 -17.443171
8.400000 -49.233843 -15.067462
8.500000 -42.972534 -12.939950
8.600000 -37.650889 -11.029658
8.700000 -32.534243 -9.293311
8.800000 -27.746322 -7.791655
8.900000 -23.430235 -6.694177
9.000000 -19.474354 -5.507845
9.100000 -16.080919 -4.458538
9.200000 -13.142668 -3.632393
9.300000 -10.517506 -2.935735
9.400000 -8.343364 -2.329267
9.500000 -6.535766 -1.813511
9.600000 -5.031489 -1.435182
9.700000 -3.801474 -1.161350
9.800000 -2.777749 -0.849046
9.900000 -2.115511 -0.627765
10.000000 -1.579986 -0.422675
10.100000 -1.197737 -0.274198
10.200000 -0.815956 -0.183636
10.300000 -0.576396 -0.123678
10.400000 -0.369854 -0.078310
10.500000 -0.230812 -0.049492
10.600000 -0.153304 -0.028777
10.700000 -0.114731 -0.019338
10.800000 -0.072867 -0.014005
10.900000 -0.052506 -0.010200
11.000000 -0.041703 -0.007631
11.100000 -0.030567 -0.005895
11.200000 -0.023967 -0.004707
11.300000 -0.018639 -0.003533
11.400000 -0.015607 -0.002821
11.500000 -0.013127 -0.002167
11.600000 -0.011302 -0.001609
11.700000 -0.009676 -0.001279
11.800000 -0.008250 -0.001074
11.900000 -0.007073 -0.000875
12.000000 -0.005906 -0.000671
12.100000 -0.004877 -0.000512
