#Fractions of galaxies hosting AGNs above 1e45 erg/s from TRINITY PaperIV (arXiv:2309.07210)
#z: 9.00
#log10(Mstar [Msun]) np.log10(f_best) np.log10(f_16th) np.log10(f_84th)
8.000000 -64.747249 -23.547869
8.100000 -59.701356 -20.804653
8.200000 -53.519439 -18.330492
8.300000 -46.957206 -16.047849
8.400000 -42.001745 -13.947879
8.500000 -36.204909 -12.042330
8.600000 -31.009675 -10.340925
8.700000 -26.530779 -8.834925
8.800000 -22.736562 -7.461838
8.900000 -18.954253 -6.203666
9.000000 -15.767399 -5.167082
9.100000 -13.252146 -4.242160
9.200000 -10.856139 -3.495472
9.300000 -8.685823 -2.852756
9.400000 -7.029486 -2.288047
9.500000 -5.536360 -1.829024
9.600000 -4.257042 -1.533137
9.700000 -3.171657 -1.223076
9.800000 -2.339184 -0.951508
9.900000 -1.871037 -0.701927
10.000000 -1.457458 -0.488191
10.100000 -1.072219 -0.332652
10.200000 -0.751649 -0.212427
10.300000 -0.534938 -0.143633
10.400000 -0.342014 -0.095265
10.500000 -0.248249 -0.062120
10.600000 -0.175325 -0.040333
10.700000 -0.113328 -0.025765
10.800000 -0.075596 -0.019172
10.900000 -0.054249 -0.013872
11.000000 -0.040805 -0.010964
11.100000 -0.031718 -0.008503
11.200000 -0.027148 -0.006418
11.300000 -0.022832 -0.004924
11.400000 -0.019981 -0.003976
11.500000 -0.017258 -0.003020
11.600000 -0.014838 -0.002428
11.700000 -0.013007 -0.002009
11.800000 -0.011193 -0.001692
11.900000 -0.009618 -0.001346
12.000000 -0.008315 -0.001073
12.100000 -0.007189 -0.000871
