#Fractions of galaxies hosting AGNs above 1e45 erg/s from TRINITY PaperIV (arXiv:2309.07210)
#z: 8.00
#log10(Mstar [Msun]) np.log10(f_best) np.log10(f_16th) np.log10(f_84th)
8.000000 -55.338270 -20.716629
8.100000 -50.596541 -18.434401
8.200000 -45.521323 -16.323449
8.300000 -39.458479 -14.384534
8.400000 -34.997060 -12.617375
8.500000 -30.102723 -11.049124
8.600000 -25.668300 -9.585500
8.700000 -21.650497 -8.085802
8.800000 -18.046369 -6.760655
8.900000 -14.992914 -5.718268
9.000000 -12.693320 -4.848100
9.100000 -10.663091 -4.032173
9.200000 -8.583394 -3.355400
9.300000 -7.079508 -2.770406
9.400000 -5.720318 -2.258726
9.500000 -4.443447 -1.912633
9.600000 -3.523657 -1.585923
9.700000 -2.684848 -1.313776
9.800000 -2.058341 -1.077827
9.900000 -1.624216 -0.814085
10.000000 -1.278824 -0.613722
10.100000 -0.980671 -0.438037
10.200000 -0.745414 -0.289022
10.300000 -0.510325 -0.184020
10.400000 -0.359192 -0.123604
10.500000 -0.250396 -0.080756
10.600000 -0.166107 -0.054802
10.700000 -0.114528 -0.036410
10.800000 -0.080676 -0.026248
10.900000 -0.059925 -0.020131
11.000000 -0.046526 -0.015593
11.100000 -0.040335 -0.012396
11.200000 -0.035017 -0.009283
11.300000 -0.030361 -0.007420
11.400000 -0.026516 -0.006159
11.500000 -0.023229 -0.004975
11.600000 -0.020615 -0.004031
11.700000 -0.018175 -0.003364
11.800000 -0.016112 -0.002753
11.900000 -0.014285 -0.002280
12.000000 -0.012672 -0.001905
12.100000 -0.011189 -0.001676
