#Fractions of galaxies hosting AGNs above 1e45 erg/s from TRINITY PaperIV (arXiv:2309.07210)
#z: 11.00
#log10(Mstar [Msun]) np.log10(f_best) np.log10(f_16th) np.log10(f_84th)
8.000000 -85.061761 -27.601650
8.100000 -78.457753 -24.687212
8.200000 -71.889320 -21.624278
8.300000 -65.205189 -18.757752
8.400000 -57.231771 -16.145370
8.500000 -51.196524 -13.771534
8.600000 -44.644936 -11.671200
8.700000 -39.021912 -9.917177
8.800000 -33.956082 -8.504144
8.900000 -28.966754 -7.212767
9.000000 -23.855112 -5.943790
9.100000 -19.850973 -4.818154
9.200000 -16.352669 -3.822831
9.300000 -13.119820 -2.998918
9.400000 -10.325045 -2.362580
9.500000 -7.976541 -1.995080
9.600000 -6.085726 -1.471396
9.700000 -4.594336 -1.108557
9.800000 -3.397256 -0.811753
9.900000 -2.578127 -0.557762
10.000000 -1.948855 -0.378785
10.100000 -1.409526 -0.233629
10.200000 -1.130568 -0.161918
10.300000 -0.853290 -0.106544
10.400000 -0.624523 -0.063801
10.500000 -0.473349 -0.042594
10.600000 -0.312644 -0.025864
10.700000 -0.178167 -0.016508
10.800000 -0.111822 -0.010521
10.900000 -0.063452 -0.007891
11.000000 -0.041507 -0.006009
11.100000 -0.029634 -0.004417
11.200000 -0.022940 -0.003513
11.300000 -0.018523 -0.002775
11.400000 -0.015411 -0.002167
11.500000 -0.012617 -0.001656
11.600000 -0.009594 -0.001252
11.700000 -0.007842 -0.000912
11.800000 -0.006472 -0.000704
11.900000 -0.005291 -0.000505
12.000000 -0.004243 -0.000356
12.100000 -0.003157 -0.000243
