-25.000000 -11.564188 -11.564188 -11.564188 -11.564188
-24.900000 -11.339446 -11.339446 -11.339446 -11.339446
-24.799999 -11.101756 -11.101756 -11.101756 -11.101756
-24.700001 -10.870703 -10.870703 -10.870703 -10.870703
-24.600000 -10.648108 -10.648108 -10.648108 -10.648108
-24.500000 -10.433084 -10.433084 -10.433084 -10.433084
-24.400000 -10.225056 -10.225056 -10.225056 -10.225056
-24.299999 -10.023433 -10.023433 -10.023433 -10.023433
-24.200001 -9.827581 -9.827581 -9.827581 -9.827581
-24.100000 -9.637046 -9.637046 -9.637046 -9.637046
-24.000000 -9.451651 -9.451651 -9.451651 -9.451651
-23.900000 -9.270559 -9.270559 -9.270559 -9.270559
-23.799999 -9.093739 -9.093739 -9.093739 -9.093739
-23.700001 -8.922141 -8.922141 -8.922141 -8.922141
-23.600000 -8.753327 -8.753327 -8.753327 -8.753327
-23.500000 -8.588567 -8.588567 -8.588567 -8.588567
-23.400000 -8.426454 -8.426454 -8.426454 -8.426454
-23.299999 -8.267910 -8.267910 -8.267910 -8.267910
-23.200001 -8.112539 -8.112539 -8.112539 -8.112539
-23.100000 -7.960195 -7.960195 -7.960195 -7.960195
-23.000000 -7.810766 -7.810766 -7.810766 -7.810766
-22.900000 -7.664680 -7.664680 -7.664680 -7.664680
-22.799999 -7.520745 -7.520745 -7.520745 -7.520745
-22.700001 -7.379487 -7.379487 -7.379487 -7.379487
-22.600000 -7.241345 -7.241345 -7.241345 -7.241345
-22.500000 -7.104936 -7.104936 -7.104936 -7.104936
-22.400000 -6.970822 -6.970822 -6.970822 -6.970822
-22.299999 -6.838774 -6.838774 -6.838774 -6.838774
-22.200001 -6.708869 -6.708869 -6.708869 -6.708869
-22.100000 -6.580715 -6.580715 -6.580715 -6.580715
-22.000000 -6.453800 -6.453800 -6.453800 -6.453800
-21.900000 -6.327501 -6.327501 -6.327501 -6.327501
-21.799999 -6.212765 -6.212765 -6.212765 -6.212765
-21.700001 -6.091745 -6.091745 -6.091745 -6.091745
-21.600000 -5.973168 -5.973168 -5.973168 -5.973168
-21.500000 -5.856709 -5.856709 -5.856709 -5.856709
-21.400000 -5.742890 -5.742890 -5.742890 -5.742890
-21.299999 -5.633462 -5.633462 -5.633462 -5.633462
-21.200001 -5.534808 -5.534808 -5.534808 -5.534808
-21.100000 -5.432434 -5.432434 -5.432434 -5.432434
-21.000000 -5.333636 -5.333636 -5.333636 -5.333636
-20.900000 -5.238390 -5.238390 -5.238390 -5.238390
-20.799999 -5.148143 -5.148143 -5.148143 -5.148143
-20.700001 -5.061489 -5.061489 -5.061489 -5.061489
-20.600000 -4.974477 -4.974477 -4.974477 -4.974477
-20.500000 -4.889886 -4.889886 -4.889886 -4.889886
-20.400000 -4.808902 -4.808902 -4.808902 -4.808902
-20.299999 -4.741041 -4.741041 -4.741041 -4.741041
-20.200001 -4.664605 -4.664605 -4.664605 -4.664605
-20.100000 -4.588645 -4.588645 -4.588645 -4.588645
-20.000000 -4.513820 -4.513820 -4.513820 -4.513820
-19.900000 -4.440613 -4.440613 -4.440613 -4.440613
-19.799999 -4.370428 -4.370428 -4.370428 -4.370428
-19.700001 -4.300518 -4.300518 -4.300518 -4.300518
-19.600000 -4.236363 -4.236363 -4.236363 -4.236363
-19.500000 -4.169098 -4.169098 -4.169098 -4.169098
-19.400000 -4.103835 -4.103835 -4.103835 -4.103835
-19.299999 -4.039927 -4.039927 -4.039927 -4.039927
-19.200001 -3.975179 -3.975179 -3.975179 -3.975179
-19.100000 -3.911365 -3.911365 -3.911365 -3.911365
-19.000000 -3.848434 -3.848434 -3.848434 -3.848434
-18.900000 -3.786755 -3.786755 -3.786755 -3.786755
-18.799999 -3.729244 -3.729244 -3.729244 -3.729244
-18.700001 -3.668820 -3.668820 -3.668820 -3.668820
-18.600000 -3.609239 -3.609239 -3.609239 -3.609239
-18.500000 -3.550190 -3.550190 -3.550190 -3.550190
-18.400000 -3.492494 -3.492494 -3.492494 -3.492494
-18.299999 -3.434374 -3.434374 -3.434374 -3.434374
-18.200001 -3.378525 -3.378525 -3.378525 -3.378525
-18.100000 -3.321814 -3.321814 -3.321814 -3.321814
-18.000000 -3.266115 -3.266115 -3.266115 -3.266115
-17.900000 -3.210230 -3.210230 -3.210230 -3.210230
-17.799999 -3.156190 -3.156190 -3.156190 -3.156190
-17.700001 -3.101797 -3.101797 -3.101797 -3.101797
-17.600000 -3.048041 -3.048041 -3.048041 -3.048041
-17.500000 -2.994638 -2.994638 -2.994638 -2.994638
-17.400000 -2.941419 -2.941419 -2.941419 -2.941419
-17.299999 -2.889016 -2.889016 -2.889016 -2.889016
-17.200001 -2.837051 -2.837051 -2.837051 -2.837051
-17.100000 -2.785575 -2.785575 -2.785575 -2.785575
-17.000000 -2.734545 -2.734545 -2.734545 -2.734545
-16.900000 -2.683953 -2.683953 -2.683953 -2.683953
-16.799999 -2.632726 -2.632726 -2.632726 -2.632726
-16.700001 -2.583114 -2.583114 -2.583114 -2.583114
-16.600000 -2.533824 -2.533824 -2.533824 -2.533824
-16.500000 -2.485061 -2.485061 -2.485061 -2.485061
-16.400000 -2.436766 -2.436766 -2.436766 -2.436766
-16.299999 -2.387408 -2.387408 -2.387408 -2.387408
-16.200001 -2.339921 -2.339921 -2.339921 -2.339921
-16.100000 -2.293089 -2.293089 -2.293089 -2.293089
-16.000000 -2.246590 -2.246590 -2.246590 -2.246590
-15.900000 -2.200902 -2.200902 -2.200902 -2.200902
-15.800000 -2.154130 -2.154130 -2.154130 -2.154130
-15.700000 -2.109042 -2.109042 -2.109042 -2.109042
-15.600000 -2.064494 -2.064494 -2.064494 -2.064494
-15.500000 -2.019768 -2.019768 -2.019768 -2.019768
-15.400000 -1.975890 -1.975890 -1.975890 -1.975890
-15.300000 -1.933687 -1.933687 -1.933687 -1.933687
-15.200000 -1.891709 -1.891709 -1.891709 -1.891709
-15.100000 -1.848239 -1.848239 -1.848239 -1.848239
